25-29601,aHR0cDovL3RzaG9wLnIxMHMuanAvdHVrdXJ1dGFub3NpbWkvY2FiaW5ldC8yLTIvY3MyNS1hLmpwZz9maXRpbj03MDA6NzAw,NjQuMDAwMA==,,yNXTw8a362rYmz/OxLe/vt8/ytbcvyA+IMrW3L8/pa+l6aXVpcg/yfq12CA+ILXAvt8/pa2lw6XIID4gtMy/kLXAvt8gPiCkvaTOy/s=,9OkgtMykt6TlpKb06SCls6W5peIgMjW3rCA4bSBBIKXrpbeloqXz,Q1MyNS1hIPTpILTMpLek5aSm9OkgpbOluaXiIDI1t6wgOG0gQSCl66W3paKl8w==,tMykt6TlpKak5KW5pcalw6XBoaKl0aXDpcGl76lgpa+kzr9GpKukrKTqtci3+Y7apK/KudPDpMekraGipaul6algpKzYTri7pMekqrrDpN+ky7rPpO+ku6TGmFOkt6TgpLOkyKSss/bAtKTepLmhozxicj624KSvpM60zKS3pOWkppDbusO80qTLkNuktaTspMakpKTepLmhozxicj7B+bG+pM6k6KTq9Omkq6Tps/bAtKTGpKSk3qS5oaM8YnI+pMqk4aTppKukyrnim2ekx83Lyaukt6TLpK+kpLjfvImlqKW4pdelyL5kpPLKudPDpLehothOuLukysmryv2krPfIwaakx6S5oaM8YnI+vJqkq6SkpbmlxqXDpcGkq6TpzKukpKW5pcalw6XBpN6kx4ydj+qkx6StpOukzqTHoaLX7qTit/mO2qSvyrmk76TspMakpKTrtMy/kPTppMekuaGjPGJyPjxicj6h9qW1paSluqO6OG08YnI+ofbL2LLEo7q+ZDEwMCU8YnI+PGJyPjxpbWcgc3JjPSJodHRwczovL2ltYWdlLnJha3V0ZW4uY28uanAvdHVrdXJ1dGFub3NpbWkvY2FiaW5ldC9tYWlsX29rLmpwZyIgLz48YnI+PHN0eWxlIHR5cGU9InRleHQvY3NzIj4KI3RvcF90b3BpY3N7Cglib3JkZXI6IDJweCBzb2xpZCAjZDMwMjAyOwoJcGFkZGluZzogMTBweDsKCW1hcmdpbi1ib3R0b206MTBweDsKCW1hcmdpbi1ib3R0b206MHB4OwoJZm9udC1zaXplOiAxM3B4Owp9CgojdG9wX3RvcGljcyAudGV4dDAxewoJZm9udC1zaXplOiAxOHB4OwoJZm9udC13ZWlnaHQ6IGJvbGQ7Cgljb2xvcjogI2QzMDIwMjsKfQoKI3RvcF90b3BpY3MgLnRleHQwMnsKCWNvbG9yOiAjZDMwMjAyOwoKfQoKPC9zdHlsZT4KCgo8IS0tPGRpdiBpZD0idG9wX3RvcGljcyIgYWxpZ249ImNlbnRlciI+PC9kaXY+LS0+CjwhLS08cCBjbGFzcz0idGV4dDAxIj4yMDE1xOogpKKksaTepLekxqSqpOGkx6TIpKaktKS2pKSk3qS5PC9wPi0tPgo8aW1nIHNyYz0iaHR0cDovL2ltYWdlLnJha3V0ZW4uY28uanAvdHVrdXJ1dGFub3NpbWkvY2FiaW5ldC9yLXRvcC90b2t1c2h1dS90aWVuX2IuanBnIiAKYWx0PSLWu73xoaKktNeizsSkrLvspN+6z6TDpMakpKTrpL+k4aGisGvLzaTLpKrI1aTLpMGk8qSkpL+kwKSkpMakqqTqpN6kuaGjus7X5KS0wcuz0NlupOqk3qS5pOikpqSq7oqkpMnqpLfJz6SypN6kuaGjCqH50u7I1aS0z6PN+6TOpKq6yc7vpOLfV6TspKzJ+qS4pOuI9rrPpKyktKS2pKSk3qS5pM6kx6Gi0+ik4aS0wcuz0KSvpMCktaSkoaMiIC8+Cgo8IS0tIDxwPta7vfGhoqS016LOxKSsu+yk37rPpMOkxqSkpOukv6ThoaKwa8vNpMukqsjVpMukwaTypKSkv6TApKSkxqSqpOqk3qS5oaM8YnIgLz66ztfkpLTBy7PQ2W6k6qTepLmk6KSmpKruiqSkyeqkt8nPpLKk3qS5oaM8YnIgLz4KofnS7sjVpLTPo837pM6kqrrJzu+k4t9XpOykrMn6pLik64j2us+krKS0pLakpKTepLmkzqTHoaLT6KThpLTBy7PQpK+kwKS1pKShozwvcD4tLS0+,9OkgtMykt6TlpKb06SCls6W5peIgMjW3rCA4bSBBIKXrpbeloqXzo7rK1ty/ssTBz6TOjJ/pVLXqoaGkxKSvpOuYU6S3pN8=,yfq12LK89Om/2r3wpKyk3r/apcipYKXrpdqlpKXzpci5UKXRpcOlwaXvqWClr6WtpeulyKWrpeulyKXKqWCluKXlpM+ksaTPpPOks6W5pb+l86XXpMSkr6TrmFOkt6Tf9OkgtMykt6TlpKb06SCls6W5peIgMjW3rCA4bSBBIKXrpbeloqXz,Q1MyNS1hIPTpILTMpLek5aSm9OkgpbOluaXiIDI1t6wgOG0gQSCl66W3paKl86Gj9OkgtMykt6TlpKb06SCls6W5peIgMjW3rCA4bSBBIKXrpbeloqXz[rn]
25-29602,aHR0cDovL3RzaG9wLnIxMHMuanAvdHVrdXJ1dGFub3NpbWkvY2FiaW5ldC8yLTIvY3MyNS1iLmpwZz9maXRpbj03MDA6NzAw,NjQuMDAwMA==,,yNXTw8a362rYmz/OxLe/vt8/ytbcvyA+IMrW3L8/pa+l6aXVpcg/yfq12CA+ILXAvt8/pa2lw6XIID4gtMy/kLXAvt8gPiCkvaTOy/s=,9OkgtMykt6TlpKb06SCls6W5peIgMjW3rCA4bSBCIKXrpbeloqXz,Q1MyNS1iIPTpILTMpLek5aSm9OkgpbOluaXiIDI1t6wgOG0gQiCl66W3paKl8w==,tMykt6TlpKak5KW5pcalw6XBoaKl0aXDpcGl76lgpa+kzr9GpKukrKTqtci3+Y7apK/KudPDpMekraGipaul6algpKzYTri7pMekqrrDpN+ky7rPpO+ku6TGmFOkt6TgpLOkyKSss/bAtKTepLmhozxicj624KSvpM60zKS3pOWkppDbusO80qTLkNuktaTspMakpKTepLmhozxicj7B+bG+pM6k6KTq9Omkq6Tps/bAtKTGpKSk3qS5oaM8YnI+pMqk4aTppKukyrnim2ekx83Lyaukt6TLpK+kpLjfvImlqKW4pdelyL5kpPLKudPDpLehothOuLukysmryv2krPfIwaakx6S5oaM8YnI+vJqkq6SkpbmlxqXDpcGkq6TpzKukpKW5pcalw6XBpN6kx4ydj+qkx6StpOukzqTHoaLX7qTit/mO2qSvyrmk76TspMakpKTrtMy/kPTppMekuaGjPGJyPjxicj6h9qW1paSluqO6OG08YnI+ofbL2LLEo7q+ZDEwMCU8YnI+PGJyPjxpbWcgc3JjPSJodHRwczovL2ltYWdlLnJha3V0ZW4uY28uanAvdHVrdXJ1dGFub3NpbWkvY2FiaW5ldC9tYWlsX29rLmpwZyIgLz48YnI+PHN0eWxlIHR5cGU9InRleHQvY3NzIj4KI3RvcF90b3BpY3N7Cglib3JkZXI6IDJweCBzb2xpZCAjZDMwMjAyOwoJcGFkZGluZzogMTBweDsKCW1hcmdpbi1ib3R0b206MTBweDsKCW1hcmdpbi1ib3R0b206MHB4OwoJZm9udC1zaXplOiAxM3B4Owp9CgojdG9wX3RvcGljcyAudGV4dDAxewoJZm9udC1zaXplOiAxOHB4OwoJZm9udC13ZWlnaHQ6IGJvbGQ7Cgljb2xvcjogI2QzMDIwMjsKfQoKI3RvcF90b3BpY3MgLnRleHQwMnsKCWNvbG9yOiAjZDMwMjAyOwoKfQoKPC9zdHlsZT4KCgo8IS0tPGRpdiBpZD0idG9wX3RvcGljcyIgYWxpZ249ImNlbnRlciI+PC9kaXY+LS0+CjwhLS08cCBjbGFzcz0idGV4dDAxIj4yMDE1xOogpKKksaTepLekxqSqpOGkx6TIpKaktKS2pKSk3qS5PC9wPi0tPgo8aW1nIHNyYz0iaHR0cDovL2ltYWdlLnJha3V0ZW4uY28uanAvdHVrdXJ1dGFub3NpbWkvY2FiaW5ldC9yLXRvcC90b2t1c2h1dS90aWVuX2IuanBnIiAKYWx0PSLWu73xoaKktNeizsSkrLvspN+6z6TDpMakpKTrpL+k4aGisGvLzaTLpKrI1aTLpMGk8qSkpL+kwKSkpMakqqTqpN6kuaGjus7X5KS0wcuz0NlupOqk3qS5pOikpqSq7oqkpMnqpLfJz6SypN6kuaGjCqH50u7I1aS0z6PN+6TOpKq6yc7vpOLfV6TspKzJ+qS4pOuI9rrPpKyktKS2pKSk3qS5pM6kx6Gi0+ik4aS0wcuz0KSvpMCktaSkoaMiIC8+Cgo8IS0tIDxwPta7vfGhoqS016LOxKSsu+yk37rPpMOkxqSkpOukv6ThoaKwa8vNpMukqsjVpMukwaTypKSkv6TApKSkxqSqpOqk3qS5oaM8YnIgLz66ztfkpLTBy7PQ2W6k6qTepLmk6KSmpKruiqSkyeqkt8nPpLKk3qS5oaM8YnIgLz4KofnS7sjVpLTPo837pM6kqrrJzu+k4t9XpOykrMn6pLik64j2us+krKS0pLakpKTepLmkzqTHoaLT6KThpLTBy7PQpK+kwKS1pKShozwvcD4tLS0+,9OkgtMykt6TlpKb06SCls6W5peIgMjW3rCA4bSBCIKXrpbeloqXzo7rK1ty/ssTBz6TOjJ/pVLXqoaGkxKSvpOuYU6S3pN8=,yfq12LK89Om/2r3wpKyk3r/apcipYKXrpdqlpKXzpci5UKXRpcOlwaXvqWClr6WtpeulyKWrpeulyKXKqWCluKXlpM+ksaTPpPOks6W5pb+l86XXpMSkr6TrmFOkt6Tf9OkgtMykt6TlpKb06SCls6W5peIgMjW3rCA4bSBCIKXrpbeloqXz,Q1MyNS1iIPTpILTMpLek5aSm9OkgpbOluaXiIDI1t6wgOG0gQiCl66W3paKl86Gj9OkgtMykt6TlpKb06SCls6W5peIgMjW3rCA4bSBCIKXrpbeloqXz[rn]
25-29603,aHR0cDovL3RzaG9wLnIxMHMuanAvdHVrdXJ1dGFub3NpbWkvY2FiaW5ldC8yLTIvY3MyNS1jLmpwZz9maXRpbj03MDA6NzAw,NjQuMDAwMA==,,yNXTw8a362rYmz/OxLe/vt8/ytbcvyA+IMrW3L8/pa+l6aXVpcg/yfq12CA+ILXAvt8/pa2lw6XIID4gtMy/kLXAvt8gPiCkvaTOy/s=,9OkgtMykt6TlpKb06SCls6W5peIgMjW3rCA4bSBDIKXrpbeloqXz,Q1MyNS1jIPTpILTMpLek5aSm9OkgpbOluaXiIDI1t6wgOG0gQyCl66W3paKl8w==,tMykt6TlpKak5KW5pcalw6XBoaKl0aXDpcGl76lgpa+kzr9GpKukrKTqtci3+Y7apK/KudPDpMekraGipaul6algpKzYTri7pMekqrrDpN+ky7rPpO+ku6TGmFOkt6TgpLOkyKSss/bAtKTepLmhozxicj624KSvpM60zKS3pOWkppDbusO80qTLkNuktaTspMakpKTepLmhozxicj7B+bG+pM6k6KTq9Omkq6Tps/bAtKTGpKSk3qS5oaM8YnI+pMqk4aTppKukyrnim2ekx83Lyaukt6TLpK+kpLjfvImlqKW4pdelyL5kpPLKudPDpLehothOuLukysmryv2krPfIwaakx6S5oaM8YnI+vJqkq6SkpbmlxqXDpcGkq6TpzKukpKW5pcalw6XBpN6kx4ydj+qkx6StpOukzqTHoaLX7qTit/mO2qSvyrmk76TspMakpKTrtMy/kPTppMekuaGjPGJyPjxicj6h9qW1paSluqO6OG08YnI+ofbL2LLEo7q+ZDEwMCU8YnI+PGJyPjxpbWcgc3JjPSJodHRwczovL2ltYWdlLnJha3V0ZW4uY28uanAvdHVrdXJ1dGFub3NpbWkvY2FiaW5ldC9tYWlsX29rLmpwZyIgLz48YnI+PHN0eWxlIHR5cGU9InRleHQvY3NzIj4KI3RvcF90b3BpY3N7Cglib3JkZXI6IDJweCBzb2xpZCAjZDMwMjAyOwoJcGFkZGluZzogMTBweDsKCW1hcmdpbi1ib3R0b206MTBweDsKCW1hcmdpbi1ib3R0b206MHB4OwoJZm9udC1zaXplOiAxM3B4Owp9CgojdG9wX3RvcGljcyAudGV4dDAxewoJZm9udC1zaXplOiAxOHB4OwoJZm9udC13ZWlnaHQ6IGJvbGQ7Cgljb2xvcjogI2QzMDIwMjsKfQoKI3RvcF90b3BpY3MgLnRleHQwMnsKCWNvbG9yOiAjZDMwMjAyOwoKfQoKPC9zdHlsZT4KCgo8IS0tPGRpdiBpZD0idG9wX3RvcGljcyIgYWxpZ249ImNlbnRlciI+PC9kaXY+LS0+CjwhLS08cCBjbGFzcz0idGV4dDAxIj4yMDE1xOogpKKksaTepLekxqSqpOGkx6TIpKaktKS2pKSk3qS5PC9wPi0tPgo8aW1nIHNyYz0iaHR0cDovL2ltYWdlLnJha3V0ZW4uY28uanAvdHVrdXJ1dGFub3NpbWkvY2FiaW5ldC9yLXRvcC90b2t1c2h1dS90aWVuX2IuanBnIiAKYWx0PSLWu73xoaKktNeizsSkrLvspN+6z6TDpMakpKTrpL+k4aGisGvLzaTLpKrI1aTLpMGk8qSkpL+kwKSkpMakqqTqpN6kuaGjus7X5KS0wcuz0NlupOqk3qS5pOikpqSq7oqkpMnqpLfJz6SypN6kuaGjCqH50u7I1aS0z6PN+6TOpKq6yc7vpOLfV6TspKzJ+qS4pOuI9rrPpKyktKS2pKSk3qS5pM6kx6Gi0+ik4aS0wcuz0KSvpMCktaSkoaMiIC8+Cgo8IS0tIDxwPta7vfGhoqS016LOxKSsu+yk37rPpMOkxqSkpOukv6ThoaKwa8vNpMukqsjVpMukwaTypKSkv6TApKSkxqSqpOqk3qS5oaM8YnIgLz66ztfkpLTBy7PQ2W6k6qTepLmk6KSmpKruiqSkyeqkt8nPpLKk3qS5oaM8YnIgLz4KofnS7sjVpLTPo837pM6kqrrJzu+k4t9XpOykrMn6pLik64j2us+krKS0pLakpKTepLmkzqTHoaLT6KThpLTBy7PQpK+kwKS1pKShozwvcD4tLS0+,9OkgtMykt6TlpKb06SCls6W5peIgMjW3rCA4bSBDIKXrpbeloqXzo7rK1ty/ssTBz6TOjJ/pVLXqoaGkxKSvpOuYU6S3pN8=,yfq12LK89Om/2r3wpKyk3r/apcipYKXrpdqlpKXzpci5UKXRpcOlwaXvqWClr6WtpeulyKWrpeulyKXKqWCluKXlpM+ksaTPpPOks6W5pb+l86XXpMSkr6TrmFOkt6Tf9OkgtMykt6TlpKb06SCls6W5peIgMjW3rCA4bSBDIKXrpbeloqXz,Q1MyNS1jIPTpILTMpLek5aSm9OkgpbOluaXiIDI1t6wgOG0gQyCl66W3paKl86Gj9OkgtMykt6TlpKb06SCls6W5peIgMjW3rCA4bSBDIKXrpbeloqXz[rn]
25-29604,aHR0cDovL3RzaG9wLnIxMHMuanAvdHVrdXJ1dGFub3NpbWkvY2FiaW5ldC8yLTIvY3MyNS1kLmpwZz9maXRpbj03MDA6NzAw,NjQuMDAwMA==,,yNXTw8a362rYmz/OxLe/vt8/ytbcvyA+IMrW3L8/pa+l6aXVpcg/yfq12CA+ILXAvt8/pa2lw6XIID4gtMy/kLXAvt8gPiCkvaTOy/s=,9OkgtMykt6TlpKb06SCls6W5peIgMjW3rCA4bSBEIKXrpbeloqXz,Q1MyNS1kIPTpILTMpLek5aSm9OkgpbOluaXiIDI1t6wgOG0gRCCl66W3paKl8w==,tMykt6TlpKak5KW5pcalw6XBoaKl0aXDpcGl76lgpa+kzr9GpKukrKTqtci3+Y7apK/KudPDpMekraGipaul6algpKzYTri7pMekqrrDpN+ky7rPpO+ku6TGmFOkt6TgpLOkyKSss/bAtKTepLmhozxicj624KSvpM60zKS3pOWkppDbusO80qTLkNuktaTspMakpKTepLmhozxicj7B+bG+pM6k6KTq9Omkq6Tps/bAtKTGpKSk3qS5oaM8YnI+pMqk4aTppKukyrnim2ekx83Lyaukt6TLpK+kpLjfvImlqKW4pdelyL5kpPLKudPDpLehothOuLukysmryv2krPfIwaakx6S5oaM8YnI+vJqkq6SkpbmlxqXDpcGkq6TpzKukpKW5pcalw6XBpN6kx4ydj+qkx6StpOukzqTHoaLX7qTit/mO2qSvyrmk76TspMakpKTrtMy/kPTppMekuaGjPGJyPjxicj6h9qW1paSluqO6OG08YnI+ofbL2LLEo7q+ZDEwMCU8YnI+PGJyPjxpbWcgc3JjPSJodHRwczovL2ltYWdlLnJha3V0ZW4uY28uanAvdHVrdXJ1dGFub3NpbWkvY2FiaW5ldC9tYWlsX29rLmpwZyIgLz48YnI+PHN0eWxlIHR5cGU9InRleHQvY3NzIj4KI3RvcF90b3BpY3N7Cglib3JkZXI6IDJweCBzb2xpZCAjZDMwMjAyOwoJcGFkZGluZzogMTBweDsKCW1hcmdpbi1ib3R0b206MTBweDsKCW1hcmdpbi1ib3R0b206MHB4OwoJZm9udC1zaXplOiAxM3B4Owp9CgojdG9wX3RvcGljcyAudGV4dDAxewoJZm9udC1zaXplOiAxOHB4OwoJZm9udC13ZWlnaHQ6IGJvbGQ7Cgljb2xvcjogI2QzMDIwMjsKfQoKI3RvcF90b3BpY3MgLnRleHQwMnsKCWNvbG9yOiAjZDMwMjAyOwoKfQoKPC9zdHlsZT4KCgo8IS0tPGRpdiBpZD0idG9wX3RvcGljcyIgYWxpZ249ImNlbnRlciI+PC9kaXY+LS0+CjwhLS08cCBjbGFzcz0idGV4dDAxIj4yMDE1xOogpKKksaTepLekxqSqpOGkx6TIpKaktKS2pKSk3qS5PC9wPi0tPgo8aW1nIHNyYz0iaHR0cDovL2ltYWdlLnJha3V0ZW4uY28uanAvdHVrdXJ1dGFub3NpbWkvY2FiaW5ldC9yLXRvcC90b2t1c2h1dS90aWVuX2IuanBnIiAKYWx0PSLWu73xoaKktNeizsSkrLvspN+6z6TDpMakpKTrpL+k4aGisGvLzaTLpKrI1aTLpMGk8qSkpL+kwKSkpMakqqTqpN6kuaGjus7X5KS0wcuz0NlupOqk3qS5pOikpqSq7oqkpMnqpLfJz6SypN6kuaGjCqH50u7I1aS0z6PN+6TOpKq6yc7vpOLfV6TspKzJ+qS4pOuI9rrPpKyktKS2pKSk3qS5pM6kx6Gi0+ik4aS0wcuz0KSvpMCktaSkoaMiIC8+Cgo8IS0tIDxwPta7vfGhoqS016LOxKSsu+yk37rPpMOkxqSkpOukv6ThoaKwa8vNpMukqsjVpMukwaTypKSkv6TApKSkxqSqpOqk3qS5oaM8YnIgLz66ztfkpLTBy7PQ2W6k6qTepLmk6KSmpKruiqSkyeqkt8nPpLKk3qS5oaM8YnIgLz4KofnS7sjVpLTPo837pM6kqrrJzu+k4t9XpOykrMn6pLik64j2us+krKS0pLakpKTepLmkzqTHoaLT6KThpLTBy7PQpK+kwKS1pKShozwvcD4tLS0+,9OkgtMykt6TlpKb06SCls6W5peIgMjW3rCA4bSBEIKXrpbeloqXzo7rK1ty/ssTBz6TOjJ/pVLXqoaGkxKSvpOuYU6S3pN8=,yfq12LK89Om/2r3wpKyk3r/apcipYKXrpdqlpKXzpci5UKXRpcOlwaXvqWClr6WtpeulyKWrpeulyKXKqWCluKXlpM+ksaTPpPOks6W5pb+l86XXpMSkr6TrmFOkt6Tf9OkgtMykt6TlpKb06SCls6W5peIgMjW3rCA4bSBEIKXrpbeloqXz,Q1MyNS1kIPTpILTMpLek5aSm9OkgpbOluaXiIDI1t6wgOG0gRCCl66W3paKl86Gj9OkgtMykt6TlpKb06SCls6W5peIgMjW3rCA4bSBEIKXrpbeloqXz[rn]
25-29605,aHR0cDovL3RzaG9wLnIxMHMuanAvdHVrdXJ1dGFub3NpbWkvY2FiaW5ldC83L29zMTAxLTEwNS5qcGc/Zml0aW49NzAwOjcwMA==,MTkyLjAwMDA=,,yNXTw8a362rYmz/OxLe/vt8/ytbcvyA+IMrW3L8/pa+l6aXVpcg/yfq12CA+ILXAvt8/pa2lw6XIID4gtMy/kLXAvt8gPiCkvaTOy/s=,ob4xMDBtob+0zKS319P06SCktaS3pLP06SC086SrpLsgKIVnyaspIHwgpMSkr6TrmFOkt6TfIPTp,T1MtMTAxLTEwNSChvjEwMG2hv7TMpLfX0/Tp,19TIu6TK70y6z6SkpPK088fQpMukt6Giu6ik1aStpPOkyqTJtMykt9fTjJ/Tw6TL6V+wa6S3pL/06aTHpLmhozxicj7Dq9PwwaKkwaSsydmkyqSvoaLDwKS3pK+k1aTDpK+k6aTItMykt6SipKyk6qTepLmhozxicj6kv6TDpNek6rTzpKukuzEwMG2lv6Wkpdekx6S5oaM8YnI+PGJyPqH2y9iyxKO6vmQxMDCjpTxicj48YnI+PGltZyBzcmM9Imh0dHBzOi8vaW1hZ2UucmFrdXRlbi5jby5qcC90dWt1cnV0YW5vc2ltaS9jYWJpbmV0L21haWxfbmcuanBnIiAvPjxicj48c3R5bGUgdHlwZT0idGV4dC9jc3MiPgojdG9wX3RvcGljc3sKCWJvcmRlcjogMnB4IHNvbGlkICNkMzAyMDI7CglwYWRkaW5nOiAxMHB4OwoJbWFyZ2luLWJvdHRvbToxMHB4OwoJbWFyZ2luLWJvdHRvbTowcHg7Cglmb250LXNpemU6IDEzcHg7Cn0KCiN0b3BfdG9waWNzIC50ZXh0MDF7Cglmb250LXNpemU6IDE4cHg7Cglmb250LXdlaWdodDogYm9sZDsKCWNvbG9yOiAjZDMwMjAyOwp9CgojdG9wX3RvcGljcyAudGV4dDAyewoJY29sb3I6ICNkMzAyMDI7Cgp9Cgo8L3N0eWxlPgoKCjwhLS08ZGl2IGlkPSJ0b3BfdG9waWNzIiBhbGlnbj0iY2VudGVyIj48L2Rpdj4tLT4KPCEtLTxwIGNsYXNzPSJ0ZXh0MDEiPjIwMTXE6iCkoqSxpN6kt6TGpKqk4aTHpMikpqS0pLakpKTepLk8L3A+LS0+CjxpbWcgc3JjPSJodHRwOi8vaW1hZ2UucmFrdXRlbi5jby5qcC90dWt1cnV0YW5vc2ltaS9jYWJpbmV0L3ItdG9wL3Rva3VzaHV1L3RpZW5fYi5qcGciIAphbHQ9Ita7vfGhoqS016LOxKSsu+yk37rPpMOkxqSkpOukv6ThoaKwa8vNpMukqsjVpMukwaTypKSkv6TApKSkxqSqpOqk3qS5oaO6ztfkpLTBy7PQ2W6k6qTepLmk6KSmpKruiqSkyeqkt8nPpLKk3qS5oaMKofnS7sjVpLTPo837pM6kqrrJzu+k4t9XpOykrMn6pLik64j2us+krKS0pLakpKTepLmkzqTHoaLT6KThpLTBy7PQpK+kwKS1pKShoyIgLz4KCjwhLS0gPHA+1ru98aGipLTXos7EpKy77KTfus+kw6TGpKSk66S/pOGhorBry82ky6SqyNWky6TBpPKkpKS/pMCkpKTGpKqk6qTepLmhozxiciAvPrrO1+SktMHLs9DZbqTqpN6kuaTopKakqu6KpKTJ6qS3yc+ksqTepLmhozxiciAvPgqh+dLuyNWktM+jzfukzqSqusnO76Ti31ek7KSsyfqkuKTriPa6z6SspLSktqSkpN6kuaTOpMehotPopOGktMHLs9Ckr6TApLWkpKGjPC9wPi0tLT4=,ob4xMDBtob+0zKS319P06SCktaS3pLP06SC086SrpLsgKIVnyaspIHwgpMSkr6TrmFOkt6TfIPTpo7rK1ty/ssTBz6TOjJ/pVLXqoaGkxKSvpOuYU6S3pN8=,yfq12LK89Om/2r3wpKyk3r/apcipYKXrpdqlpKXzpci5UKXRpcOlwaXvqWClr6WtpeulyKWrpeulyKXKqWCluKXlpM+ksaTPpPOks6W5pb+l86XXpMSkr6TrmFOkt6Tfob4xMDBtob+0zKS319P06SCktaS3pLP06SC086SrpLsgKIVnyaspIHwgpMSkr6TrmFOkt6TfIPTp,T1MtMTAxLTEwNSChvjEwMG2hv7TMpLfX0/TpIKGjob4xMDBtob+0zKS319P06SCktaS3pLP06SC086SrpLsgKIVnyaspIHwgpMSkr6TrmFOkt6TfIPTp[rn]
25-29606,aHR0cDovL3RzaG9wLnIxMHMuanAvdHVrdXJ1dGFub3NpbWkvY2FiaW5ldC8yLTIvY3MyNS1lLmpwZz9maXRpbj03MDA6NzAw,NjQuMDAwMA==,,yNXTw8a362rYmz/OxLe/vt8/ytbcvyA+IMrW3L8/pa+l6aXVpcg/yfq12CA+ILXAvt8/pa2lw6XIID4gtMy/kLXAvt8gPiCkvaTOy/s=,9OkgtMykt6TlpKb06SCls6W5peIgMjW3rCA4bSBFIKXrpbeloqXz,Q1MyNS1lIPTpILTMpLek5aSm9OkgpbOluaXiIDI1t6wgOG0gRSCl66W3paKl8w==,tMykt6TlpKak5KW5pcalw6XBoaKl0aXDpcGl76lgpa+kzr9GpKukrKTqtci3+Y7apK/KudPDpMekraGipaul6algpKzYTri7pMekqrrDpN+ky7rPpO+ku6TGmFOkt6TgpLOkyKSss/bAtKTepLmhozxicj624KSvpM60zKS3pOWkppDbusO80qTLkNuktaTspMakpKTepLmhozxicj7B+bG+pM6k6KTq9Omkq6Tps/bAtKTGpKSk3qS5oaM8YnI+pMqk4aTppKukyrnim2ekx83Lyaukt6TLpK+kpLjfvImlqKW4pdelyL5kpPLKudPDpLehothOuLukysmryv2krPfIwaakx6S5oaM8YnI+vJqkq6SkpbmlxqXDpcGkq6TpzKukpKW5pcalw6XBpN6kx4ydj+qkx6StpOukzqTHoaLX7qTit/mO2qSvyrmk76TspMakpKTrtMy/kPTppMekuaGjPGJyPjxicj6h9qW1paSluqO6OG08YnI+ofbL2LLEo7q+ZDEwMCU8YnI+PGJyPjxpbWcgc3JjPSJodHRwczovL2ltYWdlLnJha3V0ZW4uY28uanAvdHVrdXJ1dGFub3NpbWkvY2FiaW5ldC9tYWlsX29rLmpwZyIgLz48YnI+PHN0eWxlIHR5cGU9InRleHQvY3NzIj4KI3RvcF90b3BpY3N7Cglib3JkZXI6IDJweCBzb2xpZCAjZDMwMjAyOwoJcGFkZGluZzogMTBweDsKCW1hcmdpbi1ib3R0b206MTBweDsKCW1hcmdpbi1ib3R0b206MHB4OwoJZm9udC1zaXplOiAxM3B4Owp9CgojdG9wX3RvcGljcyAudGV4dDAxewoJZm9udC1zaXplOiAxOHB4OwoJZm9udC13ZWlnaHQ6IGJvbGQ7Cgljb2xvcjogI2QzMDIwMjsKfQoKI3RvcF90b3BpY3MgLnRleHQwMnsKCWNvbG9yOiAjZDMwMjAyOwoKfQoKPC9zdHlsZT4KCgo8IS0tPGRpdiBpZD0idG9wX3RvcGljcyIgYWxpZ249ImNlbnRlciI+PC9kaXY+LS0+CjwhLS08cCBjbGFzcz0idGV4dDAxIj4yMDE1xOogpKKksaTepLekxqSqpOGkx6TIpKaktKS2pKSk3qS5PC9wPi0tPgo8aW1nIHNyYz0iaHR0cDovL2ltYWdlLnJha3V0ZW4uY28uanAvdHVrdXJ1dGFub3NpbWkvY2FiaW5ldC9yLXRvcC90b2t1c2h1dS90aWVuX2IuanBnIiAKYWx0PSLWu73xoaKktNeizsSkrLvspN+6z6TDpMakpKTrpL+k4aGisGvLzaTLpKrI1aTLpMGk8qSkpL+kwKSkpMakqqTqpN6kuaGjus7X5KS0wcuz0NlupOqk3qS5pOikpqSq7oqkpMnqpLfJz6SypN6kuaGjCqH50u7I1aS0z6PN+6TOpKq6yc7vpOLfV6TspKzJ+qS4pOuI9rrPpKyktKS2pKSk3qS5pM6kx6Gi0+ik4aS0wcuz0KSvpMCktaSkoaMiIC8+Cgo8IS0tIDxwPta7vfGhoqS016LOxKSsu+yk37rPpMOkxqSkpOukv6ThoaKwa8vNpMukqsjVpMukwaTypKSkv6TApKSkxqSqpOqk3qS5oaM8YnIgLz66ztfkpLTBy7PQ2W6k6qTepLmk6KSmpKruiqSkyeqkt8nPpLKk3qS5oaM8YnIgLz4KofnS7sjVpLTPo837pM6kqrrJzu+k4t9XpOykrMn6pLik64j2us+krKS0pLakpKTepLmkzqTHoaLT6KThpLTBy7PQpK+kwKS1pKShozwvcD4tLS0+,9OkgtMykt6TlpKb06SCls6W5peIgMjW3rCA4bSBFIKXrpbeloqXzo7rK1ty/ssTBz6TOjJ/pVLXqoaGkxKSvpOuYU6S3pN8=,yfq12LK89Om/2r3wpKyk3r/apcipYKXrpdqlpKXzpci5UKXRpcOlwaXvqWClr6WtpeulyKWrpeulyKXKqWCluKXlpM+ksaTPpPOks6W5pb+l86XXpMSkr6TrmFOkt6Tf9OkgtMykt6TlpKb06SCls6W5peIgMjW3rCA4bSBFIKXrpbeloqXz,Q1MyNS1lIPTpILTMpLek5aSm9OkgpbOluaXiIDI1t6wgOG0gRSCl66W3paKl86Gj9OkgtMykt6TlpKb06SCls6W5peIgMjW3rCA4bSBFIKXrpbeloqXz[rn]
25-29607,aHR0cDovL3RzaG9wLnIxMHMuanAvdHVrdXJ1dGFub3NpbWkvY2FiaW5ldC83L29zMTUxLTE3NC5qcGc/Zml0aW49NzAwOjcwMA==,MjQwLjAwMDA=,,yNXTw8a362rYmz/OxLe/vt8/ytbcvyA+IMrW3L8/pa+l6aXVpcg/yfq12CA+ILXAvt8/pa2lw6XIID4gtMy/kLXAvt8gPiCkvaTOy/s=,ob4xMDBtob+0zKS319P06SCktaS3pLP06SC086SrpLsgKKWwpemlx6lgpbel56XzKSB8IKTEpK+k65hTpLek3yD06Q==,T1MtMTUxLTE3NCChvjEwMG2hv7TMpLfX0/TpIKS1pLeks/TpILTzpKukuw==,19TIu6TK70y6z6SkpPK088fQpMukt6Giu6ik1aStpPOkyqTJtMykt9fTjJ/Tw6TL6V+wa6S3pL/06aTHpLmhozxicj7Dq9PwwaKkwaSsydmkyqSvoaLDwKS3pK+k1aTDpK+k6aTItMykt6SipKyk6qTepLmhozxicj6kv6TDpNek6rTzpKukuzEwMG2lv6Wkpdekx6S5oaM8YnI+PGJyPqH2y9iyxKO6vmQxMDCjpTxicj48YnI+PGltZyBzcmM9Imh0dHBzOi8vaW1hZ2UucmFrdXRlbi5jby5qcC90dWt1cnV0YW5vc2ltaS9jYWJpbmV0L21haWxfbmcuanBnIiAvPjxicj48c3R5bGUgdHlwZT0idGV4dC9jc3MiPgojdG9wX3RvcGljc3sKCWJvcmRlcjogMnB4IHNvbGlkICNkMzAyMDI7CglwYWRkaW5nOiAxMHB4OwoJbWFyZ2luLWJvdHRvbToxMHB4OwoJbWFyZ2luLWJvdHRvbTowcHg7Cglmb250LXNpemU6IDEzcHg7Cn0KCiN0b3BfdG9waWNzIC50ZXh0MDF7Cglmb250LXNpemU6IDE4cHg7Cglmb250LXdlaWdodDogYm9sZDsKCWNvbG9yOiAjZDMwMjAyOwp9CgojdG9wX3RvcGljcyAudGV4dDAyewoJY29sb3I6ICNkMzAyMDI7Cgp9Cgo8L3N0eWxlPgoKCjwhLS08ZGl2IGlkPSJ0b3BfdG9waWNzIiBhbGlnbj0iY2VudGVyIj48L2Rpdj4tLT4KPCEtLTxwIGNsYXNzPSJ0ZXh0MDEiPjIwMTXE6iCkoqSxpN6kt6TGpKqk4aTHpMikpqS0pLakpKTepLk8L3A+LS0+CjxpbWcgc3JjPSJodHRwOi8vaW1hZ2UucmFrdXRlbi5jby5qcC90dWt1cnV0YW5vc2ltaS9jYWJpbmV0L3ItdG9wL3Rva3VzaHV1L3RpZW5fYi5qcGciIAphbHQ9Ita7vfGhoqS016LOxKSsu+yk37rPpMOkxqSkpOukv6ThoaKwa8vNpMukqsjVpMukwaTypKSkv6TApKSkxqSqpOqk3qS5oaO6ztfkpLTBy7PQ2W6k6qTepLmk6KSmpKruiqSkyeqkt8nPpLKk3qS5oaMKofnS7sjVpLTPo837pM6kqrrJzu+k4t9XpOykrMn6pLik64j2us+krKS0pLakpKTepLmkzqTHoaLT6KThpLTBy7PQpK+kwKS1pKShoyIgLz4KCjwhLS0gPHA+1ru98aGipLTXos7EpKy77KTfus+kw6TGpKSk66S/pOGhorBry82ky6SqyNWky6TBpPKkpKS/pMCkpKTGpKqk6qTepLmhozxiciAvPrrO1+SktMHLs9DZbqTqpN6kuaTopKakqu6KpKTJ6qS3yc+ksqTepLmhozxiciAvPgqh+dLuyNWktM+jzfukzqSqusnO76Ti31ek7KSsyfqkuKTriPa6z6SspLSktqSkpN6kuaTOpMehotPopOGktMHLs9Ckr6TApLWkpKGjPC9wPi0tLT4=,ob4xMDBtob+0zKS319P06SCktaS3pLP06SC086SrpLsgKKWwpemlx6lgpbel56XzKSB8IKTEpK+k65hTpLek3yD06aO6ytbcv7LEwc+kzoyf6VS16qGhpMSkr6TrmFOkt6Tf,yfq12LK89Om/2r3wpKyk3r/apcipYKXrpdqlpKXzpci5UKXRpcOlwaXvqWClr6WtpeulyKWrpeulyKXKqWCluKXlpM+ksaTPpPOks6W5pb+l86XXpMSkr6TrmFOkt6Tfob4xMDBtob+0zKS319P06SCktaS3pLP06SC086SrpLsgKKWwpemlx6lgpbel56XzKSB8IKTEpK+k65hTpLek3yD06Q==,T1MtMTUxLTE3NCChvjEwMG2hv7TMpLfX0/TpIKS1pLeks/TpILTzpKuku6Gjob4xMDBtob+0zKS319P06SCktaS3pLP06SC086SrpLsgKKWwpemlx6lgpbel56XzKSB8IKTEpK+k65hTpLek3yD06Q==[rn]
25-29608,aHR0cDovL3RzaG9wLnIxMHMuanAvaGF0YXdhLWtva28vY2FiaW5ldC8wMzc5MTQ0MC9pbWc2ODUyNjQxNC5qcGc/Zml0aW49NzAwOjcwMA==,MTY4OC4wMDAw,,yNXTw8a362rYmz/OxLe/vt8/ytbcvyA+IMrW3L8/pa+l6aXVpcg/yfq12CA+ILXAvt8/pa2lw6XIID4gpdGlw6XBpe+pYKWvP6WtpeulxqWjpfOlsLXAvt8gPiCkvaTOy/s=,ob7LzcHPn2/Bz6G/VEuhoaXRpb+pYKXzpbmlv6XzpdfV/cj9vcfQzjUybW2hvqTmpKal0aWx09akz7ao0M7N4qG/pdGlw6XBpe+pYKWv,pdGlw6XBpe+pYKWvpMuho79wpKS+gKTIpaulw6XIvoCk8s2slXKky6W5pb+l86XXoe4=,pLOkwaTppM7JzMa3pM+hvqTmpKal0aWxpcOlyNPWpM+2qNDOzeLgXbHjob/LzcHPn2/Bz6THpKq97KSxpKSkv6S3pN6kuaGjPGJyPgq1vdfFyNWhorW918WVculnpM6ktNa4tqikz7PQpOyk3qS7pPOhozxicj48YnI+CqOq1ay8sbHjpMekzsXky82k8qS0z6PN+6TOpKq/zZiUpM+ktNeizsSkzutIpMuC5L+8mdqky6G41ay8sbHjpMekzsXky83Po837obmkyKS005vI66SvpMCktaSkoaM8YnI+CrXqxW6CyKTH1ay8sbHjy83Bz7zTy+OkzqSmpKiwa8vNpLWku6TGpKSkv6TApK2k3qS5oaM8YnI+PGJyPgoKPEJSPjxCUj6ks6TBpOmkzsnMxrekz6SqyKGk6rzEpLvJzMa3pMikyqTqpN6kuaGjPEJSPgqwa8vNpN6kx6TLMy00yNXpZ7PMKLXqxW7Q3ZhJyNWk8rP9pK8ppKqVculnpPLtlLT3pKSkv6S3pN6kuaGjPEJSPgoqpLTXos7EpM7K/aTLpOikw6TGpM+wa8vNpKzfV6SvpMqk64j2us+krKSipOqk3qS5oaOl4algpeuky6TGpLTfQr1qpKSkv6S3pN6kuaGjPEJSPgqjqtPouOakyqSvpeGpYKWrqWCO/LespMikyqTrpLOkyKSspLSktqSkpN6kuTxicj48YnI+Cgo8QlI+CrK8tdiky6W5pb+l86XXpLmk66TApLGkx6GipdGlv6lgpfOkyL9wpKS0+qTO06GkxKSxpKzNrJVypMukx6StpN6kuaGjPEJSPsrW1/eYSaTLscik2aTG1f20X6THpbml1Klgpcelo6lgoaM8QlI+CrG+zOWkrM24w/ekx6Wwpeqlw6XIyOuk6qTKpM6kx6GisrykzsS/pOSx+qSs0oqk5KS5pK+hos671sObUaThpLek5KS5pKSh7jxCUj48QlI+CsBSpOq3taS3yrmkqKTGpMikw6TGpOKx48D7PzxCUj4KPEJSPgrQtNXmpM80NKPto+2lv6Wkpdekx6S5CjxCUj48QlI+CtX9yP29x9DOoaEyMqPto+2lv6Wkpdekz6SzpMGk6aSrpOk8QlI+CtX9yP29x9DOoaEyNqPto+2lv6Wkpdekz6SzpMGk6aSrpOk8QlI+CtX9yP29x9DOoaE0NKPto+2lv6Wkpdekz6SzpMGk6aSrpOk8QlI+PEJSPgqk26SrpMul2KWvpbWltKXzoaKk0qS30M6hotX9t73QzqGi1rG9x7b+tcjeeMj9vcfQzqGipNKkt9DOKKXspeKl86W5pb+pYCmkyqTJpMi9TaTfus+k76S7pMbKuaSopN6kuaHuPGJyPjxpbWcgc3JjPSJodHRwOi8vd3d3LnJha3V0ZW4ubmUuanAvZ29sZC9fbmFnb3lhNzU4L2Z1amlqaS9pbnN0YWxsXzQ2OHg2MC5qcGciIGJvcmRlcj0iMCI+PGJyPiAKPGRpdiBhbGlnbj0iY2VudGVyIj48aW1nIHNyYz0iaHR0cDovL2ltYWdlLnJha3V0ZW4uY28uanAvaGF0YXdhLWtva28vY2FiaW5ldC90b3AvdGl0bGUtcmVjb21tZW5kLmdpZiIgYWx0PSKkqqS5pLmk4cnMxrciIHdpZHRoPSI2NjAiIGhlaWdodD0iNTAiPgo8L2Rpdj4=,ob7LzcHPn2/Bz6G/VEuhoaXRpb+pYKXzpbmlv6XzpdfV/cj9vcfQzjUybW2hvqTmpKal0aWx09akz7ao0M7N4qG/pdGlw6XBpe+pYKWvo7rG7KTOtOXLyT/K1ty/pM605cvJ,ytbcv8Or9OnG7Mn6tdil1aWhpbmlyqlgyL7Bz6TOpNyk6sbsufrG7MrW3L+yxMHPssO/cKW5pcGl3KlgpeuE09Hb6PPM7KXQpem71dXCy83Bz59vwc+lr6XtpdCpYKWopbOlr6XppdWlyKXqpcOlwaXipaKkz6S1pN+lwKWkpe2l86G+y83Bz59vwc+hv1RLoaGl0aW/qWCl86W5pb+l86XX1f3I/b3H0M41Mm1tob6k5qSmpdGlsdPWpM+2qNDOzeKhv6XRpcOlwaXvqWClrw==,pdGlw6XBpe+pYKWvpMuho79wpKS+gKTIpaulw6XIvoCk8s2slXKky6W5pb+l86XXoe6ho6G+y83Bz59vwc+hv1RLoaGl0aW/qWCl86W5pb+l86XX1f3I/b3H0M41Mm1tob6k5qSmpdGlsdPWpM+2qNDOzeKhv6XRpcOlwaXvqWClrw==[rn]
25-29609,aHR0cDovL3RzaG9wLnIxMHMuanAvaGF0YXdhLWtva28vY2FiaW5ldC8wMzc5MTQ0MC9pbWc2ODUyNjQxOC5qcGc/Zml0aW49NzAwOjcwMA==,MTY4OC4wMDAw,,yNXTw8a362rYmz/OxLe/vt8/ytbcvyA+IMrW3L8/pa+l6aXVpcg/yfq12CA+ILXAvt8/pa2lw6XIID4gpdGlw6XBpe+pYKWvP6WtpeulxqWjpfOlsLXAvt8gPiCkvaTOy/s=,ob7LzcHPn2/Bz6G/S0FXQUdVQ0hJoaGl0aW/qWCl86W5pb+l86XXpdilr6W1pbSl86GhMjZtbaG+pOakpqXRpbHT1qTPtqjQzs3iob+l0aXDpcGl76lgpa8=,pdGlw6XBpe+pYKWvpMuho79wpKS+gKTIpaulw6XIvoCk8s2slXKky6W5pb+l86XXoe4=,pLOkwaTppM7JzMa3pM+hvqTmpKal0aWxpcOlyNPWpM+2qNDOzeLgXbHjob/LzcHPn2/Bz6THpKq97KSxpKSkv6S3pN6kuaGjPGJyPgq1vdfFyNWhorW918WVculnpM6ktNa4tqikz7PQpOyk3qS7pPOhozxicj48YnI+CqOq1ay8sbHjpMekzsXky82k8qS0z6PN+6TOpKq/zZiUpM+ktNeizsSkzutIpMuC5L+8mdqky6G41ay8sbHjpMekzsXky83Po837obmkyKS005vI66SvpMCktaSkoaM8YnI+CrXqxW6CyKTH1ay8sbHjy83Bz7zTy+OkzqSmpKiwa8vNpLWku6TGpKSkv6TApK2k3qS5oaM8YnI+PGJyPgoKPEJSPjxCUj6ks6TBpOmkzsnMxrekz6SqyKGk6rzEpLvJzMa3pMikyqTqpN6kuaGjPEJSPgqwa8vNpN6kx6TLMy00yNXpZ7PMKLXqxW7Q3ZhJyNWk8rP9pK8ppKqVculnpPLtlLT3pKSkv6S3pN6kuaGjPEJSPgoqpLTXos7EpM7K/aTLpOikw6TGpM+wa8vNpKzfV6SvpMqk64j2us+krKSipOqk3qS5oaOl4algpeuky6TGpLTfQr1qpKSkv6S3pN6kuaGjPEJSPgqjqtPouOakyqSvpeGpYKWrqWCO/LespMikyqTrpLOkyKSspLSktqSkpN6kuTxicj48YnI+Cgo8QlI+CrK8tdiky6W5pb+l86XXpLmk66TApLGkx6GipdGlv6lgpfOkyL9wpKS0+qTO06GkxKSxpKzNrJVypMukx6StpN6kuaGjPEJSPsrW1/eYSaTLscik2aTG1f20X6THpbml1Klgpcelo6lgoaM8QlI+CrG+zOWkrM24w/ekx6Wwpeqlw6XIyOuk6qTKpM6kx6GisrykzsS/pOSx+qSs0oqk5KS5pK+hos671sObUaThpLek5KS5pKSh7jxCUj48QlI+CsBSpOq3taS3yrmkqKTGpMikw6TGpOKx48D7PzxCUj4KPEJSPgrQtNXmpM8yMqPto+2lv6Wkpdekx6S5CjxCUj48QlI+CqXYpa+ltaW0pfOhoTEyo+2j7aW/paSl16TPpLOkwaTppKuk6TxCUj4Kpdilr6W1pbSl86GhMTaj7aPtpb+lpKXXpM+ks6TBpOmkq6TpPEJSPgql2KWvpbWltKXzoaEyMqPto+2lv6Wkpdekz6SzpMGk6aSrpOk8QlI+PEJSPgqk26SrpMvV/cj9vcfQzqGipNKkt9DOoaLV/be90M6hotaxvce2/rXI3njI/b3H0M6hoqTSpLfQziil7KXipfOluaW/qWAppMqkyaTIvU2k37rPpO+ku6TGyrmkqKTepLmh7jxicj48aW1nIHNyYz0iaHR0cDovL3d3dy5yYWt1dGVuLm5lLmpwL2dvbGQvX25hZ295YTc1OC9mdWppamkvaW5zdGFsbF80Njh4NjAuanBnIiBib3JkZXI9IjAiPjxicj4gCjxkaXYgYWxpZ249ImNlbnRlciI+PGltZyBzcmM9Imh0dHA6Ly9pbWFnZS5yYWt1dGVuLmNvLmpwL2hhdGF3YS1rb2tvL2NhYmluZXQvdG9wL3RpdGxlLXJlY29tbWVuZC5naWYiIGFsdD0ipKqkuaS5pOHJzMa3IiB3aWR0aD0iNjYwIiBoZWlnaHQ9IjUwIj4KPC9kaXY+,ob7LzcHPn2/Bz6G/S0FXQUdVQ0hJoaGl0aW/qWCl86W5pb+l86XXpdilr6W1pbSl86GhMjZtbaG+pOakpqXRpbHT1qTPtqjQzs3iob+l0aXDpcGl76lgpa+jusbspM605cvJP8rW3L+kzrTly8k=,ytbcv8Or9OnG7Mn6tdil1aWhpbmlyqlgyL7Bz6TOpNyk6sbsufrG7MrW3L+yxMHPssO/cKW5pcGl3KlgpeuE09Hb6PPM7KXQpem71dXCy83Bz59vwc+lr6XtpdCpYKWopbOlr6XppdWlyKXqpcOlwaXipaKkz6S1pN+lwKWkpe2l86G+y83Bz59vwc+hv0tBV0FHVUNISaGhpdGlv6lgpfOluaW/pfOl16XYpa+ltaW0pfOhoTI2bW2hvqTmpKal0aWx09akz7ao0M7N4qG/pdGlw6XBpe+pYKWv,pdGlw6XBpe+pYKWvpMuho79wpKS+gKTIpaulw6XIvoCk8s2slXKky6W5pb+l86XXoe6ho6G+y83Bz59vwc+hv0tBV0FHVUNISaGhpdGlv6lgpfOluaW/pfOl16XYpa+ltaW0pfOhoTI2bW2hvqTmpKal0aWx09akz7ao0M7N4qG/pdGlw6XBpe+pYKWv[rn]
25-29610,aHR0cDovL3RzaG9wLnIxMHMuanAvaGF0YXdhLWtva28vY2FiaW5ldC8wMzc5MTQ0MC9pbWc2ODUyNjQyMC5qcGc/Zml0aW49NzAwOjcwMA==,MTI5Ni4wMDAw,,yNXTw8a362rYmz/OxLe/vt8/ytbcvyA+IMrW3L8/pa+l6aXVpcg/yfq12CA+ILXAvt8/pa2lw6XIID4gpdGlw6XBpe+pYKWvP6WtpeulxqWjpfOlsLXAvt8gPiCkvaTOy/s=,ob7LzcHPn2/Bz6G/S0FXQUdVQ0hJoaGl0aW/qWCl86W5pb+l86XXoaGk0qS30M4opeyl4qXzpbmlv6lgKaGhMjBtbaG+pOakpqXRpbHT1qTPtqjQzs3iob+l0aXDpcGl76lgpa8=,pdGlw6XBpe+pYKWvpMuho79wpKS+gKTIpaulw6XIvoCk8s2slXKky6W5pb+l86XXoe4=,pLOkwaTppM7JzMa3pM+hvqTmpKal0aWxpcOlyNPWpM+2qNDOzeLgXbHjob/LzcHPn2/Bz6THpKq97KSxpKSkv6S3pN6kuaGjPGJyPgq1vdfFyNWhorW918WVculnpM6ktNa4tqikz7PQpOyk3qS7pPOhozxicj48YnI+CqOq1ay8sbHjpMekzsXky82k8qS0z6PN+6TOpKq/zZiUpM+ktNeizsSkzutIpMuC5L+8mdqky6G41ay8sbHjpMekzsXky83Po837obmkyKS005vI66SvpMCktaSkoaM8YnI+CrXqxW6CyKTH1ay8sbHjy83Bz7zTy+OkzqSmpKiwa8vNpLWku6TGpKSkv6TApK2k3qS5oaM8YnI+PGJyPgoKPEJSPjxCUj6ks6TBpOmkzsnMxrekz6SqyKGk6rzEpLvJzMa3pMikyqTqpN6kuaGjPEJSPgqwa8vNpN6kx6TLMy00yNXpZ7PMKLXqxW7Q3ZhJyNWk8rP9pK8ppKqVculnpPLtlLT3pKSkv6S3pN6kuaGjPEJSPgoqpLTXos7EpM7K/aTLpOikw6TGpM+wa8vNpKzfV6SvpMqk64j2us+krKSipOqk3qS5oaOl4algpeuky6TGpLTfQr1qpKSkv6S3pN6kuaGjPEJSPgqjqtPouOakyqSvpeGpYKWrqWCO/LespMikyqTrpLOkyKSspLSktqSkpN6kuTxicj48YnI+CjxCUj4Ksry12KTLpbmlv6XzpdekuaTrpMCksaTHoaKl0aW/qWCl86TIv3CkpLT6pM7ToaTEpLGkrM2slXKky6THpK2k3qS5oaM8QlI+ytbX95hJpMuxyKTZpMbV/bRfpMeluaXUqWClx6WjqWChozxCUj4Ksb7M5aSszbjD96THpbCl6qXDpcjI66TqpMqkzqTHoaKyvKTOxL+k5LH6pKzSiqTkpLmkr6GizrvWw5tRpOGkt6TkpLmkpKHuPEJSPjxCUj4KwFKk6re1pLfKuaSopMakyKTDpMak4rHjwPs/PEJSPgo8QlI+CtC01eakzzIwo+2j7aW/paSl16THpLkKPEJSPjxCUj4KpNKkt9DOKKXspeKl86W5pb+pYCmhoTMwo+2j7aW/paSl16TPpLOkwaTppKuk6TxCUj4KPEJSPjxCUj4KpNukq6TL1f3I/b3H0M6hoqXYpa+ltaW0pfOhoqTSpLfQzqGi1f23vdDOoaLWsb3Htv61yN54yP29x9DOpMqkyaTIvU2k37rPpO+ku6TGyrmkqKTepLmh7jxicj48aW1nIHNyYz0iaHR0cDovL3d3dy5yYWt1dGVuLm5lLmpwL2dvbGQvX25hZ295YTc1OC9mdWppamkvaW5zdGFsbF80Njh4NjAuanBnIiBib3JkZXI9IjAiPjxicj4gCjxkaXYgYWxpZ249ImNlbnRlciI+PGltZyBzcmM9Imh0dHA6Ly9pbWFnZS5yYWt1dGVuLmNvLmpwL2hhdGF3YS1rb2tvL2NhYmluZXQvdG9wL3RpdGxlLXJlY29tbWVuZC5naWYiIGFsdD0ipKqkuaS5pOHJzMa3IiB3aWR0aD0iNjYwIiBoZWlnaHQ9IjUwIj4KPC9kaXY+,ob7LzcHPn2/Bz6G/S0FXQUdVQ0hJoaGl0aW/qWCl86W5pb+l86XXoaGk0qS30M4opeyl4qXzpbmlv6lgKaGhMjBtbaG+pOakpqXRpbHT1qTPtqjQzs3iob+l0aXDpcGl76lgpa+jusbspM605cvJP8rW3L+kzrTly8k=,ytbcv8Or9OnG7Mn6tdil1aWhpbmlyqlgyL7Bz6TOpNyk6sbsufrG7MrW3L+yxMHPssO/cKW5pcGl3KlgpeuE09Hb6PPM7KXQpem71dXCy83Bz59vwc+lr6XtpdCpYKWopbOlr6XppdWlyKXqpcOlwaXipaKkz6S1pN+lwKWkpe2l86G+y83Bz59vwc+hv0tBV0FHVUNISaGhpdGlv6lgpfOluaW/pfOl16GhpNKkt9DOKKXspeKl86W5pb+pYCmhoTIwbW2hvqTmpKal0aWx09akz7ao0M7N4qG/pdGlw6XBpe+pYKWv,pdGlw6XBpe+pYKWvpMuho79wpKS+gKTIpaulw6XIvoCk8s2slXKky6W5pb+l86XXoe6ho6G+y83Bz59vwc+hv0tBV0FHVUNISaGhpdGlv6lgpfOluaW/pfOl16GhpNKkt9DOKKXspeKl86W5pb+pYCmhoTIwbW2hvqTmpKal0aWx09akz7ao0M7N4qG/pdGlw6XBpe+pYKWv[rn]
25-29611,aHR0cDovL3RzaG9wLnIxMHMuanAvaGF0YXdhLWtva28vY2FiaW5ldC8wMzc5MTQ0MC9pbWc2ODUyNjQxNC5qcGc/Zml0aW49NzAwOjcwMA==,MTI5Ni4wMDAw,,yNXTw8a362rYmz/OxLe/vt8/ytbcvyA+IMrW3L8/pa+l6aXVpcg/yfq12CA+ILXAvt8/pa2lw6XIID4gpdGlw6XBpe+pYKWvP6WtpeulxqWjpfOlsLXAvt8gPiCkvaTOy/s=,ob7LzcHPn2/Bz6G/S0FXQUdVQ0hJoaGl0aW/qWCl86W5pb+l86XX1f3I/b3H0M4yNm1tob6k5qSmpdGlsdPWpM+2qNDOzeKhv6XRpcOlwaXvqWClrw==,pdGlw6XBpe+pYKWvpMuho79wpKS+gKTIpaulw6XIvoCk8s2slXKky6W5pb+l86XXoe4=,pLOkwaTppM7JzMa3pM+hvqTmpKal0aWxpcOlyNPWpM+2qNDOzeLgXbHjob/LzcHPn2/Bz6THpKq97KSxpKSkv6S3pN6kuaGjPGJyPgq1vdfFyNWhorW918WVculnpM6ktNa4tqikz7PQpOyk3qS7pPOhozxicj48YnI+CqOq1ay8sbHjpMekzsXky82k8qS0z6PN+6TOpKq/zZiUpM+ktNeizsSkzutIpMuC5L+8mdqky6G41ay8sbHjpMekzsXky83Po837obmkyKS005vI66SvpMCktaSkoaM8YnI+CrXqxW6CyKTH1ay8sbHjy83Bz7zTy+OkzqSmpKiwa8vNpLWku6TGpKSkv6TApK2k3qS5oaM8YnI+PGJyPgoKPEJSPjxCUj6ks6TBpOmkzsnMxrekz6SqyKGk6rzEpLvJzMa3pMikyqTqpN6kuaGjPEJSPgqwa8vNpN6kx6TLMy00yNXpZ7PMKLXqxW7Q3ZhJyNWk8rP9pK8ppKqVculnpPLtlLT3pKSkv6S3pN6kuaGjPEJSPgoqpLTXos7EpM7K/aTLpOikw6TGpM+wa8vNpKzfV6SvpMqk64j2us+krKSipOqk3qS5oaOl4algpeuky6TGpLTfQr1qpKSkv6S3pN6kuaGjPEJSPgqjqtPouOakyqSvpeGpYKWrqWCO/LespMikyqTrpLOkyKSspLSktqSkpN6kuTxicj48YnI+Cgo8QlI+CrK8tdiky6W5pb+l86XXpLmk66TApLGkx6GipdGlv6lgpfOkyL9wpKS0+qTO06GkxKSxpKzNrJVypMukx6StpN6kuaGjPEJSPsrW1/eYSaTLscik2aTG1f20X6THpbml1Klgpcelo6lgoaM8QlI+CrG+zOWkrM24w/ekx6Wwpeqlw6XIyOuk6qTKpM6kx6GisrykzsS/pOSx+qSs0oqk5KS5pK+hos671sObUaThpLek5KS5pKSh7jxCUj48QlI+CsBSpOq3taS3yrmkqKTGpMikw6TGpOKx48D7PzxCUj4KPEJSPgrQtNXmpM80NKPto+2lv6Wkpdekx6S5CjxCUj48QlI+CtX9yP29x9DOoaEyMqPto+2lv6Wkpdekz6SzpMGk6aSrpOk8QlI+CtX9yP29x9DOoaE0NKPto+2lv6Wkpdekz6SzpMGk6aSrpOk8QlI+CtX9yP29x9DOoaE1MqPto+2lv6Wkpdekz6SzpMGk6aSrpOk8QlI+PEJSPgqk26SrpMul2KWvpbWltKXzoaKk0qS30M6hotX9t73QzqGi1rG9x7b+tcjeeMj9vcfQzqGipNKkt9DOKKXspeKl86W5pb+pYCmkyqTJpMi9TaTfus+k76S7pMbKuaSopN6kuaHuPGJyPjxpbWcgc3JjPSJodHRwOi8vd3d3LnJha3V0ZW4ubmUuanAvZ29sZC9fbmFnb3lhNzU4L2Z1amlqaS9pbnN0YWxsXzQ2OHg2MC5qcGciIGJvcmRlcj0iMCI+PGJyPiAKPGRpdiBhbGlnbj0iY2VudGVyIj48aW1nIHNyYz0iaHR0cDovL2ltYWdlLnJha3V0ZW4uY28uanAvaGF0YXdhLWtva28vY2FiaW5ldC90b3AvdGl0bGUtcmVjb21tZW5kLmdpZiIgYWx0PSKkqqS5pLmk4cnMxrciIHdpZHRoPSI2NjAiIGhlaWdodD0iNTAiPgo8L2Rpdj4=,ob7LzcHPn2/Bz6G/S0FXQUdVQ0hJoaGl0aW/qWCl86W5pb+l86XX1f3I/b3H0M4yNm1tob6k5qSmpdGlsdPWpM+2qNDOzeKhv6XRpcOlwaXvqWClr6O6xuykzrTly8k/ytbcv6TOtOXLyQ==,ytbcv8Or9OnG7Mn6tdil1aWhpbmlyqlgyL7Bz6TOpNyk6sbsufrG7MrW3L+yxMHPssO/cKW5pcGl3KlgpeuE09Hb6PPM7KXQpem71dXCy83Bz59vwc+lr6XtpdCpYKWopbOlr6XppdWlyKXqpcOlwaXipaKkz6S1pN+lwKWkpe2l86G+y83Bz59vwc+hv0tBV0FHVUNISaGhpdGlv6lgpfOluaW/pfOl19X9yP29x9DOMjZtbaG+pOakpqXRpbHT1qTPtqjQzs3iob+l0aXDpcGl76lgpa8=,pdGlw6XBpe+pYKWvpMuho79wpKS+gKTIpaulw6XIvoCk8s2slXKky6W5pb+l86XXoe6ho6G+y83Bz59vwc+hv0tBV0FHVUNISaGhpdGlv6lgpfOluaW/pfOl19X9yP29x9DOMjZtbaG+pOakpqXRpbHT1qTPtqjQzs3iob+l0aXDpcGl76lgpa8=[rn]
25-29612,aHR0cDovL3RzaG9wLnIxMHMuanAvaGF0YXdhLWtva28vY2FiaW5ldC8wMzc5MTQ0MC9pbWc2ODUyNjQyMS5qcGc/Zml0aW49NzAwOjcwMA==,MTIxNi4wMDAw,,yNXTw8a362rYmz/OxLe/vt8/ytbcvyA+IMrW3L8/pa+l6aXVpcg/yfq12CA+ILXAvt8/pa2lw6XIID4gpdGlw6XBpe+pYKWvP6WtpeulxqWjpfOlsLXAvt8gPiCkvaTOy/s=,ob7LzcHPn2/Bz6G/S0FXQUdVQ0hJoaGl0aW/qWCl86W5pb+l86XX1rG9x7b+tcjeeMj9vcfQzqGhMjBtbaG+pOakpqXRpbHT1qTPtqjQzs3iob+l0aXDpcGl76lgpa8=,pdGlw6XBpe+pYKWvpMuho79wpKS+gKTIpaulw6XIvoCk8s2slXKky6W5pb+l86XXoe4=,pLOkwaTppM7JzMa3pM+hvqTmpKal0aWxpcOlyNPWpM+2qNDOzeLgXbHjob/LzcHPn2/Bz6THpKq97KSxpKSkv6S3pN6kuaGjPGJyPgq1vdfFyNWhorW918WVculnpM6ktNa4tqikz7PQpOyk3qS7pPOhozxicj48YnI+CqOq1ay8sbHjpMekzsXky82k8qS0z6PN+6TOpKq/zZiUpM+ktNeizsSkzutIpMuC5L+8mdqky6G41ay8sbHjpMekzsXky83Po837obmkyKS005vI66SvpMCktaSkoaM8YnI+CrXqxW6CyKTH1ay8sbHjy83Bz7zTy+OkzqSmpKiwa8vNpLWku6TGpKSkv6TApK2k3qS5oaM8YnI+PGJyPgoKPEJSPjxCUj6ks6TBpOmkzsnMxrekz6SqyKGk6rzEpLvJzMa3pMikyqTqpN6kuaGjPEJSPgqwa8vNpN6kx6TLMy00yNXpZ7PMKLXqxW7Q3ZhJyNWk8rP9pK8ppKqVculnpPLtlLT3pKSkv6S3pN6kuaGjPEJSPgoqpLTXos7EpM7K/aTLpOikw6TGpM+wa8vNpKzfV6SvpMqk64j2us+krKSipOqk3qS5oaOl4algpeuky6TGpLTfQr1qpKSkv6S3pN6kuaGjPEJSPgqjqtPouOakyqSvpeGpYKWrqWCO/LespMikyqTrpLOkyKSspLSktqSkpN6kuTxicj48YnI+CjxCUj4Ksry12KTLpbmlv6XzpdekuaTrpMCksaTHoaKl0aW/qWCl86TIv3CkpLT6pM7ToaTEpLGkrM2slXKky6THpK2k3qS5oaM8QlI+ytbX95hJpMuxyKTZpMbV/bRfpMeluaXUqWClx6WjqWChozxCUj4Ksb7M5aSszbjD96THpbCl6qXDpcjI66TqpMqkzqTHoaKyvKTOxL+k5LH6pKzSiqTkpLmkr6GizrvWw5tRpOGkt6TkpLmkpKHuPEJSPjxCUj4KwFKk6re1pLfKuaSopMakyKTDpMak4rHjwPs/PEJSPgo8QlI+CtC01eakzzIwo+2j7aW/paSl16THpLkKPEJSPjxCUj4K1rG9x7b+tcjeeMj9vcfQzqGhMzCj7aPtpb+lpKXXpM+ks6TBpOmkq6TpPEJSPgo8QlI+PEJSPgqk26SrpMvV/cj9vcfQzqGipdilr6W1pbSl86GipNKkt9DOoaLV/be90M6hoqTSpLfQziil7KXipfOluaW/qWAppMqkyaTIvU2k37rPpO+ku6TGyrmkqKTepLmh7jxicj48aW1nIHNyYz0iaHR0cDovL3d3dy5yYWt1dGVuLm5lLmpwL2dvbGQvX25hZ295YTc1OC9mdWppamkvaW5zdGFsbF80Njh4NjAuanBnIiBib3JkZXI9IjAiPjxicj4gCjxkaXYgYWxpZ249ImNlbnRlciI+PGltZyBzcmM9Imh0dHA6Ly9pbWFnZS5yYWt1dGVuLmNvLmpwL2hhdGF3YS1rb2tvL2NhYmluZXQvdG9wL3RpdGxlLXJlY29tbWVuZC5naWYiIGFsdD0ipKqkuaS5pOHJzMa3IiB3aWR0aD0iNjYwIiBoZWlnaHQ9IjUwIj4KPC9kaXY+,ob7LzcHPn2/Bz6G/S0FXQUdVQ0hJoaGl0aW/qWCl86W5pb+l86XX1rG9x7b+tcjeeMj9vcfQzqGhMjBtbaG+pOakpqXRpbHT1qTPtqjQzs3iob+l0aXDpcGl76lgpa+jusbspM605cvJP8rW3L+kzrTly8k=,ytbcv8Or9OnG7Mn6tdil1aWhpbmlyqlgyL7Bz6TOpNyk6sbsufrG7MrW3L+yxMHPssO/cKW5pcGl3KlgpeuE09Hb6PPM7KXQpem71dXCy83Bz59vwc+lr6XtpdCpYKWopbOlr6XppdWlyKXqpcOlwaXipaKkz6S1pN+lwKWkpe2l86G+y83Bz59vwc+hv0tBV0FHVUNISaGhpdGlv6lgpfOluaW/pfOl19axvce2/rXI3njI/b3H0M6hoTIwbW2hvqTmpKal0aWx09akz7ao0M7N4qG/pdGlw6XBpe+pYKWv,pdGlw6XBpe+pYKWvpMuho79wpKS+gKTIpaulw6XIvoCk8s2slXKky6W5pb+l86XXoe6ho6G+y83Bz59vwc+hv0tBV0FHVUNISaGhpdGlv6lgpfOluaW/pfOl19axvce2/rXI3njI/b3H0M6hoTIwbW2hvqTmpKal0aWx09akz7ao0M7N4qG/pdGlw6XBpe+pYKWv[rn]
25-29613,aHR0cDovL3RzaG9wLnIxMHMuanAvaGF0YXdhLWtva28vY2FiaW5ldC8wMzc5MTQ0MC9pbWc2ODUyNjQyMC5qcGc/Zml0aW49NzAwOjcwMA==,MTYzMi4wMDAw,,yNXTw8a362rYmz/OxLe/vt8/ytbcvyA+IMrW3L8/pa+l6aXVpcg/yfq12CA+ILXAvt8/pa2lw6XIID4gpdGlw6XBpe+pYKWvP6WtpeulxqWjpfOlsLXAvt8gPiCkvaTOy/s=,ob7LzcHPn2/Bz6G/S0FXQUdVQ0hJoaGl0aW/qWCl86W5pb+l86XXpNKkt9DOKKXspeKl86W5pb+pYCmhoTMwbW2hvqTmpKal0aWx09akz7ao0M7N4qG/pdGlw6XBpe+pYKWv,pdGlw6XBpe+pYKWvpMuho79wpKS+gKTIpaulw6XIvoCk8s2slXKky6W5pb+l86XXoe4=,pLOkwaTppM7JzMa3pM+hvqTmpKal0aWxpcOlyNPWpM+2qNDOzeLgXbHjob/LzcHPn2/Bz6THpKq97KSxpKSkv6S3pN6kuaGjPGJyPgq1vdfFyNWhorW918WVculnpM6ktNa4tqikz7PQpOyk3qS7pPOhozxicj48YnI+CqOq1ay8sbHjpMekzsXky82k8qS0z6PN+6TOpKq/zZiUpM+ktNeizsSkzutIpMuC5L+8mdqky6G41ay8sbHjpMekzsXky83Po837obmkyKS005vI66SvpMCktaSkoaM8YnI+CrXqxW6CyKTH1ay8sbHjy83Bz7zTy+OkzqSmpKiwa8vNpLWku6TGpKSkv6TApK2k3qS5oaM8YnI+PGJyPgoKPEJSPjxCUj6ks6TBpOmkzsnMxrekz6SqyKGk6rzEpLvJzMa3pMikyqTqpN6kuaGjPEJSPgqwa8vNpN6kx6TLMy00yNXpZ7PMKLXqxW7Q3ZhJyNWk8rP9pK8ppKqVculnpPLtlLT3pKSkv6S3pN6kuaGjPEJSPgoqpLTXos7EpM7K/aTLpOikw6TGpM+wa8vNpKzfV6SvpMqk64j2us+krKSipOqk3qS5oaOl4algpeuky6TGpLTfQr1qpKSkv6S3pN6kuaGjPEJSPgqjqtPouOakyqSvpeGpYKWrqWCO/LespMikyqTrpLOkyKSspLSktqSkpN6kuTxicj48YnI+CjxCUj4Ksry12KTLpbmlv6XzpdekuaTrpMCksaTHoaKl0aW/qWCl86TIv3CkpLT6pM7ToaTEpLGkrM2slXKky6THpK2k3qS5oaM8QlI+ytbX95hJpMuxyKTZpMbV/bRfpMeluaXUqWClx6WjqWChozxCUj4Ksb7M5aSszbjD96THpbCl6qXDpcjI66TqpMqkzqTHoaKyvKTOxL+k5LH6pKzSiqTkpLmkr6GizrvWw5tRpOGkt6TkpLmkpKHuPEJSPjxCUj4KwFKk6re1pLfKuaSopMakyKTDpMak4rHjwPs/PEJSPgo8QlI+CtC01eakzzIwo+2j7aW/paSl16THpLkKPEJSPjxCUj4KpNKkt9DOKKXspeKl86W5pb+pYCmhoTIwo+2j7aW/paSl16TPpLOkwaTppKuk6TxCUj4KPEJSPjxCUj4KpNukq6TL1f3I/b3H0M6hoqXYpa+ltaW0pfOhoqTSpLfQzqGi1f23vdDOoaLWsb3Htv61yN54yP29x9DOpMqkyaTIvU2k37rPpO+ku6TGyrmkqKTepLmh7jxicj48aW1nIHNyYz0iaHR0cDovL3d3dy5yYWt1dGVuLm5lLmpwL2dvbGQvX25hZ295YTc1OC9mdWppamkvaW5zdGFsbF80Njh4NjAuanBnIiBib3JkZXI9IjAiPjxicj4gCjxkaXYgYWxpZ249ImNlbnRlciI+PGltZyBzcmM9Imh0dHA6Ly9pbWFnZS5yYWt1dGVuLmNvLmpwL2hhdGF3YS1rb2tvL2NhYmluZXQvdG9wL3RpdGxlLXJlY29tbWVuZC5naWYiIGFsdD0ipKqkuaS5pOHJzMa3IiB3aWR0aD0iNjYwIiBoZWlnaHQ9IjUwIj4KPC9kaXY+,ob7LzcHPn2/Bz6G/S0FXQUdVQ0hJoaGl0aW/qWCl86W5pb+l86XXpNKkt9DOKKXspeKl86W5pb+pYCmhoTMwbW2hvqTmpKal0aWx09akz7ao0M7N4qG/pdGlw6XBpe+pYKWvo7rG7KTOtOXLyT/K1ty/pM605cvJ,ytbcv8Or9OnG7Mn6tdil1aWhpbmlyqlgyL7Bz6TOpNyk6sbsufrG7MrW3L+yxMHPssO/cKW5pcGl3KlgpeuE09Hb6PPM7KXQpem71dXCy83Bz59vwc+lr6XtpdCpYKWopbOlr6XppdWlyKXqpcOlwaXipaKkz6S1pN+lwKWkpe2l86G+y83Bz59vwc+hv0tBV0FHVUNISaGhpdGlv6lgpfOluaW/pfOl16TSpLfQziil7KXipfOluaW/qWApoaEzMG1tob6k5qSmpdGlsdPWpM+2qNDOzeKhv6XRpcOlwaXvqWClrw==,pdGlw6XBpe+pYKWvpMuho79wpKS+gKTIpaulw6XIvoCk8s2slXKky6W5pb+l86XXoe6ho6G+y83Bz59vwc+hv0tBV0FHVUNISaGhpdGlv6lgpfOluaW/pfOl16TSpLfQziil7KXipfOluaW/qWApoaEzMG1tob6k5qSmpdGlsdPWpM+2qNDOzeKhv6XRpcOlwaXvqWClrw==[rn]
25-29614,aHR0cDovL3RzaG9wLnIxMHMuanAvaGF0YXdhLWtva28vY2FiaW5ldC8wMzc5MTQ0MC9pbWc2ODUyNjQyMS5qcGc/Zml0aW49NzAwOjcwMA==,MTM4NC4wMDAw,,yNXTw8a362rYmz/OxLe/vt8/ytbcvyA+IMrW3L8/pa+l6aXVpcg/yfq12CA+ILXAvt8/pa2lw6XIID4gpdGlw6XBpe+pYKWvP6WtpeulxqWjpfOlsLXAvt8gPiCkvaTOy/s=,ob7LzcHPn2/Bz6G/S0FXQUdVQ0hJoaGl0aW/qWCl86W5pb+l86XX1rG9x7b+tcjeeMj9vcfQzqGhMzBtbaG+pOakpqXRpbHT1qTPtqjQzs3iob+l0aXDpcGl76lgpa8=,pdGlw6XBpe+pYKWvpMuho79wpKS+gKTIpaulw6XIvoCk8s2slXKky6W5pb+l86XXoe4=,PGJyPjxicj4KpLOkwaTppM7JzMa3pM+hvqTmpKal0aWxpcOlyNPWpM+2qNDOzeLgXbHjob/LzcHPn2/Bz6THpKq97KSxpKSkv6S3pN6kuaGjPGJyPgq1vdfFyNWhorW918WVculnpM6ktNa4tqikz7PQpOyk3qS7pPOhozxicj48YnI+CqOq1ay8sbHjpMekzsXky82k8qS0z6PN+6TOpKq/zZiUpM+ktNeizsSkzutIpMuC5L+8mdqky6G41ay8sbHjpMekzsXky83Po837obmkyKS005vI66SvpMCktaSkoaM8YnI+CrXqxW6CyKTH1ay8sbHjy83Bz7zTy+OkzqSmpKiwa8vNpLWku6TGpKSkv6TApK2k3qS5oaM8YnI+PGJyPgoKPEJSPjxCUj6ks6TBpOmkzsnMxrekz6SqyKGk6rzEpLvJzMa3pMikyqTqpN6kuaGjPEJSPgqwa8vNpN6kx6TLMy00yNXpZ7PMKLXqxW7Q3ZhJyNWk8rP9pK8ppKqVculnpPLtlLT3pKSkv6S3pN6kuaGjPEJSPgoqpLTXos7EpM7K/aTLpOikw6TGpM+wa8vNpKzfV6SvpMqk64j2us+krKSipOqk3qS5oaOl4algpeuky6TGpLTfQr1qpKSkv6S3pN6kuaGjPEJSPgqjqtPouOakyqSvpeGpYKWrqWCO/LespMikyqTrpLOkyKSspLSktqSkpN6kuTxicj48YnI+PEJSPgqyvLXYpMuluaW/pfOl16S5pOukwKSxpMehoqXRpb+pYKXzpMi/cKSktPqkztOhpMSksaSszayVcqTLpMekraTepLmhozxCUj7K1tf3mEmky7HIpNmkxtX9tF+kx6W5pdSpYKXHpaOpYKGjPEJSPgqxvszlpKzNuMP3pMelsKXqpcOlyMjrpOqkyqTOpMehorK8pM7Ev6TksfqkrNKKpOSkuaSvoaLOu9bDm1Gk4aS3pOSkuaSkoe48QlI+PEJSPgrAUqTqt7Wkt8q5pKikxqTIpMOkxqTisePA+z88QlI+CjxCUj4K0LTV5qTPMjCj7aPtpb+lpKXXpMekuQo8QlI+PEJSPgrWsb3Htv61yN54yP29x9DOoaEyMKPto+2lv6Wkpdekz6SzpMGk6aSrpOk8QlI+CjxCUj48QlI+CqTbpKuky9X9yP29x9DOoaKl2KWvpbWltKXzoaKk0qS30M6hotX9t73QzqGipNKkt9DOKKXspeKl86W5pb+pYCmkyqTJpMi9TaTfus+k76S7pMbKuaSopN6kuaHuPGJyPjxpbWcgc3JjPSJodHRwOi8vd3d3LnJha3V0ZW4ubmUuanAvZ29sZC9fbmFnb3lhNzU4L2Z1amlqaS9pbnN0YWxsXzQ2OHg2MC5qcGciIGJvcmRlcj0iMCI+PGJyPiAKPGRpdiBhbGlnbj0iY2VudGVyIj48aW1nIHNyYz0iaHR0cDovL2ltYWdlLnJha3V0ZW4uY28uanAvaGF0YXdhLWtva28vY2FiaW5ldC90b3AvdGl0bGUtcmVjb21tZW5kLmdpZiIgYWx0PSKkqqS5pLmk4cnMxrciIHdpZHRoPSI2NjAiIGhlaWdodD0iNTAiPgo8L2Rpdj4=,ob7LzcHPn2/Bz6G/S0FXQUdVQ0hJoaGl0aW/qWCl86W5pb+l86XX1rG9x7b+tcjeeMj9vcfQzqGhMzBtbaG+pOakpqXRpbHT1qTPtqjQzs3iob+l0aXDpcGl76lgpa+jusbspM605cvJP8rW3L+kzrTly8k=,ytbcv8Or9OnG7Mn6tdil1aWhpbmlyqlgyL7Bz6TOpNyk6sbsufrG7MrW3L+yxMHPssO/cKW5pcGl3KlgpeuE09Hb6PPM7KXQpem71dXCy83Bz59vwc+lr6XtpdCpYKWopbOlr6XppdWlyKXqpcOlwaXipaKkz6S1pN+lwKWkpe2l86G+y83Bz59vwc+hv0tBV0FHVUNISaGhpdGlv6lgpfOluaW/pfOl19axvce2/rXI3njI/b3H0M6hoTMwbW2hvqTmpKal0aWx09akz7ao0M7N4qG/pdGlw6XBpe+pYKWv,pdGlw6XBpe+pYKWvpMuho79wpKS+gKTIpaulw6XIvoCk8s2slXKky6W5pb+l86XXoe6ho6G+y83Bz59vwc+hv0tBV0FHVUNISaGhpdGlv6lgpfOluaW/pfOl19axvce2/rXI3njI/b3H0M6hoTMwbW2hvqTmpKal0aWx09akz7ao0M7N4qG/pdGlw6XBpe+pYKWv[rn]
25-29615,aHR0cDovL3RzaG9wLnIxMHMuanAvaGF0YXdhLWtva28vY2FiaW5ldC8wMzc5MTQ0MC9pbWc2ODUyNjQyMi5qcGc/Zml0aW49NzAwOjcwMA==,MTIxNi4wMDAw,,yNXTw8a362rYmz/OxLe/vt8/ytbcvyA+IMrW3L8/pa+l6aXVpcg/yfq12CA+ILXAvt8/pa2lw6XIID4gpdGlw6XBpe+pYKWvP6WtpeulxqWjpfOlsLXAvt8gPiCkvaTOy/s=,ob7LzcHPn2/Bz6G/S0FXQUdVQ0hJoaGl0aW/qWCl86W5pb+l86XX1f23vdDOoaEyMG1tob6k5qSmpdGlsdPWpM+2qNDOzeKhv6XRpcOlwaXvqWClrw==,pdGlw6XBpe+pYKWvpMuho79wpKS+gKTIpaulw6XIvoCk8s2slXKky6W5pb+l86XXoe4=,PDxicj48YnI+CqSzpMGk6aTOyczGt6TPob6k5qSmpdGlsaXDpcjT1qTPtqjQzs3i4F2x46G/y83Bz59vwc+kx6SqveyksaSkpL+kt6TepLmhozxicj4Ktb3XxcjVoaK1vdfFlXLpZ6TOpLTWuLaopM+z0KTspN6ku6TzoaM8YnI+PGJyPgqjqtWsvLGx46THpM7F5MvNpPKktM+jzfukzqSqv82YlKTPpLTXos7EpM7rSKTLguS/vJnapMuhuNWsvLGx46THpM7F5MvNz6PN+6G5pMiktNObyOukr6TApLWkpKGjPGJyPgq16sVugsikx9WsvLGx48vNwc+808vjpM6kpqSosGvLzaS1pLukxqSkpL+kwKStpN6kuaGjPGJyPjxicj4KCjxCUj48QlI+pLOkwaTppM7JzMa3pM+kqsihpOq8xKS7yczGt6TIpMqk6qTepLmhozxCUj4KsGvLzaTepMekyzMtNMjV6WezzCi16sVu0N2YScjVpPKz/aSvKaSqlXLpZ6Ty7ZS096SkpL+kt6TepLmhozxCUj4KKqS016LOxKTOyv2ky6TopMOkxqTPsGvLzaSs31ekr6TKpOuI9rrPpKykoqTqpN6kuaGjpeGpYKXrpMukxqS030K9aqSkpL+kt6TepLmhozxCUj4Ko6rT6LjmpMqkr6XhqWClq6lgjvy3rKTIpMqk66SzpMikrKS0pLakpKTepLk8YnI+PGJyPgpCUj4Ksry12KTLpbmlv6XzpdekuaTrpMCksaTHoaKl0aW/qWCl86TIv3CkpLT6pM7ToaTEpLGkrM2slXKky6THpK2k3qS5oaM8QlI+ytbX95hJpMuxyKTZpMbV/bRfpMeluaXUqWClx6WjqWChozxCUj4Ksb7M5aSszbjD96THpbCl6qXDpcjI66TqpMqkzqTHoaKyvKTOxL+k5LH6pKzSiqTkpLmkr6GizrvWw5tRpOGkt6TkpLmkpKHuPEJSPjxCUj4KwFKk6re1pLfKuaSopMakyKTDpMak4rHjwPs/PEJSPgo8QlI+CtC01eakzzIwo+2j7aW/paSl16THpLkKPEJSPjxCUj4K1f23vdDOoaEzMKPto+2lv6Wkpdekz6SzpMGk6aSrpOk8QlI+CjxCUj48QlI+CqTbpKuky9X9yP29x9DOoaKl2KWvpbWltKXzoaKk0qS30M6hotaxvce2/rXI3njI/b3H0M6hoqTSpLfQziil7KXipfOluaW/qWAppMqkyaTIvU2k37rPpO+ku6TGyrmkqKTepLmh7jxicj48aW1nIHNyYz0iaHR0cDovL3d3dy5yYWt1dGVuLm5lLmpwL2dvbGQvX25hZ295YTc1OC9mdWppamkvaW5zdGFsbF80Njh4NjAuanBnIiBib3JkZXI9IjAiPjxicj4gCjxkaXYgYWxpZ249ImNlbnRlciI+PGltZyBzcmM9Imh0dHA6Ly9pbWFnZS5yYWt1dGVuLmNvLmpwL2hhdGF3YS1rb2tvL2NhYmluZXQvdG9wL3RpdGxlLXJlY29tbWVuZC5naWYiIGFsdD0ipKqkuaS5pOHJzMa3IiB3aWR0aD0iNjYwIiBoZWlnaHQ9IjUwIj4KPC9kaXY+,ob7LzcHPn2/Bz6G/S0FXQUdVQ0hJoaGl0aW/qWCl86W5pb+l86XX1f23vdDOoaEyMG1tob6k5qSmpdGlsdPWpM+2qNDOzeKhv6XRpcOlwaXvqWClr6O6xuykzrTly8k/ytbcv6TOtOXLyQ==,ytbcv8Or9OnG7Mn6tdil1aWhpbmlyqlgyL7Bz6TOpNyk6sbsufrG7MrW3L+yxMHPssO/cKW5pcGl3KlgpeuE09Hb6PPM7KXQpem71dXCy83Bz59vwc+lr6XtpdCpYKWopbOlr6XppdWlyKXqpcOlwaXipaKkz6S1pN+lwKWkpe2l86G+y83Bz59vwc+hv0tBV0FHVUNISaGhpdGlv6lgpfOluaW/pfOl19X9t73QzqGhMjBtbaG+pOakpqXRpbHT1qTPtqjQzs3iob+l0aXDpcGl76lgpa8=,pdGlw6XBpe+pYKWvpMuho79wpKS+gKTIpaulw6XIvoCk8s2slXKky6W5pb+l86XXoe6ho6G+y83Bz59vwc+hv0tBV0FHVUNISaGhpdGlv6lgpfOluaW/pfOl19X9t73QzqGhMjBtbaG+pOakpqXRpbHT1qTPtqjQzs3iob+l0aXDpcGl76lgpa8=[rn]
25-29616,aHR0cDovL3RzaG9wLnIxMHMuanAvaGF0YXdhLWtva28vY2FiaW5ldC8wMzc5MTQ0MC9pbWc2ODUyNjQxNC5qcGc/Zml0aW49NzAwOjcwMA==,MTUzNi4wMDAw,,yNXTw8a362rYmz/OxLe/vt8/ytbcvyA+IMrW3L8/pa+l6aXVpcg/yfq12CA+ILXAvt8/pa2lw6XIID4gpdGlw6XBpe+pYKWvP6WtpeulxqWjpfOlsLXAvt8gPiCkvaTOy/s=,ob7LzcHPn2/Bz6G/S0FXQUdVQ0hJoaGl0aW/qWCl86W5pb+l86XX1f3I/b3H0M40NG1tob6k5qSmpdGlsdPWpM+2qNDOzeKhv6XRpcOlwaXvqWClrw==,pdGlw6XBpe+pYKWvpMuho79wpKS+gKTIpaulw6XIvoCk8s2slXKky6W5pb+l86XXoe4=,pLOkwaTppM7JzMa3pM+hvqTmpKal0aWxpcOlyNPWpM+2qNDOzeLgXbHjob/LzcHPn2/Bz6THpKq97KSxpKSkv6S3pN6kuaGjPGJyPgq1vdfFyNWhorW918WVculnpM6ktNa4tqikz7PQpOyk3qS7pPOhozxicj48YnI+CqOq1ay8sbHjpMekzsXky82k8qS0z6PN+6TOpKq/zZiUpM+ktNeizsSkzutIpMuC5L+8mdqky6G41ay8sbHjpMekzsXky83Po837obmkyKS005vI66SvpMCktaSkoaM8YnI+CrXqxW6CyKTH1ay8sbHjy83Bz7zTy+OkzqSmpKiwa8vNpLWku6TGpKSkv6TApK2k3qS5oaM8YnI+PGJyPgoKPEJSPjxCUj6ks6TBpOmkzsnMxrekz6SqyKGk6rzEpLvJzMa3pMikyqTqpN6kuaGjPEJSPgqwa8vNpN6kx6TLMy00yNXpZ7PMKLXqxW7Q3ZhJyNWk8rP9pK8ppKqVculnpPLtlLT3pKSkv6S3pN6kuaGjPEJSPgoqpLTXos7EpM7K/aTLpOikw6TGpM+wa8vNpKzfV6SvpMqk64j2us+krKSipOqk3qS5oaOl4algpeuky6TGpLTfQr1qpKSkv6S3pN6kuaGjPEJSPgqjqtPouOakyqSvpeGpYKWrqWCO/LespMikyqTrpLOkyKSspLSktqSkpN6kuTxicj48YnI+Cgo8QlI+CrK8tdiky6W5pb+l86XXpLmk66TApLGkx6GipdGlv6lgpfOkyL9wpKS0+qTO06GkxKSxpKzNrJVypMukx6StpN6kuaGjPEJSPsrW1/eYSaTLscik2aTG1f20X6THpbml1Klgpcelo6lgoaM8QlI+CrG+zOWkrM24w/ekx6Wwpeqlw6XIyOuk6qTKpM6kx6GisrykzsS/pOSx+qSs0oqk5KS5pK+hos671sObUaThpLek5KS5pKSh7jxCUj48QlI+CsBSpOq3taS3yrmkqKTGpMikw6TGpOKx48D7PzxCUj4KPEJSPgrQtNXmpM80NKPto+2lv6Wkpdekx6S5CjxCUj48QlI+CtX9yP29x9DOoaEyMqPto+2lv6Wkpdekz6SzpMGk6aSrpOk8QlI+CtX9yP29x9DOoaEyNqPto+2lv6Wkpdekz6SzpMGk6aSrpOk8QlI+CtX9yP29x9DOoaE1MqPto+2lv6Wkpdekz6SzpMGk6aSrpOk8QlI+PEJSPgqk26SrpMul2KWvpbWltKXzoaKk0qS30M6hotX9t73QzqGi1rG9x7b+tcjeeMj9vcfQzqGipNKkt9DOKKXspeKl86W5pb+pYCmkyqTJpMi9TaTfus+k76S7pMbKuaSopN6kuaHuPGJyPjxpbWcgc3JjPSJodHRwOi8vd3d3LnJha3V0ZW4ubmUuanAvZ29sZC9fbmFnb3lhNzU4L2Z1amlqaS9pbnN0YWxsXzQ2OHg2MC5qcGciIGJvcmRlcj0iMCI+PGJyPiAKPGRpdiBhbGlnbj0iY2VudGVyIj48aW1nIHNyYz0iaHR0cDovL2ltYWdlLnJha3V0ZW4uY28uanAvaGF0YXdhLWtva28vY2FiaW5ldC90b3AvdGl0bGUtcmVjb21tZW5kLmdpZiIgYWx0PSKkqqS5pLmk4cnMxrciIHdpZHRoPSI2NjAiIGhlaWdodD0iNTAiPgo8L2Rpdj4=,ob7LzcHPn2/Bz6G/S0FXQUdVQ0hJoaGl0aW/qWCl86W5pb+l86XX1f3I/b3H0M40NG1tob6k5qSmpdGlsdPWpM+2qNDOzeKhv6XRpcOlwaXvqWClr6O6xuykzrTly8k/ytbcv6TOtOXLyQ==,ytbcv8Or9OnG7Mn6tdil1aWhpbmlyqlgyL7Bz6TOpNyk6sbsufrG7MrW3L+yxMHPssO/cKW5pcGl3KlgpeuE09Hb6PPM7KXQpem71dXCy83Bz59vwc+lr6XtpdCpYKWopbOlr6XppdWlyKXqpcOlwaXipaKkz6S1pN+lwKWkpe2l86G+y83Bz59vwc+hv0tBV0FHVUNISaGhpdGlv6lgpfOluaW/pfOl19X9yP29x9DONDRtbaG+pOakpqXRpbHT1qTPtqjQzs3iob+l0aXDpcGl76lgpa8=,pdGlw6XBpe+pYKWvpMuho79wpKS+gKTIpaulw6XIvoCk8s2slXKky6W5pb+l86XXoe6ho6G+y83Bz59vwc+hv0tBV0FHVUNISaGhpdGlv6lgpfOluaW/pfOl19X9yP29x9DONDRtbaG+pOakpqXRpbHT1qTPtqjQzs3iob+l0aXDpcGl76lgpa8=[rn]
25-29617,aHR0cDovL3RzaG9wLnIxMHMuanAvaGF0YXdhLWtva28vY2FiaW5ldC8wMzc5MTQ0MC9pbWc2ODUyNjQxOC5qcGc/Zml0aW49NzAwOjcwMA==,MTI5Ni4wMDAw,,yNXTw8a362rYmz/OxLe/vt8/ytbcvyA+IMrW3L8/pa+l6aXVpcg/yfq12CA+ILXAvt8/pa2lw6XIID4gpdGlw6XBpe+pYKWvP6WtpeulxqWjpfOlsLXAvt8gPiCkvaTOy/s=,ob7LzcHPn2/Bz6G/S0FXQUdVQ0hJoaGl0aW/qWCl86W5pb+l86XXpdilr6W1pbSl86GhMTJtbaG+pOakpqXRpbHT1qTPtqjQzs3iob+l0aXDpcGl76lgpa8=,pdGlw6XBpe+pYKWvpMuho79wpKS+gKTIpaulw6XIvoCk8s2slXKky6W5pb+l86XXoe4=,pLOkwaTppM7JzMa3pM+hvqTmpKal0aWxpcOlyNPWpM+2qNDOzeLgXbHjob/LzcHPn2/Bz6THpKq97KSxpKSkv6S3pN6kuaGjPGJyPgq1vdfFyNWhorW918WVculnpM6ktNa4tqikz7PQpOyk3qS7pPOhozxicj48YnI+CqOq1ay8sbHjpMekzsXky82k8qS0z6PN+6TOpKq/zZiUpM+ktNeizsSkzutIpMuC5L+8mdqky6G41ay8sbHjpMekzsXky83Po837obmkyKS005vI66SvpMCktaSkoaM8YnI+CrXqxW6CyKTH1ay8sbHjy83Bz7zTy+OkzqSmpKiwa8vNpLWku6TGpKSkv6TApK2k3qS5oaM8YnI+PGJyPgoKPEJSPjxCUj6ks6TBpOmkzsnMxrekz6SqyKGk6rzEpLvJzMa3pMikyqTqpN6kuaGjPEJSPgqwa8vNpN6kx6TLMy00yNXpZ7PMKLXqxW7Q3ZhJyNWk8rP9pK8ppKqVculnpPLtlLT3pKSkv6S3pN6kuaGjPEJSPgoqpLTXos7EpM7K/aTLpOikw6TGpM+wa8vNpKzfV6SvpMqk64j2us+krKSipOqk3qS5oaOl4algpeuky6TGpLTfQr1qpKSkv6S3pN6kuaGjPEJSPgqjqtPouOakyqSvpeGpYKWrqWCO/LespMikyqTrpLOkyKSspLSktqSkpN6kuTxicj48YnI+Cgo8QlI+CrK8tdiky6W5pb+l86XXpLmk66TApLGkx6GipdGlv6lgpfOkyL9wpKS0+qTO06GkxKSxpKzNrJVypMukx6StpN6kuaGjPEJSPsrW1/eYSaTLscik2aTG1f20X6THpbml1Klgpcelo6lgoaM8QlI+CrG+zOWkrM24w/ekx6Wwpeqlw6XIyOuk6qTKpM6kx6GisrykzsS/pOSx+qSs0oqk5KS5pK+hos671sObUaThpLek5KS5pKSh7jxCUj48QlI+CsBSpOq3taS3yrmkqKTGpMikw6TGpOKx48D7PzxCUj4KPEJSPgrQtNXmpM8yMqPto+2lv6Wkpdekx6S5CjxCUj48QlI+CqXYpa+ltaW0pfOhoTE2o+2j7aW/paSl16TPpLOkwaTppKuk6TxCUj4Kpdilr6W1pbSl86GhMjKj7aPtpb+lpKXXpM+ks6TBpOmkq6TpPEJSPgql2KWvpbWltKXzoaEyNqPto+2lv6Wkpdekz6SzpMGk6aSrpOk8QlI+PEJSPgqk26SrpMvV/cj9vcfQzqGipNKkt9DOoaLV/be90M6hotaxvce2/rXI3njI/b3H0M6hoqTSpLfQziil7KXipfOluaW/qWAppMqkyaTIvU2k37rPpO+ku6TGyrmkqKTepLmh7jxicj48aW1nIHNyYz0iaHR0cDovL3d3dy5yYWt1dGVuLm5lLmpwL2dvbGQvX25hZ295YTc1OC9mdWppamkvaW5zdGFsbF80Njh4NjAuanBnIiBib3JkZXI9IjAiPjxicj4gCjxkaXYgYWxpZ249ImNlbnRlciI+PGltZyBzcmM9Imh0dHA6Ly9pbWFnZS5yYWt1dGVuLmNvLmpwL2hhdGF3YS1rb2tvL2NhYmluZXQvdG9wL3RpdGxlLXJlY29tbWVuZC5naWYiIGFsdD0ipKqkuaS5pOHJzMa3IiB3aWR0aD0iNjYwIiBoZWlnaHQ9IjUwIj4KPC9kaXY+,ob7LzcHPn2/Bz6G/S0FXQUdVQ0hJoaGl0aW/qWCl86W5pb+l86XXpdilr6W1pbSl86GhMTJtbaG+pOakpqXRpbHT1qTPtqjQzs3iob+l0aXDpcGl76lgpa+jusbspM605cvJP8rW3L+kzrTly8k=,ytbcv8Or9OnG7Mn6tdil1aWhpbmlyqlgyL7Bz6TOpNyk6sbsufrG7MrW3L+yxMHPssO/cKW5pcGl3KlgpeuE09Hb6PPM7KXQpem71dXCy83Bz59vwc+lr6XtpdCpYKWopbOlr6XppdWlyKXqpcOlwaXipaKkz6S1pN+lwKWkpe2l86G+y83Bz59vwc+hv0tBV0FHVUNISaGhpdGlv6lgpfOluaW/pfOl16XYpa+ltaW0pfOhoTEybW2hvqTmpKal0aWx09akz7ao0M7N4qG/pdGlw6XBpe+pYKWv,pdGlw6XBpe+pYKWvpMuho79wpKS+gKTIpaulw6XIvoCk8s2slXKky6W5pb+l86XXoe6ho6G+y83Bz59vwc+hv0tBV0FHVUNISaGhpdGlv6lgpfOluaW/pfOl16XYpa+ltaW0pfOhoTEybW2hvqTmpKal0aWx09akz7ao0M7N4qG/pdGlw6XBpe+pYKWv[rn]
25-29618,aHR0cDovL3RzaG9wLnIxMHMuanAvaGF0YXdhLWtva28vY2FiaW5ldC8wMzc5MTQ0MC9pbWc2ODUyNjQyMi5qcGc/Zml0aW49NzAwOjcwMA==,MTM4NC4wMDAw,,yNXTw8a362rYmz/OxLe/vt8/ytbcvyA+IMrW3L8/pa+l6aXVpcg/yfq12CA+ILXAvt8/pa2lw6XIID4gpdGlw6XBpe+pYKWvP6WtpeulxqWjpfOlsLXAvt8gPiCkvaTOy/s=,ob7LzcHPn2/Bz6G/S0FXQUdVQ0hJoaGl0aW/qWCl86W5pb+l86XX1f23vdDOMzBtbaG+pOakpqXRpbHT1qTPtqjQzs3iob+l0aXDpcGl76lgpa8=,pdGlw6XBpe+pYKWvpMuho79wpKS+gKTIpaulw6XIvoCk8s2slXKky6W5pb+l86XXoe4=,PGJyPjxicj4KpLOkwaTppM7JzMa3pM+hvqTmpKal0aWxpcOlyNPWpM+2qNDOzeLgXbHjob/LzcHPn2/Bz6THpKq97KSxpKSkv6S3pN6kuaGjPGJyPgq1vdfFyNWhorW918WVculnpM6ktNa4tqikz7PQpOyk3qS7pPOhozxicj48YnI+CqOq1ay8sbHjpMekzsXky82k8qS0z6PN+6TOpKq/zZiUpM+ktNeizsSkzutIpMuC5L+8mdqky6G41ay8sbHjpMekzsXky83Po837obmkyKS005vI66SvpMCktaSkoaM8YnI+CrXqxW6CyKTH1ay8sbHjy83Bz7zTy+OkzqSmpKiwa8vNpLWku6TGpKSkv6TApK2k3qS5oaM8YnI+PGJyPgoKPEJSPjxCUj6ks6TBpOmkzsnMxrekz6SqyKGk6rzEpLvJzMa3pMikyqTqpN6kuaGjPEJSPgqwa8vNpN6kx6TLMy00yNXpZ7PMKLXqxW7Q3ZhJyNWk8rP9pK8ppKqVculnpPLtlLT3pKSkv6S3pN6kuaGjPEJSPgoqpLTXos7EpM7K/aTLpOikw6TGpM+wa8vNpKzfV6SvpMqk64j2us+krKSipOqk3qS5oaOl4algpeuky6TGpLTfQr1qpKSkv6S3pN6kuaGjPEJSPgqjqtPouOakyqSvpeGpYKWrqWCO/LespMikyqTrpLOkyKSspLSktqSkpN6kuTxicj48YnI+CjxCUj4Ksry12KTLpbmlv6XzpdekuaTrpMCksaTHoaKl0aW/qWCl86TIv3CkpLT6pM7ToaTEpLGkrM2slXKky6THpK2k3qS5oaM8QlI+ytbX95hJpMuxyKTZpMbV/bRfpMeluaXUqWClx6WjqWChozxCUj4Ksb7M5aSszbjD96THpbCl6qXDpcjI66TqpMqkzqTHoaKyvKTOxL+k5LH6pKzSiqTkpLmkr6GizrvWw5tRpOGkt6TkpLmkpKHuPEJSPjxCUj4KwFKk6re1pLfKuaSopMakyKTDpMak4rHjwPs/PEJSPgo8QlI+CtC01eakzzIwo+2j7aW/paSl16THpLkKPEJSPjxCUj4K1f23vdDOoaEyMKPto+2lv6Wkpdekz6SzpMGk6aSrpOk8QlI+CjxCUj48QlI+CqTbpKuky9X9yP29x9DOoaKl2KWvpbWltKXzoaKk0qS30M6hotaxvce2/rXI3njI/b3H0M6hoqTSpLfQziil7KXipfOluaW/qWAppMqkyaTIvU2k37rPpO+ku6TGyrmkqKTepLmh7jxicj48aW1nIHNyYz0iaHR0cDovL3d3dy5yYWt1dGVuLm5lLmpwL2dvbGQvX25hZ295YTc1OC9mdWppamkvaW5zdGFsbF80Njh4NjAuanBnIiBib3JkZXI9IjAiPjxicj4gCjxkaXYgYWxpZ249ImNlbnRlciI+PGltZyBzcmM9Imh0dHA6Ly9pbWFnZS5yYWt1dGVuLmNvLmpwL2hhdGF3YS1rb2tvL2NhYmluZXQvdG9wL3RpdGxlLXJlY29tbWVuZC5naWYiIGFsdD0ipKqkuaS5pOHJzMa3IiB3aWR0aD0iNjYwIiBoZWlnaHQ9IjUwIj4KPC9kaXY+,ob7LzcHPn2/Bz6G/S0FXQUdVQ0hJoaGl0aW/qWCl86W5pb+l86XX1f23vdDOMzBtbaG+pOakpqXRpbHT1qTPtqjQzs3iob+l0aXDpcGl76lgpa+jusbspM605cvJP8rW3L+kzrTly8k=,ytbcv8Or9OnG7Mn6tdil1aWhpbmlyqlgyL7Bz6TOpNyk6sbsufrG7MrW3L+yxMHPssO/cKW5pcGl3KlgpeuE09Hb6PPM7KXQpem71dXCy83Bz59vwc+lr6XtpdCpYKWopbOlr6XppdWlyKXqpcOlwaXipaKkz6S1pN+lwKWkpe2l86G+y83Bz59vwc+hv0tBV0FHVUNISaGhpdGlv6lgpfOluaW/pfOl19X9t73QzjMwbW2hvqTmpKal0aWx09akz7ao0M7N4qG/pdGlw6XBpe+pYKWv,pdGlw6XBpe+pYKWvpMuho79wpKS+gKTIpaulw6XIvoCk8s2slXKky6W5pb+l86XXoe6ho6G+y83Bz59vwc+hv0tBV0FHVUNISaGhpdGlv6lgpfOluaW/pfOl19X9t73QzjMwbW2hvqTmpKal0aWx09akz7ao0M7N4qG/pdGlw6XBpe+pYKWv[rn]
25-29619,aHR0cDovL3RzaG9wLnIxMHMuanAvaGF0YXdhLWtva28vY2FiaW5ldC8wMzc5MTQ0MC9pbWc2ODUyNjQxOC5qcGc/Zml0aW49NzAwOjcwMA==,MTQyNC4wMDAw,,yNXTw8a362rYmz/OxLe/vt8/ytbcvyA+IMrW3L8/pa+l6aXVpcg/yfq12CA+ILXAvt8/pa2lw6XIID4gpdGlw6XBpe+pYKWvP6WtpeulxqWjpfOlsLXAvt8gPiCkvaTOy/s=,ob7LzcHPn2/Bz6G/S0FXQUdVQ0hJoaGl0aW/qWCl86W5pb+l86XXpdilr6W1pbSl86GhMTZtbaG+pOakpqXRpbHT1qTPtqjQzs3iob+l0aXDpcGl76lgpa8=,pdGlw6XBpe+pYKWvpMuho79wpKS+gKTIpaulw6XIvoCk8s2slXKky6W5pb+l86XXoe4=,pLOkwaTppM7JzMa3pM+hvqTmpKal0aWxpcOlyNPWpM+2qNDOzeLgXbHjob/LzcHPn2/Bz6THpKq97KSxpKSkv6S3pN6kuaGjPGJyPgq1vdfFyNWhorW918WVculnpM6ktNa4tqikz7PQpOyk3qS7pPOhozxicj48YnI+CqOq1ay8sbHjpMekzsXky82k8qS0z6PN+6TOpKq/zZiUpM+ktNeizsSkzutIpMuC5L+8mdqky6G41ay8sbHjpMekzsXky83Po837obmkyKS005vI66SvpMCktaSkoaM8YnI+CrXqxW6CyKTH1ay8sbHjy83Bz7zTy+OkzqSmpKiwa8vNpLWku6TGpKSkv6TApK2k3qS5oaM8YnI+PGJyPgoKPEJSPjxCUj6ks6TBpOmkzsnMxrekz6SqyKGk6rzEpLvJzMa3pMikyqTqpN6kuaGjPEJSPgqwa8vNpN6kx6TLMy00yNXpZ7PMKLXqxW7Q3ZhJyNWk8rP9pK8ppKqVculnpPLtlLT3pKSkv6S3pN6kuaGjPEJSPgoqpLTXos7EpM7K/aTLpOikw6TGpM+wa8vNpKzfV6SvpMqk64j2us+krKSipOqk3qS5oaOl4algpeuky6TGpLTfQr1qpKSkv6S3pN6kuaGjPEJSPgqjqtPouOakyqSvpeGpYKWrqWCO/LespMikyqTrpLOkyKSspLSktqSkpN6kuTxicj48YnI+Cgo8QlI+CrK8tdiky6W5pb+l86XXpLmk66TApLGkx6GipdGlv6lgpfOkyL9wpKS0+qTO06GkxKSxpKzNrJVypMukx6StpN6kuaGjPEJSPsrW1/eYSaTLscik2aTG1f20X6THpbml1Klgpcelo6lgoaM8QlI+CrG+zOWkrM24w/ekx6Wwpeqlw6XIyOuk6qTKpM6kx6GisrykzsS/pOSx+qSs0oqk5KS5pK+hos671sObUaThpLek5KS5pKSh7jxCUj48QlI+CsBSpOq3taS3yrmkqKTGpMikw6TGpOKx48D7PzxCUj4KPEJSPgrQtNXmpM8yMqPto+2lv6Wkpdekx6S5CjxCUj48QlI+CqXYpa+ltaW0pfOhoTEyo+2j7aW/paSl16TPpLOkwaTppKuk6TxCUj4Kpdilr6W1pbSl86GhMjKj7aPtpb+lpKXXpM+ks6TBpOmkq6TpPEJSPgql2KWvpbWltKXzoaEyNqPto+2lv6Wkpdekz6SzpMGk6aSrpOk8QlI+PEJSPgqk26SrpMvV/cj9vcfQzqGipNKkt9DOoaLV/be90M6hotaxvce2/rXI3njI/b3H0M6hoqTSpLfQziil7KXipfOluaW/qWAppMqkyaTIvU2k37rPpO+ku6TGyrmkqKTepLmh7jxicj48aW1nIHNyYz0iaHR0cDovL3d3dy5yYWt1dGVuLm5lLmpwL2dvbGQvX25hZ295YTc1OC9mdWppamkvaW5zdGFsbF80Njh4NjAuanBnIiBib3JkZXI9IjAiPjxicj4gCjxkaXYgYWxpZ249ImNlbnRlciI+PGltZyBzcmM9Imh0dHA6Ly9pbWFnZS5yYWt1dGVuLmNvLmpwL2hhdGF3YS1rb2tvL2NhYmluZXQvdG9wL3RpdGxlLXJlY29tbWVuZC5naWYiIGFsdD0ipKqkuaS5pOHJzMa3IiB3aWR0aD0iNjYwIiBoZWlnaHQ9IjUwIj4KPC9kaXY+,ob7LzcHPn2/Bz6G/S0FXQUdVQ0hJoaGl0aW/qWCl86W5pb+l86XXpdilr6W1pbSl86GhMTZtbaG+pOakpqXRpbHT1qTPtqjQzs3iob+l0aXDpcGl76lgpa+jusbspM605cvJP8rW3L+kzrTly8k=,ytbcv8Or9OnG7Mn6tdil1aWhpbmlyqlgyL7Bz6TOpNyk6sbsufrG7MrW3L+yxMHPssO/cKW5pcGl3KlgpeuE09Hb6PPM7KXQpem71dXCy83Bz59vwc+lr6XtpdCpYKWopbOlr6XppdWlyKXqpcOlwaXipaKkz6S1pN+lwKWkpe2l86G+y83Bz59vwc+hv0tBV0FHVUNISaGhpdGlv6lgpfOluaW/pfOl16XYpa+ltaW0pfOhoTE2bW2hvqTmpKal0aWx09akz7ao0M7N4qG/pdGlw6XBpe+pYKWv,pdGlw6XBpe+pYKWvpMuho79wpKS+gKTIpaulw6XIvoCk8s2slXKky6W5pb+l86XXoe6ho6G+y83Bz59vwc+hv0tBV0FHVUNISaGhpdGlv6lgpfOluaW/pfOl16XYpa+ltaW0pfOhoTE2bW2hvqTmpKal0aWx09akz7ao0M7N4qG/pdGlw6XBpe+pYKWv[rn]
25-29620,aHR0cDovL3RzaG9wLnIxMHMuanAvaGF0YXdhLWtva28vY2FiaW5ldC9pbWc1NzExOTQyMS5qcGc/Zml0aW49NzAwOjcwMA==,NzY4LjAwMDA=,,yNXTw8a362rYmz/OxLe/vt8/ytbcvyA+IMrW3L8/pa+l6aXVpcg/yfq12CA+ILXAvt8/pa2lw6XIID4gpdGlw6XBpe+pYKWvP6WtpeulxqWjpfOlsLXAvt8gPiCkvaTOy/s=,ob7LzcHPn2/Bz6G/pa+l7aXQqWChocakpbel86XWpeujqKW9pdWlyKOpTaGh,4ZikrLWxpL+k67K/t9akzzLW2JiL1OykwKSrpOnVybfypMewstDEpMekuaGj,PGltZyBzcmM9Imh0dHA6Ly93d3cucmFrdXRlbi5uZS5qcC9nb2xkL19uYWdveWE3NTgvZnVqaWppL2luc3RhbGxfNDY4eDYwLmpwZyIgYm9yZGVyPSIwIj48YnI+IAo8ZGl2IGFsaWduPSJjZW50ZXIiPjxpbWcgc3JjPSJodHRwOi8vaW1hZ2UucmFrdXRlbi5jby5qcC9oYXRhd2Eta29rby9jYWJpbmV0L3RvcC90aXRsZS1yZWNvbW1lbmQuZ2lmIiBhbHQ9IqSqpLmkuaThyczGtyIgd2lkdGg9IjY2MCIgaGVpZ2h0PSI1MCI+CjwvZGl2Pg==,ob7LzcHPn2/Bz6G/pa+l7aXQqWChocakpbel86XWpeujqKW9pdWlyKOpTaGho7rG7KTOtOXLyT/K1ty/pM605cvJ,ytbcv8Or9OnG7Mn6tdil1aWhpbmlyqlgyL7Bz6TOpNyk6sbsufrG7MrW3L+yxMHPssO/cKW5pcGl3KlgpeuE09Hb6PPM7KXQpem71dXCy83Bz59vwc+lr6XtpdCpYKWopbOlr6XppdWlyKXqpcOlwaXipaKkz6S1pN+lwKWkpe2l86G+y83Bz59vwc+hv6Wvpe2l0KlgoaHGpKW3pfOl1qXro6ilvaXVpcijqU2hoQ==,4ZikrLWxpL+k67K/t9akzzLW2JiL1OykwKSrpOnVybfypMewstDEpMekuaGjoaOhvsvNwc+fb8HPob+lr6XtpdCpYKGhxqSlt6Xzpdal66Oopb2l1aXIo6lNoaE=[rn]
25-29621,aHR0cDovL3RzaG9wLnIxMHMuanAvaGF0YXdhLWtva28vY2FiaW5ldC9pbWc1NzExOTQxMC5qcGc/Zml0aW49NzAwOjcwMA==,NDI0LjAwMDA=,,yNXTw8a362rYmz/OxLe/vt8/ytbcvyA+IMrW3L8/pa+l6aXVpcg/yfq12CA+ILXAvt8/pa2lw6XIID4gpdGlw6XBpe+pYKWvP6WtpeulxqWjpfOlsLXAvt8gPiCkvaTOy/s=,ob7LzcHPn2/Bz6G/pa+l7aXQqWChoaXppdCpYKW3pfOl1qXroaHWuKTMpK208yjE2r62MTWj7aPto6mhodChKMTavrYxNKPto+0ppMmkwaTppKvSu6TEpPKkqt94pNOkr6TApLWkpA==,1rjPyKTOuNDSmaTyk3CkyqTvpLqhoqS3pMOkq6Tq4Zik8qTEpKuk4aTepLk=,srykq6TpkmmksaTLpK+kpOGYpPKkxKSrpPOkx9L9pK2SaaSvpM6ky7HjwPukys2omt3Q1KTOwbykpLbgv9fQzaTOpbSl4NF1pbWlw6WvPGJyPjxmb250IHNpemU9IjMiPjxmb250IGNvbG9yPSIjZmYwMDAwIj6huKXhqWClq6lgz6PN+9ChidOB/bjxpM+l4algpaupYKW1paSlyKTLu/mkxaSkpMaS991kpLekxqSkpN6kuaG5PC9mb250PjwvZm9udD4gPEJSPiA8QlI+CjxpbWcgc3JjPSJodHRwOi8vaW1hZ2UucmFrdXRlbi5jby5qcC9oYXRhd2Eta29rby9jYWJpbmV0L2Nsb3Zlci1ldmlkZW5jZTEuanBnIj48QlI+PGJyPrvhxuyhocnnxuyhodD+6XbEu6GhkoW17sS7oaGkzqTcpOrG7KGhpM6k7KTzoaHFr7qfoaHM4bXGoaGkwaTnpKakwaTzoaGkz6TDpNShobeosbuhoaTKpMmkzsrCpMekt6S/pOmhotF11/eMZ8D9pPKhoTxicj6jtKOwo7CjsMD9vfykr6Ghd2ViIKTOoaHG7KTOtOXLyaGhpMe5q7HtpLekxqSkpN6kuaGjoaGx18nnpNihoqGhpKqGlqSkus+k76S7pK+kwKS1pKShozxicj4wODAtMzA0Ny00Njk5oaG05cvJPGltZyBzcmM9Imh0dHA6Ly93d3cucmFrdXRlbi5uZS5qcC9nb2xkL19uYWdveWE3NTgvZnVqaWppL2luc3RhbGxfNDY4eDYwLmpwZyIgYm9yZGVyPSIwIj48YnI+IAo8ZGl2IGFsaWduPSJjZW50ZXIiPjxpbWcgc3JjPSJodHRwOi8vaW1hZ2UucmFrdXRlbi5jby5qcC9oYXRhd2Eta29rby9jYWJpbmV0L3RvcC90aXRsZS1yZWNvbW1lbmQuZ2lmIiBhbHQ9IqSqpLmkuaThyczGtyIgd2lkdGg9IjY2MCIgaGVpZ2h0PSI1MCI+CjwvZGl2Pg==,ob7LzcHPn2/Bz6G/pa+l7aXQqWChoaXppdCpYKW3pfOl1qXroaHWuKTMpK208yjE2r62MTWj7aPto6mhodChKMTavrYxNKPto+0ppMmkwaTppKvSu6TEpPKkqt94pNOkr6TApLWkpKO6xuykzrTly8k/ytbcv6TOtOXLyQ==,ytbcv8Or9OnG7Mn6tdil1aWhpbmlyqlgyL7Bz6TOpNyk6sbsufrG7MrW3L+yxMHPssO/cKW5pcGl3KlgpeuE09Hb6PPM7KXQpem71dXCy83Bz59vwc+lr6XtpdCpYKWopbOlr6XppdWlyKXqpcOlwaXipaKkz6S1pN+lwKWkpe2l86G+y83Bz59vwc+hv6Wvpe2l0KlgoaGl6aXQqWClt6Xzpdal66Gh1rikzKSttPMoxNq+tjE1o+2j7aOpoaHQoSjE2r62MTSj7aPtKaTJpMGk6aSr0rukxKTypKrfeKTTpK+kwKS1pKQ=,1rjPyKTOuNDSmaTyk3CkyqTvpLqhoqS3pMOkq6Tq4Zik8qTEpKuk4aTepLmho6G+y83Bz59vwc+hv6Wvpe2l0KlgoaGl6aXQqWClt6Xzpdal66Gh1rikzKSttPMoxNq+tjE1o+2j7aOpoaHQoSjE2r62MTSj7aPtKaTJpMGk6aSr0rukxKTypKrfeKTTpK+kwKS1pKQ=[rn]
25-29622,aHR0cDovL3RzaG9wLnIxMHMuanAveWFuYWdpeWEvY2FiaW5ldC9pdGVtOS9yc2YyMzM2NV8xLmpwZz9maXRpbj03MDA6NzAw,MTgwLjAwMDA=,,yNXTw8a362rYmz/OxLe/vt8/ytbcvyA+IMrW3L8/pa+l6aXVpcg/yfq12CA+ILXAvt8/pa2lw6XIID4gpdGlw6XBpe+pYKWvP6WtpeulxqWjpfOlsLXAvt8gPiCkvaTOy/s=,MU2FZ867pMelq6XDpcikt6TepLmh7qG6/FzJq6G7t/mO2qW0peAzMG1tt/mhoaG+vfDM7PFSob8=,,PHRhYmxlIGJvcmRlcj0wIGJnY29sb3I9IiM4MDgwODAiIGNlbGxzcGFjaW5nPTAgY2VsbHBhZGRpbmc9MD4KPFRCT0RZPgo8VFI+CjxURCBiZ2NvbG9yPSIjZmZmZmZmIiBhbGlnbj0iY2VudGVyIj48SU1HIHNyYz0iL3lhbmFnaXlhL2NhYmluZXQvaW1nMDEvaW1nMDc1MzYzNjIuZ2lmIiB3aWR0aD0iMjUwIiBoZWlnaHQ9IjIyIiBib3JkZXI9IjAiIHZzcGFjZT0iNCI+PC9URD4KPC9UUj4KPFRSPgo8VEQgYmdDb2xvcj0jODA4MDgwPgo8VEFCTEUgY2VsbFNwYWNpbmc9MSBjZWxsUGFkZGluZz0zIHdpZHRoPTQ1MCBib3JkZXI9MD4KPFRCT0RZPgoKPFRSPgo8VEQgd2lkdGg9MTMwIGJnQ29sb3I9I0ZGRTBFND48Rk9OVCBzaXplPTIgZm9udCBjb2xvcj0iIzk5NjYwMCI+PEI+P8nMxrfD+zwvQj48L0ZPTlQ+PC9URD4KPFREIHdpZHRoPTMyMCBiZ0NvbG9yPSNmZmZmZmYgY29sU3Bhbj0zPjxGT05UIHNpemU9Mj4xTYVnzrukx6WrpcOlyKS3pN6kuaHuobr8XMmrobu3+Y7apbSl4DE1bW23+TwvRk9OVD48L1REPgo8L1RSPgo8VFI+CjxURCBiZ0NvbG9yPSNGRkVFRjggY29sU3Bhbj00PjxGT05UIHNpemU9Mj4KPGI+t/kxNW1tPGJyPi3I1bG+0XUtPC9iPjxicj6lq6XpqWChofxcPGJyPgqkqqTKpLik36TOytbcv9PDt/mO2qW0peChozxicj7VybfypMekt6TDpKuk6ta5pN6k66GipKqP1NPDpbSl4KGjpdml66XIoaKkvaTOpNukq8rWpMWkr6TqpMvKuaSopOu3+Y7apbSl4KTHpLmhozxicj4Kgf248aTPo7FNpM6B/bjxpMekuaGjgoDK/aG4o7GhuaTHpLTXos7EpKSkv6TApK2k3qS5pMijsU2kzqW0peCkzqSqveyksaTIpMqk6qTepLmhowo8YnI+ofGks6TOyczGt6TPteruXqTL1NqO7KS3pMakqqTqpN6kuaSsoaK16u5e1NqO7KSsidOk6sfQpOykzoj2us+hoqSqyKGk6rzEpLuky6TPNaGrN4bTmEnI1aSrpKuk6qTepLmhoyAKPGJyPqHxyfq12D+l7KlgpbmkyqTJx9Ck6onTpOqkzsnMxreky6TEpKSkxqTPoaKlraXjpfOlu6XrP7e1xrc/vbuTUaTPpKrK3KSxpMekraTepLuk86GjPGJyPjxicj4KCjxGT05UIGNvbG9yPSNjYzAwMDA+vo6k3+GYP8rW3L+1wL7fpM+ks6TBpOk8L0ZPTlQ+pMektL1Cvemkt6TGpKSk3qS5PyA8L0ZPTlQ+PC9URD4KPC9UUj4KPC9UQk9EWT4KPC9UQUJMRT4KPC9URD4KPC9UUj4KPC9UQk9EWT4KPC9UQUJMRT48c3R5bGUgdHlwZT0idGV4dC9jc3MiPgogPCEtLQogdGQuaW52ZW50b3J5IGZvbnR7Zm9udC1zaXplOjEwcHg7Y29sb3I6IzY2NjY2Njt9CiAtLT4KIDwvc3R5bGU+Cgo8c3R5bGUgdHlwZT0idGV4dC9jc3MiPgovKiCkqtlJpKTO76SrpLSl3KW/pfOkzrTzpK2ktSAqLwojdW5pdHMraW5wdXR7CmZvbnQtc2l6ZTogMjBweDsKZm9udC13ZWlnaHQ6Ym9sZDsKcGFkZGluZzoyMHB4IDUwcHg7CndpZHRoOiBhdXRvOwp9CmJvZHl7CmJhY2tncm91bmQtaW1hZ2U6dXJsKCk7CgoKYmFja2dyb3VuZC1yZXBlYXQ6cmVwZWF0LXk7CmJhY2tncm91bmQtcG9zaXRpb246cmlnaHQ7Cn0KPC9zdHlsZT4KCjx0YWJsZSBib3JkZXI9IjAiIGNlbGxzcGFjaW5nPSIwIiBjZWxscGFkZGluZz0iMiIgYWxpZ249ImNlbnRlciI+IAo8dHIgdmFsaWduPSJ0b3AiPiA8dGQgbm93cmFwIGFsaWduPSJyaWdodCI+pa6l1aXIjJ2P6jwvdGQ+Cjx0ZD4KPGltZyBzcmM9Imh0dHA6Ly9pbWFnZS5yYWt1dGVuLmNvLmpwL3lhbmFnaXlhL2NhYmluZXQvaW1nMDEvaW1nNjE1NDE2NTMuZ2lmIiBhbHQ9IqXppcOl1KXzpbCMnY/qIiB3aWR0aD0iMTAwIiBoZWlnaHQ9IjIxIiBoc3BhY2U9IjEiPiA8L3RkPiA8L3RyPgo8dHI+PHRkIGNvbHNwYW49IjIiPgo8aW1nIHNyYz0iaHR0cDovL2ltYWdlLnJha3V0ZW4uY28uanAveWFuYWdpeWEvY2FiaW5ldC9pbWcwMS9pbWc2MTU0MTY1Ni5naWYiIHdpZHRoPSI3MDAiIGhlaWdodD0iMTA5Ij48L3RkPgo8L3RyPgo8L3RhYmxlPiAKCjx0YWJsZSB3aWR0aD0iNzAwIiBib3JkZXI9IjAiIGFsaWduPSJjZW50ZXIiPgo8dHI+Cjx0ZCBjb2xzcGFuPSIyIj48aW1nIHNyYz0iaHR0cDovL2ltYWdlLnJha3V0ZW4uY28uanAveWFuYWdpeWEvY2FiaW5ldC8wMDMwNjMxNy9pbWc2MjcxNTc5Ni5qcGciIGFsdD0ipbel46XDpdqluaXRpfOhoaXfpbel8/TpIiBib3JkZXI9IjAiPjwvdGQ+Cgo8dHI+Cjx0aD48aW1nIHNyYz0iaHR0cDovL2ltYWdlLnJha3V0ZW4uY28uanAveWFuYWdpeWEvY2FiaW5ldC8wMDMwNjMxNy9pbWc2MjcxNTgwMi5qcGciIGFsdD0ipaulw6XGpaOl86Wwpd6lw6XIoaH06c2opLehoaXBpeOls6XUqWChoaXqpcOl0algoaHEv7TypMEiIGJvcmRlcj0iMCIgLz48L3RoPgoKPHRoPjxpbWcgc3JjPSJodHRwOi8vaW1hZ2UucmFrdXRlbi5jby5qcC95YW5hZ2l5YS9jYWJpbmV0LzAwMzA2MzE3L2ltZzYyNzE1Nzk3LmpwZyIgYWx0PSKl36W3pfPhmKGhxL6+ZOGYoaGk1aTIpPPhmKGhpMikuOGYoaGl0aXDpcGl76lgpa/hmCIgYm9yZGVyPSIwIj48L3RoPgoKPC90cj4KCjx0cj4KPHRoPjxpbWcgc3JjPSJodHRwOi8vaW1hZ2UucmFrdXRlbi5jby5qcC95YW5hZ2l5YS9jYWJpbmV0LzAwMzA2MzE3L2ltZzYyNzE1Nzk5LmpwZyIgYWx0PSKyw79wtcC+36Ghpb2pYKWkpfOlsKW7pcOlyKGhssO/cM/kIiBib3JkZXI9IjAiPjwvdGQ+Cgo8dGg+PGltZyBzcmM9Imh0dHA6Ly9pbWFnZS5yYWt1dGVuLmNvLmpwL3lhbmFnaXlhL2NhYmluZXQvMDAzMDYzMTcvaW1nNjI3MTU3OTguanBnIiBhbHQ9IqTPpLWk36Gh0fOyw6XQpbWl36Gh9OnH0KTQpLWk36Ghpaulw6XIpe+pYKWvpM+ktaTfoaGluaXGpfOl7KW5pM+ktaTfIiBib3JkZXI9IjAiPjwvdGQ+CjwvdHI+Cgo8dHI+Cjx0ZCBjb2xzcGFuPSIyIj48aW1nIHNyYz0iaHR0cDovL2ltYWdlLnJha3V0ZW4uY28uanAveWFuYWdpeWEvY2FiaW5ldC91c2FiYW5uZXIvaW1nNjE0MjA5NDkuanBnIiBhbHQ9Isn6tdihoaSqpLmkuaThIiBib3JkZXI9IjAiIC8+PC90ZD4KPC90cj4KCjx0cj4KPHRoPjxpbWcgc3JjPSJodHRwOi8vaW1hZ2UucmFrdXRlbi5jby5qcC95YW5hZ2l5YS9jYWJpbmV0LzAwMzA2MzE3L2ltZzYyNzE2MTUyLmpwZyIgYWx0PSLI64hAyOvRp6GhxNCkztfTz/KksaGhxa6kztfTz/KksSIgYm9yZGVyPSIwIj48L3RoPgoKPHRoPjxpbWcgc3JjPSJodHRwOi8vaW1hZ2UucmFrdXRlbi5jby5qcC95YW5hZ2l5YS9jYWJpbmV0LzAwMzA2MzE3L2ltZzYyNzE1ODAwLmpwZyIgYWx0PSKlraXjpemlr6W/qWCl76XDpdql86GhyOuIQMjr0aehocP71P24tqSxpe+lw6XapfOhoaXNqWCl4KXppdml6yIgYm9yZGVyPSIwIj48L3RoPgo8L3RyPjwvdGFibGU+Cgo8QnI+PEJyPgo8dGFibGUgd2lkdGg9IjcwMCIgYm9yZGVyPSIxIiBib3JkZXJjb2xvcj0iI0NDQ0NDQyI+Cjx0cj48dGQgYWxpZ249ImNlbnRlciI+ofHQzbyIINK700Wl2qlgpbih8Txicj48aW1nIHNyYz0iaHR0cDovL3RodW1ibmFpbC5pbWFnZS5yYWt1dGVuLmNvLmpwL0AwX21hbGwveWFuYWdpeWEvY2FiaW5ldC9pdGVtMTAveW5nMjAxMi00MTdfNC5qcGciIHdpZHRoPSIyMzAiIGhlaWdodD0iMjMwIiBib3JkZXI9Im5vbmUiPjwvdGQ+Cjx0ZCBhbGlnbj0iY2VudGVyIj6h9LPWpMHK1iDSu9NFpdqpYKW4ofQ8YnI+PGltZyBzcmM9Imh0dHA6Ly90aHVtYm5haWwuaW1hZ2UucmFrdXRlbi5jby5qcC9AMF9tYWxsL3lhbmFnaXlhL2NhYmluZXQvaXRlbTcvcnNmMjAxMjFfMS5qcGciIHdpZHRoPSIyMzAiIGhlaWdodD0iMjMwIiBib3JkZXI9Im5vbmUiPjwvdGQ+Cjx0ZCBhbGlnbj0iY2VudGVyIj6h+KXVpaGluaXKqWAg0rvTRaXaqWCluKH4PGJyPjxpbWcgc3JjPSJodHRwOi8vdGh1bWJuYWlsLmltYWdlLnJha3V0ZW4uY28uanAvQDBfbWFsbC95YW5hZ2l5YS9jYWJpbmV0L2l0ZW02L3JzZjE4OTM1XzEuanBnIiB3aWR0aD0iMjMwIiBib3JkZXI9Im5vbmUiPjwvdGQ+PC90cj4KCjwvdGFibGU+PGJyPjxicj4KCgo8IS0tpeql5algpa2lt6W5pcal4KXspdOl5algse3Kvi0tPgoKPGltZyBzcmM9Imh0dHA6Ly93d3cucmFrdXRlbi5uZS5qcC9nb2xkL3lhbmFnaXlhL2ltYWdlcy92YmFuLXJlYnl1Mi5qcGciIHdpZHRoPSI3MDAiIGhlaWdodD0iNTAiPjxiUj4KICAgICAgICAgICAgICAgICAgICAKCjwhLS2l6qXlqWClraW3pbmlxqXgpeyl06XlqWCx7cq+LS0+,MU2FZ867pMelq6XDpcikt6TepLmh7qG6/FzJq6G7t/mO2qW0peAzMG1tt/mhoaG+vfDM7PFSob+jusOr9Ok/ytbcvz+ls6XDpcil8yDB+M7d,w6v06aWopbOloqXzpcCl6qXkytbcv9PDxre+jqTfzu/dlMjryfq12KXPpd6lyqWrpKrZSaSktcPDq/Tp0fLDq6XVpael66XIsrzJ+rXYpcCl1qXrpaypYKW8vo6k387vpdGlw6XBpe+pYKWvpeyltqlgpa+l6aXVpcilqKWzpaKl86XApeqloqWrpcOlxqWjpfOlsKXepcOlyKXtqWClv6XqqWClq6XDpb+pYKW9qWClpKXzpbCl3KXDpa+luaXqpcOl16XrpcCl1qXrpaypYKW8MU2FZ867pMelq6XDpcikt6TepLmh7qG6/FzJq6G7t/mO2qW0peAzMG1tt/mhoaG+vfDM7PFSob8=,MU2FZ867pMelq6XDpcikt6TepLmh7qG6/FzJq6G7t/mO2qW0peAzMG1tt/mhoaG+vfDM7PFSob8=[rn]
25-29623,aHR0cDovL3RzaG9wLnIxMHMuanAveWFuYWdpeWEvY2FiaW5ldC9pdGVtOS9yc2YyMzM2NF8xLmpwZz9maXRpbj03MDA6NzAw,MTgwLjAwMDA=,,yNXTw8a362rYmz/OxLe/vt8/ytbcvyA+IMrW3L8/pa+l6aXVpcg/yfq12CA+ILXAvt8/pa2lw6XIID4gpdGlw6XBpe+pYKWvP6WtpeulxqWjpfOlsLXAvt8gPiCkvaTOy/s=,MU2FZ867pMelq6XDpcikt6TepLmh7qG6/FzJq6G7t/mO2qW0peAyNW1tt/mhoaG+vfDM7PFSob8=,,PHRhYmxlIGJvcmRlcj0wIGJnY29sb3I9IiM4MDgwODAiIGNlbGxzcGFjaW5nPTAgY2VsbHBhZGRpbmc9MD4KPFRCT0RZPgo8VFI+CjxURCBiZ2NvbG9yPSIjZmZmZmZmIiBhbGlnbj0iY2VudGVyIj48SU1HIHNyYz0iL3lhbmFnaXlhL2NhYmluZXQvaW1nMDEvaW1nMDc1MzYzNjIuZ2lmIiB3aWR0aD0iMjUwIiBoZWlnaHQ9IjIyIiBib3JkZXI9IjAiIHZzcGFjZT0iNCI+PC9URD4KPC9UUj4KPFRSPgo8VEQgYmdDb2xvcj0jODA4MDgwPgo8VEFCTEUgY2VsbFNwYWNpbmc9MSBjZWxsUGFkZGluZz0zIHdpZHRoPTQ1MCBib3JkZXI9MD4KPFRCT0RZPgoKPFRSPgo8VEQgd2lkdGg9MTMwIGJnQ29sb3I9I0ZGRTBFND48Rk9OVCBzaXplPTIgZm9udCBjb2xvcj0iIzk5NjYwMCI+PEI+P8nMxrfD+zwvQj48L0ZPTlQ+PC9URD4KPFREIHdpZHRoPTMyMCBiZ0NvbG9yPSNmZmZmZmYgY29sU3Bhbj0zPjxGT05UIHNpemU9Mj4xTYVnzrukx6WrpcOlyKS3pN6kuaHuobr8XMmrobu3+Y7apbSl4DE1bW23+TwvRk9OVD48L1REPgo8L1RSPgo8VFI+CjxURCBiZ0NvbG9yPSNGRkVFRjggY29sU3Bhbj00PjxGT05UIHNpemU9Mj4KPGI+t/kxNW1tPGJyPi3I1bG+0XUtPC9iPjxicj6lq6XpqWChofxcPGJyPgqkqqTKpLik36TOytbcv9PDt/mO2qW0peChozxicj7VybfypMekt6TDpKuk6ta5pN6k66GipKqP1NPDpbSl4KGjpdml66XIoaKkvaTOpNukq8rWpMWkr6TqpMvKuaSopOu3+Y7apbSl4KTHpLmhozxicj4Kgf248aTPo7FNpM6B/bjxpMekuaGjgoDK/aG4o7GhuaTHpLTXos7EpKSkv6TApK2k3qS5pMijsU2kzqW0peCkzqSqveyksaTIpMqk6qTepLmhowo8YnI+ofGks6TOyczGt6TPteruXqTL1NqO7KS3pMakqqTqpN6kuaSsoaK16u5e1NqO7KSsidOk6sfQpOykzoj2us+hoqSqyKGk6rzEpLuky6TPNaGrN4bTmEnI1aSrpKuk6qTepLmhoyAKPGJyPqHxyfq12D+l7KlgpbmkyqTJx9Ck6onTpOqkzsnMxreky6TEpKSkxqTPoaKlraXjpfOlu6XrP7e1xrc/vbuTUaTPpKrK3KSxpMekraTepLuk86GjPGJyPjxicj4KCjxGT05UIGNvbG9yPSNjYzAwMDA+vo6k3+GYP8rW3L+1wL7fpM+ks6TBpOk8L0ZPTlQ+pMektL1Cvemkt6TGpKSk3qS5PyA8L0ZPTlQ+PC9URD4KPC9UUj4KPC9UQk9EWT4KPC9UQUJMRT4KPC9URD4KPC9UUj4KPC9UQk9EWT4KPC9UQUJMRT48c3R5bGUgdHlwZT0idGV4dC9jc3MiPgogPCEtLQogdGQuaW52ZW50b3J5IGZvbnR7Zm9udC1zaXplOjEwcHg7Y29sb3I6IzY2NjY2Njt9CiAtLT4KIDwvc3R5bGU+Cgo8c3R5bGUgdHlwZT0idGV4dC9jc3MiPgovKiCkqtlJpKTO76SrpLSl3KW/pfOkzrTzpK2ktSAqLwojdW5pdHMraW5wdXR7CmZvbnQtc2l6ZTogMjBweDsKZm9udC13ZWlnaHQ6Ym9sZDsKcGFkZGluZzoyMHB4IDUwcHg7CndpZHRoOiBhdXRvOwp9CmJvZHl7CmJhY2tncm91bmQtaW1hZ2U6dXJsKCk7CgoKYmFja2dyb3VuZC1yZXBlYXQ6cmVwZWF0LXk7CmJhY2tncm91bmQtcG9zaXRpb246cmlnaHQ7Cn0KPC9zdHlsZT4KCjx0YWJsZSBib3JkZXI9IjAiIGNlbGxzcGFjaW5nPSIwIiBjZWxscGFkZGluZz0iMiIgYWxpZ249ImNlbnRlciI+IAo8dHIgdmFsaWduPSJ0b3AiPiA8dGQgbm93cmFwIGFsaWduPSJyaWdodCI+pa6l1aXIjJ2P6jwvdGQ+Cjx0ZD4KPGltZyBzcmM9Imh0dHA6Ly9pbWFnZS5yYWt1dGVuLmNvLmpwL3lhbmFnaXlhL2NhYmluZXQvaW1nMDEvaW1nNjE1NDE2NTMuZ2lmIiBhbHQ9IqXppcOl1KXzpbCMnY/qIiB3aWR0aD0iMTAwIiBoZWlnaHQ9IjIxIiBoc3BhY2U9IjEiPiA8L3RkPiA8L3RyPgo8dHI+PHRkIGNvbHNwYW49IjIiPgo8aW1nIHNyYz0iaHR0cDovL2ltYWdlLnJha3V0ZW4uY28uanAveWFuYWdpeWEvY2FiaW5ldC9pbWcwMS9pbWc2MTU0MTY1Ni5naWYiIHdpZHRoPSI3MDAiIGhlaWdodD0iMTA5Ij48L3RkPgo8L3RyPgo8L3RhYmxlPiAKCjx0YWJsZSB3aWR0aD0iNzAwIiBib3JkZXI9IjAiIGFsaWduPSJjZW50ZXIiPgo8dHI+Cjx0ZCBjb2xzcGFuPSIyIj48aW1nIHNyYz0iaHR0cDovL2ltYWdlLnJha3V0ZW4uY28uanAveWFuYWdpeWEvY2FiaW5ldC8wMDMwNjMxNy9pbWc2MjcxNTc5Ni5qcGciIGFsdD0ipbel46XDpdqluaXRpfOhoaXfpbel8/TpIiBib3JkZXI9IjAiPjwvdGQ+Cgo8dHI+Cjx0aD48aW1nIHNyYz0iaHR0cDovL2ltYWdlLnJha3V0ZW4uY28uanAveWFuYWdpeWEvY2FiaW5ldC8wMDMwNjMxNy9pbWc2MjcxNTgwMi5qcGciIGFsdD0ipaulw6XGpaOl86Wwpd6lw6XIoaH06c2opLehoaXBpeOls6XUqWChoaXqpcOl0algoaHEv7TypMEiIGJvcmRlcj0iMCIgLz48L3RoPgoKPHRoPjxpbWcgc3JjPSJodHRwOi8vaW1hZ2UucmFrdXRlbi5jby5qcC95YW5hZ2l5YS9jYWJpbmV0LzAwMzA2MzE3L2ltZzYyNzE1Nzk3LmpwZyIgYWx0PSKl36W3pfPhmKGhxL6+ZOGYoaGk1aTIpPPhmKGhpMikuOGYoaGl0aXDpcGl76lgpa/hmCIgYm9yZGVyPSIwIj48L3RoPgoKPC90cj4KCjx0cj4KPHRoPjxpbWcgc3JjPSJodHRwOi8vaW1hZ2UucmFrdXRlbi5jby5qcC95YW5hZ2l5YS9jYWJpbmV0LzAwMzA2MzE3L2ltZzYyNzE1Nzk5LmpwZyIgYWx0PSKyw79wtcC+36Ghpb2pYKWkpfOlsKW7pcOlyKGhssO/cM/kIiBib3JkZXI9IjAiPjwvdGQ+Cgo8dGg+PGltZyBzcmM9Imh0dHA6Ly9pbWFnZS5yYWt1dGVuLmNvLmpwL3lhbmFnaXlhL2NhYmluZXQvMDAzMDYzMTcvaW1nNjI3MTU3OTguanBnIiBhbHQ9IqTPpLWk36Gh0fOyw6XQpbWl36Gh9OnH0KTQpLWk36Ghpaulw6XIpe+pYKWvpM+ktaTfoaGluaXGpfOl7KW5pM+ktaTfIiBib3JkZXI9IjAiPjwvdGQ+CjwvdHI+Cgo8dHI+Cjx0ZCBjb2xzcGFuPSIyIj48aW1nIHNyYz0iaHR0cDovL2ltYWdlLnJha3V0ZW4uY28uanAveWFuYWdpeWEvY2FiaW5ldC91c2FiYW5uZXIvaW1nNjE0MjA5NDkuanBnIiBhbHQ9Isn6tdihoaSqpLmkuaThIiBib3JkZXI9IjAiIC8+PC90ZD4KPC90cj4KCjx0cj4KPHRoPjxpbWcgc3JjPSJodHRwOi8vaW1hZ2UucmFrdXRlbi5jby5qcC95YW5hZ2l5YS9jYWJpbmV0LzAwMzA2MzE3L2ltZzYyNzE2MTUyLmpwZyIgYWx0PSLI64hAyOvRp6GhxNCkztfTz/KksaGhxa6kztfTz/KksSIgYm9yZGVyPSIwIj48L3RoPgoKPHRoPjxpbWcgc3JjPSJodHRwOi8vaW1hZ2UucmFrdXRlbi5jby5qcC95YW5hZ2l5YS9jYWJpbmV0LzAwMzA2MzE3L2ltZzYyNzE1ODAwLmpwZyIgYWx0PSKlraXjpemlr6W/qWCl76XDpdql86GhyOuIQMjr0aehocP71P24tqSxpe+lw6XapfOhoaXNqWCl4KXppdml6yIgYm9yZGVyPSIwIj48L3RoPgo8L3RyPjwvdGFibGU+Cgo8QnI+PEJyPgo8dGFibGUgd2lkdGg9IjcwMCIgYm9yZGVyPSIxIiBib3JkZXJjb2xvcj0iI0NDQ0NDQyI+Cjx0cj48dGQgYWxpZ249ImNlbnRlciI+ofHQzbyIINK700Wl2qlgpbih8Txicj48aW1nIHNyYz0iaHR0cDovL3RodW1ibmFpbC5pbWFnZS5yYWt1dGVuLmNvLmpwL0AwX21hbGwveWFuYWdpeWEvY2FiaW5ldC9pdGVtMTAveW5nMjAxMi00MTdfNC5qcGciIHdpZHRoPSIyMzAiIGhlaWdodD0iMjMwIiBib3JkZXI9Im5vbmUiPjwvdGQ+Cjx0ZCBhbGlnbj0iY2VudGVyIj6h9LPWpMHK1iDSu9NFpdqpYKW4ofQ8YnI+PGltZyBzcmM9Imh0dHA6Ly90aHVtYm5haWwuaW1hZ2UucmFrdXRlbi5jby5qcC9AMF9tYWxsL3lhbmFnaXlhL2NhYmluZXQvaXRlbTcvcnNmMjAxMjFfMS5qcGciIHdpZHRoPSIyMzAiIGhlaWdodD0iMjMwIiBib3JkZXI9Im5vbmUiPjwvdGQ+Cjx0ZCBhbGlnbj0iY2VudGVyIj6h+KXVpaGluaXKqWAg0rvTRaXaqWCluKH4PGJyPjxpbWcgc3JjPSJodHRwOi8vdGh1bWJuYWlsLmltYWdlLnJha3V0ZW4uY28uanAvQDBfbWFsbC95YW5hZ2l5YS9jYWJpbmV0L2l0ZW02L3JzZjE4OTM1XzEuanBnIiB3aWR0aD0iMjMwIiBib3JkZXI9Im5vbmUiPjwvdGQ+PC90cj4KCjwvdGFibGU+PGJyPjxicj4KCgo8IS0tpeql5algpa2lt6W5pcal4KXspdOl5algse3Kvi0tPgoKPGltZyBzcmM9Imh0dHA6Ly93d3cucmFrdXRlbi5uZS5qcC9nb2xkL3lhbmFnaXlhL2ltYWdlcy92YmFuLXJlYnl1Mi5qcGciIHdpZHRoPSI3MDAiIGhlaWdodD0iNTAiPjxiUj4KICAgICAgICAgICAgICAgICAgICAKCjwhLS2l6qXlqWClraW3pbmlxqXgpeyl06XlqWCx7cq+LS0+,MU2FZ867pMelq6XDpcikt6TepLmh7qG6/FzJq6G7t/mO2qW0peAyNW1tt/mhoaG+vfDM7PFSob+jusOr9Ok/ytbcvz+ls6XDpcil8yDB+M7d,w6v06aWopbOloqXzpcCl6qXkytbcv9PDxre+jqTfzu/dlMjryfq12KXPpd6lyqWrpKrZSaSktcPDq/Tp0fLDq6XVpael66XIsrzJ+rXYpcCl1qXrpaypYKW8vo6k387vpdGlw6XBpe+pYKWvpeyltqlgpa+l6aXVpcilqKWzpaKl86XApeqloqWrpcOlxqWjpfOlsKXepcOlyKXtqWClv6XqqWClq6XDpb+pYKW9qWClpKXzpbCl3KXDpa+luaXqpcOl16XrpcCl1qXrpaypYKW8MU2FZ867pMelq6XDpcikt6TepLmh7qG6/FzJq6G7t/mO2qW0peAyNW1tt/mhoaG+vfDM7PFSob8=,MU2FZ867pMelq6XDpcikt6TepLmh7qG6/FzJq6G7t/mO2qW0peAyNW1tt/mhoaG+vfDM7PFSob8=[rn]
25-29624,aHR0cDovL3RzaG9wLnIxMHMuanAveWFuYWdpeWEvY2FiaW5ldC9pdGVtOS9yc2YyMzM1NF8xLmpwZz9maXRpbj03MDA6NzAw,MTgwLjAwMDA=,,yNXTw8a362rYmz/OxLe/vt8/ytbcvyA+IMrW3L8/pa+l6aXVpcg/yfq12CA+ILXAvt8/pa2lw6XIID4gpdGlw6XBpe+pYKWvP6WtpeulxqWjpfOlsLXAvt8gPiCkvaTOy/s=,MU2FZ867pMelq6XDpcikt6TepLmh7rf5jtqltKXgMjVtbbf5oaGhvr3wzOzxUqG/,,PHRhYmxlIGJvcmRlcj0wIGJnY29sb3I9IiM4MDgwODAiIGNlbGxzcGFjaW5nPTAgY2VsbHBhZGRpbmc9MD4KPFRCT0RZPgo8VFI+CjxURCBiZ2NvbG9yPSIjZmZmZmZmIiBhbGlnbj0iY2VudGVyIj48SU1HIHNyYz0iL3lhbmFnaXlhL2NhYmluZXQvaW1nMDEvaW1nMDc1MzYzNjIuZ2lmIiB3aWR0aD0iMjUwIiBoZWlnaHQ9IjIyIiBib3JkZXI9IjAiIHZzcGFjZT0iNCI+PC9URD4KPC9UUj4KPFRSPgo8VEQgYmdDb2xvcj0jODA4MDgwPgo8VEFCTEUgY2VsbFNwYWNpbmc9MSBjZWxsUGFkZGluZz0zIHdpZHRoPTQ1MCBib3JkZXI9MD4KPFRCT0RZPgoKPFRSPgo8VEQgd2lkdGg9MTMwIGJnQ29sb3I9I0ZGRTBFND48Rk9OVCBzaXplPTIgZm9udCBjb2xvcj0iIzk5NjYwMCI+PEI+P8nMxrfD+zwvQj48L0ZPTlQ+PC9URD4KPFREIHdpZHRoPTMyMCBiZ0NvbG9yPSNmZmZmZmYgY29sU3Bhbj0zPjxGT05UIHNpemU9Mj4xTYVnzrukx6WrpcOlyKS3pN6kuaHut/mO2qW0peAxNW1tt/k8L0ZPTlQ+PC9URD4KPC9UUj4KPFRSPgo8VEQgYmdDb2xvcj0jRkZFRUY4IGNvbFNwYW49ND48Rk9OVCBzaXplPTI+CjxiPrf5MTVtbTxicj4tyNWxvtF1LTwvYj48YnI+CqSqpMqkuKTfpM7K1ty/08O3+Y7apbSl4KGjPGJyPtXJt/Kkx6S3pMOkq6Tq1rmk3qTroaKkqo/U08OltKXgoaOl2aXrpcihoqS9pM6k26SrytakxaSvpOqky8q5pKik67f5jtqltKXgpMekuaGjPGJyPgqB/bjxpM+jsU2kzoH9uPGkx6S5oaOCgMr9obijsaG5pMektNeizsSkpKS/pMCkraTepLmkyKOxTaTOpbSl4KTOpKq97KSxpMikyqTqpN6kuaGjCjxicj6h8aSzpM7JzMa3pM+16u5epMvU2o7spLekxqSqpOqk3qS5pKyhorXq7l7U2o7spKyJ06Tqx9Ck7KTOiPa6z6GipKrIoaTqvMSku6TLpM81oas3htOYScjVpKukq6TqpN6kuaGjIAo8YnI+ofHJ+rXYP6XsqWCluaTKpMnH0KTqidOk6qTOyczGt6TLpMSkpKTGpM+hoqWtpeOl86W7pes/t7XGtz+9u5NRpM+kqsrcpLGkx6StpN6ku6TzoaM8YnI+PGJyPgoKPEZPTlQgY29sb3I9I2NjMDAwMD6+jqTf4Zg/ytbcv7XAvt+kz6SzpMGk6TwvRk9OVD6kx6S0vUK96aS3pMakpKTepLk/IDwvRk9OVD48L1REPgo8L1RSPgo8L1RCT0RZPgo8L1RBQkxFPgo8L1REPgo8L1RSPgo8L1RCT0RZPgo8L1RBQkxFPjxzdHlsZSB0eXBlPSJ0ZXh0L2NzcyI+CiA8IS0tCiB0ZC5pbnZlbnRvcnkgZm9udHtmb250LXNpemU6MTBweDtjb2xvcjojNjY2NjY2O30KIC0tPgogPC9zdHlsZT4KCjxzdHlsZSB0eXBlPSJ0ZXh0L2NzcyI+Ci8qIKSq2UmkpM7vpKuktKXcpb+l86TOtPOkraS1ICovCiN1bml0cytpbnB1dHsKZm9udC1zaXplOiAyMHB4Owpmb250LXdlaWdodDpib2xkOwpwYWRkaW5nOjIwcHggNTBweDsKd2lkdGg6IGF1dG87Cn0KYm9keXsKYmFja2dyb3VuZC1pbWFnZTp1cmwoKTsKCgpiYWNrZ3JvdW5kLXJlcGVhdDpyZXBlYXQteTsKYmFja2dyb3VuZC1wb3NpdGlvbjpyaWdodDsKfQo8L3N0eWxlPgoKPHRhYmxlIGJvcmRlcj0iMCIgY2VsbHNwYWNpbmc9IjAiIGNlbGxwYWRkaW5nPSIyIiBhbGlnbj0iY2VudGVyIj4gCjx0ciB2YWxpZ249InRvcCI+IDx0ZCBub3dyYXAgYWxpZ249InJpZ2h0Ij6lrqXVpciMnY/qPC90ZD4KPHRkPgo8aW1nIHNyYz0iaHR0cDovL2ltYWdlLnJha3V0ZW4uY28uanAveWFuYWdpeWEvY2FiaW5ldC9pbWcwMS9pbWc2MTU0MTY1My5naWYiIGFsdD0ipemlw6XUpfOlsIydj+oiIHdpZHRoPSIxMDAiIGhlaWdodD0iMjEiIGhzcGFjZT0iMSI+IDwvdGQ+IDwvdHI+Cjx0cj48dGQgY29sc3Bhbj0iMiI+CjxpbWcgc3JjPSJodHRwOi8vaW1hZ2UucmFrdXRlbi5jby5qcC95YW5hZ2l5YS9jYWJpbmV0L2ltZzAxL2ltZzYxNTQxNjU2LmdpZiIgd2lkdGg9IjcwMCIgaGVpZ2h0PSIxMDkiPjwvdGQ+CjwvdHI+CjwvdGFibGU+IAoKPHRhYmxlIHdpZHRoPSI3MDAiIGJvcmRlcj0iMCIgYWxpZ249ImNlbnRlciI+Cjx0cj4KPHRkIGNvbHNwYW49IjIiPjxpbWcgc3JjPSJodHRwOi8vaW1hZ2UucmFrdXRlbi5jby5qcC95YW5hZ2l5YS9jYWJpbmV0LzAwMzA2MzE3L2ltZzYyNzE1Nzk2LmpwZyIgYWx0PSKlt6XjpcOl2qW5pdGl86Ghpd+lt6Xz9OkiIGJvcmRlcj0iMCI+PC90ZD4KCjx0cj4KPHRoPjxpbWcgc3JjPSJodHRwOi8vaW1hZ2UucmFrdXRlbi5jby5qcC95YW5hZ2l5YS9jYWJpbmV0LzAwMzA2MzE3L2ltZzYyNzE1ODAyLmpwZyIgYWx0PSKlq6XDpcalo6XzpbCl3qXDpcihofTpzaikt6GhpcGl46WzpdSpYKGhpeqlw6XRqWChocS/tPKkwSIgYm9yZGVyPSIwIiAvPjwvdGg+Cgo8dGg+PGltZyBzcmM9Imh0dHA6Ly9pbWFnZS5yYWt1dGVuLmNvLmpwL3lhbmFnaXlhL2NhYmluZXQvMDAzMDYzMTcvaW1nNjI3MTU3OTcuanBnIiBhbHQ9IqXfpbel8+GYoaHEvr5k4ZihoaTVpMik8+GYoaGkyKS44ZihoaXRpcOlwaXvqWClr+GYIiBib3JkZXI9IjAiPjwvdGg+Cgo8L3RyPgoKPHRyPgo8dGg+PGltZyBzcmM9Imh0dHA6Ly9pbWFnZS5yYWt1dGVuLmNvLmpwL3lhbmFnaXlhL2NhYmluZXQvMDAzMDYzMTcvaW1nNjI3MTU3OTkuanBnIiBhbHQ9IrLDv3C1wL7foaGlvalgpaSl86Wwpbulw6XIoaGyw79wz+QiIGJvcmRlcj0iMCI+PC90ZD4KCjx0aD48aW1nIHNyYz0iaHR0cDovL2ltYWdlLnJha3V0ZW4uY28uanAveWFuYWdpeWEvY2FiaW5ldC8wMDMwNjMxNy9pbWc2MjcxNTc5OC5qcGciIGFsdD0ipM+ktaTfoaHR87LDpdCltaXfoaH06cfQpNCktaTfoaGlq6XDpcil76lgpa+kz6S1pN+hoaW5pcal86Xspbmkz6S1pN8iIGJvcmRlcj0iMCI+PC90ZD4KPC90cj4KCjx0cj4KPHRkIGNvbHNwYW49IjIiPjxpbWcgc3JjPSJodHRwOi8vaW1hZ2UucmFrdXRlbi5jby5qcC95YW5hZ2l5YS9jYWJpbmV0L3VzYWJhbm5lci9pbWc2MTQyMDk0OS5qcGciIGFsdD0iyfq12KGhpKqkuaS5pOEiIGJvcmRlcj0iMCIgLz48L3RkPgo8L3RyPgoKPHRyPgo8dGg+PGltZyBzcmM9Imh0dHA6Ly9pbWFnZS5yYWt1dGVuLmNvLmpwL3lhbmFnaXlhL2NhYmluZXQvMDAzMDYzMTcvaW1nNjI3MTYxNTIuanBnIiBhbHQ9IsjriEDI69GnoaHE0KTO19PP8qSxoaHFrqTO19PP8qSxIiBib3JkZXI9IjAiPjwvdGg+Cgo8dGg+PGltZyBzcmM9Imh0dHA6Ly9pbWFnZS5yYWt1dGVuLmNvLmpwL3lhbmFnaXlhL2NhYmluZXQvMDAzMDYzMTcvaW1nNjI3MTU4MDAuanBnIiBhbHQ9IqWtpeOl6aWvpb+pYKXvpcOl2qXzoaHI64hAyOvRp6Ghw/vU/bi2pLGl76XDpdql86Ghpc2pYKXgpeml2aXrIiBib3JkZXI9IjAiPjwvdGg+CjwvdHI+PC90YWJsZT4KCjxCcj48QnI+Cjx0YWJsZSB3aWR0aD0iNzAwIiBib3JkZXI9IjEiIGJvcmRlcmNvbG9yPSIjQ0NDQ0NDIj4KPHRyPjx0ZCBhbGlnbj0iY2VudGVyIj6h8dDNvIgg0rvTRaXaqWCluKHxPGJyPjxpbWcgc3JjPSJodHRwOi8vdGh1bWJuYWlsLmltYWdlLnJha3V0ZW4uY28uanAvQDBfbWFsbC95YW5hZ2l5YS9jYWJpbmV0L2l0ZW0xMC95bmcyMDEyLTQxN180LmpwZyIgd2lkdGg9IjIzMCIgaGVpZ2h0PSIyMzAiIGJvcmRlcj0ibm9uZSI+PC90ZD4KPHRkIGFsaWduPSJjZW50ZXIiPqH0s9akwcrWINK700Wl2qlgpbih9Dxicj48aW1nIHNyYz0iaHR0cDovL3RodW1ibmFpbC5pbWFnZS5yYWt1dGVuLmNvLmpwL0AwX21hbGwveWFuYWdpeWEvY2FiaW5ldC9pdGVtNy9yc2YyMDEyMV8xLmpwZyIgd2lkdGg9IjIzMCIgaGVpZ2h0PSIyMzAiIGJvcmRlcj0ibm9uZSI+PC90ZD4KPHRkIGFsaWduPSJjZW50ZXIiPqH4pdWloaW5pcqpYCDSu9NFpdqpYKW4ofg8YnI+PGltZyBzcmM9Imh0dHA6Ly90aHVtYm5haWwuaW1hZ2UucmFrdXRlbi5jby5qcC9AMF9tYWxsL3lhbmFnaXlhL2NhYmluZXQvaXRlbTYvcnNmMTg5MzVfMS5qcGciIHdpZHRoPSIyMzAiIGJvcmRlcj0ibm9uZSI+PC90ZD48L3RyPgoKPC90YWJsZT48YnI+PGJyPgoKCjwhLS2l6qXlqWClraW3pbmlxqXgpeyl06XlqWCx7cq+LS0+Cgo8aW1nIHNyYz0iaHR0cDovL3d3dy5yYWt1dGVuLm5lLmpwL2dvbGQveWFuYWdpeWEvaW1hZ2VzL3ZiYW4tcmVieXUyLmpwZyIgd2lkdGg9IjcwMCIgaGVpZ2h0PSI1MCI+PGJSPgogICAgICAgICAgICAgICAgICAgIAoKPCEtLaXqpeWpYKWtpbeluaXGpeCl7KXTpeWpYLHtyr4tLT4=,MU2FZ867pMelq6XDpcikt6TepLmh7rf5jtqltKXgMjVtbbf5oaGhvr3wzOzxUqG/o7rDq/TpP8rW3L8/pbOlw6XIpfMgwfjO3Q==,w6v06aWopbOloqXzpcCl6qXkytbcv9PDxre+jqTfzu/dlMjryfq12KXPpd6lyqWrpKrZSaSktcPDq/Tp0fLDq6XVpael66XIsrzJ+rXYpcCl1qXrpaypYKW8vo6k387vpdGlw6XBpe+pYKWvpeyltqlgpa+l6aXVpcilqKWzpaKl86XApeqloqWrpcOlxqWjpfOlsKXepcOlyKXtqWClv6XqqWClq6XDpb+pYKW9qWClpKXzpbCl3KXDpa+luaXqpcOl16XrpcCl1qXrpaypYKW8MU2FZ867pMelq6XDpcikt6TepLmh7rf5jtqltKXgMjVtbbf5oaGhvr3wzOzxUqG/,MU2FZ867pMelq6XDpcikt6TepLmh7rf5jtqltKXgMjVtbbf5oaGhvr3wzOzxUqG/[rn]
25-29625,aHR0cDovL3RzaG9wLnIxMHMuanAveWFuYWdpeWEvY2FiaW5ldC9pdGVtOC9yc2YyMjc2Nl8xLmpwZz9maXRpbj03MDA6NzAw,MTIyLjQwMDA=,,yNXTw8a362rYmz/OxLe/vt8/ytbcvyA+IMrW3L8/pa+l6aXVpcg/yfq12CA+ILXAvt8/pa2lw6XIID4gpdGlw6XBpe+pYKWvP6WtpeulxqWjpfOlsLXAvt8gPiCkvaTOy/s=,pKqkt6TjpOylq6XpqWCltKXgo6hMo6mhoaG+vfDM7PFSob8=,,PHRhYmxlIGJvcmRlcj0wIGJnY29sb3I9IiM4MDgwODAiIGNlbGxzcGFjaW5nPTAgY2VsbHBhZGRpbmc9MD4KPFRCT0RZPgo8VFI+CjxURCBiZ2NvbG9yPSIjZmZmZmZmIiBhbGlnbj0iY2VudGVyIj48SU1HIHNyYz0iL3lhbmFnaXlhL2NhYmluZXQvaW1nMDEvaW1nMDc1MzYzNjIuZ2lmIiB3aWR0aD0iMjUwIiBoZWlnaHQ9IjIyIiBib3JkZXI9IjAiIHZzcGFjZT0iNCI+PC9URD4KPC9UUj4KPFRSPgo8VEQgYmdDb2xvcj0jODA4MDgwPgo8VEFCTEUgY2VsbFNwYWNpbmc9MSBjZWxsUGFkZGluZz0zIHdpZHRoPTQ1MCBib3JkZXI9MD4KPFRCT0RZPgoKPFRSPgo8VEQgd2lkdGg9MTMwIGJnQ29sb3I9I0ZGRTBFND48Rk9OVCBzaXplPTIgZm9udCBjb2xvcj0iIzk5NjYwMCI+PEI+P8nMxrfD+zwvQj48L0ZPTlQ+PC9URD4KPFREIHdpZHRoPTMyMCBiZ0NvbG9yPSNmZmZmZmYgY29sU3Bhbj0zPjxGT05UIHNpemU9Mj6lq6XpqWCltKXgoaFTPC9GT05UPjwvVEQ+CjwvVFI+CjxUUj4KPFREIHdpZHRoPTEzMCBiZ0NvbG9yPSNGRkUwRTQ+PEZPTlQgc2l6ZT0yIGZvbnQgY29sb3I9IiM5OTY2MDAiPjxCPj+ltaWkpbo8L0I+PC9GT05UPjwvVEQ+CjxURCB3aWR0aD0zMjAgYmdDb2xvcj0jZmZmZmZmIGNvbFNwYW49Mz48Rk9OVCBzaXplPTI+MqPNPC9GT05UPjwvVEQ+CjwvVFI+CjxUUj4KPFREIGJnQ29sb3I9I0ZGRUVGOCBjb2xTcGFuPTQ+PEZPTlQgc2l6ZT0yPgqkq6TvpKSkpMmrpMSkraTOpKqkt6TjpOyltKXgPEJSPvOK75ek6qOopdiloqlgpbSl4KOppMulqqW5pbml4Txicj48YnI+CjxGT05UIGNvbG9yPSNjYzAwMDA+vo6k3+GYP8rW3L+1wL7fpM+ks6TBpOk8L0ZPTlQ+pMektL1Cvemkt6TGpKSk3qS5PyA8L0ZPTlQ+PC9URD4KPC9UUj4KPC9UQk9EWT4KPC9UQUJMRT4KPC9URD4KPC9UUj4KPC9UQk9EWT4KPC9UQUJMRT48YnI+PGJyPjxicj4KPHRhYmxlIHdpZHRoPSIzNTAiPjx0cj48dGQ+PGltZyBzcmM9Imh0dHA6Ly9pbWFnZS5yYWt1dGVuLmNvLmpwL3lhbmFnaXlhL2NhYmluZXQvMDAxNjIwMjcvaW1nNTUzODc2ODEuanBnIiBib3JkZXI9IjAiIGFsdD0ipdGlw6XBpe+pYKWvpaulw6XIpa+l7aW5Ij48L3RkPjwvdHI+Cjx0cj48dGQ+PGltZyBzcmM9Imh0dHA6Ly9pbWFnZS5yYWt1dGVuLmNvLmpwL3lhbmFnaXlhL2NhYmluZXQvMDAzMDYzMTcvaW1nNTU5NjQ5MTQuanBnIiBib3JkZXI9IjAiIGFsdD0iWU9LT1RBpaul1aWnpbel6qlgpboiPjxicj48Zm9udCBjb2xvcj0iIzk5NjYzMyIgc2l6ZT0iLTEiPqSrpO+kpKSkw6v06aH0paul1aWnuqPeeKGhpaul1aWnxL6kpKTBpLQ8L2ZvbnQ+PGJyPjwvdGQ+PC90cj4KPHRyPjx0ZD48aW1nIHNyYz0iaHR0cDovL2ltYWdlLnJha3V0ZW4uY28uanAveWFuYWdpeWEvY2FiaW5ldC8wMDMwNjMxNy9pbWc1NTk2NDkxNS5qcGciIGJvcmRlcj0iMCIgYWx0PSKl66W3paKl86XVpeml76lgpdWloaXWpeqlw6WvpbOl7KWvpbel56XzIj48YnI+PGZvbnQgY29sb3I9IiM5OTY2MzMiIHNpemU9Ii0xIj6h9KXrpbeloqXzoaGl1aXppe+pYKXVpaGl1qXqpcOlr6Wzpeylr6W3peel8zwvZm9udD48L3RkPjwvdHI+Cgo8L3RhYmxlPqG+pdGlw6XBpe+pYKWvob+hvrK8tdihvzxzdHlsZSB0eXBlPSJ0ZXh0L2NzcyI+CiA8IS0tCiB0ZC5pbnZlbnRvcnkgZm9udHtmb250LXNpemU6MTBweDtjb2xvcjojNjY2NjY2O30KIC0tPgogPC9zdHlsZT4KCjxzdHlsZSB0eXBlPSJ0ZXh0L2NzcyI+Ci8qIKSq2UmkpM7vpKuktKXcpb+l86TOtPOkraS1ICovCiN1bml0cytpbnB1dHsKZm9udC1zaXplOiAyMHB4Owpmb250LXdlaWdodDpib2xkOwpwYWRkaW5nOjIwcHggNTBweDsKd2lkdGg6IGF1dG87Cn0KYm9keXsKYmFja2dyb3VuZC1pbWFnZTp1cmwoKTsKCgpiYWNrZ3JvdW5kLXJlcGVhdDpyZXBlYXQteTsKYmFja2dyb3VuZC1wb3NpdGlvbjpyaWdodDsKfQo8L3N0eWxlPgoKPHRhYmxlIGJvcmRlcj0iMCIgY2VsbHNwYWNpbmc9IjAiIGNlbGxwYWRkaW5nPSIyIiBhbGlnbj0iY2VudGVyIj4gCjx0ciB2YWxpZ249InRvcCI+IDx0ZCBub3dyYXAgYWxpZ249InJpZ2h0Ij6lrqXVpciMnY/qPC90ZD4KPHRkPgo8aW1nIHNyYz0iaHR0cDovL2ltYWdlLnJha3V0ZW4uY28uanAveWFuYWdpeWEvY2FiaW5ldC9pbWcwMS9pbWc2MTU0MTY1My5naWYiIGFsdD0ipemlw6XUpfOlsIydj+oiIHdpZHRoPSIxMDAiIGhlaWdodD0iMjEiIGhzcGFjZT0iMSI+IDwvdGQ+IDwvdHI+Cjx0cj48dGQgY29sc3Bhbj0iMiI+CjxpbWcgc3JjPSJodHRwOi8vaW1hZ2UucmFrdXRlbi5jby5qcC95YW5hZ2l5YS9jYWJpbmV0L2ltZzAxL2ltZzYxNTQxNjU2LmdpZiIgd2lkdGg9IjcwMCIgaGVpZ2h0PSIxMDkiPjwvdGQ+CjwvdHI+CjwvdGFibGU+IAoKPHRhYmxlIHdpZHRoPSI3MDAiIGJvcmRlcj0iMCIgYWxpZ249ImNlbnRlciI+Cjx0cj4KPHRkIGNvbHNwYW49IjIiPjxpbWcgc3JjPSJodHRwOi8vaW1hZ2UucmFrdXRlbi5jby5qcC95YW5hZ2l5YS9jYWJpbmV0LzAwMzA2MzE3L2ltZzYyNzE1Nzk2LmpwZyIgYWx0PSKlt6XjpcOl2qW5pdGl86Ghpd+lt6Xz9OkiIGJvcmRlcj0iMCI+PC90ZD4KCjx0cj4KPHRoPjxpbWcgc3JjPSJodHRwOi8vaW1hZ2UucmFrdXRlbi5jby5qcC95YW5hZ2l5YS9jYWJpbmV0LzAwMzA2MzE3L2ltZzYyNzE1ODAyLmpwZyIgYWx0PSKlq6XDpcalo6XzpbCl3qXDpcihofTpzaikt6GhpcGl46WzpdSpYKGhpeqlw6XRqWChocS/tPKkwSIgYm9yZGVyPSIwIiAvPjwvdGg+Cgo8dGg+PGltZyBzcmM9Imh0dHA6Ly9pbWFnZS5yYWt1dGVuLmNvLmpwL3lhbmFnaXlhL2NhYmluZXQvMDAzMDYzMTcvaW1nNjI3MTU3OTcuanBnIiBhbHQ9IqXfpbel8+GYoaHEvr5k4ZihoaTVpMik8+GYoaGkyKS44ZihoaXRpcOlwaXvqWClr+GYIiBib3JkZXI9IjAiPjwvdGg+Cgo8L3RyPgoKPHRyPgo8dGg+PGltZyBzcmM9Imh0dHA6Ly9pbWFnZS5yYWt1dGVuLmNvLmpwL3lhbmFnaXlhL2NhYmluZXQvMDAzMDYzMTcvaW1nNjI3MTU3OTkuanBnIiBhbHQ9IrLDv3C1wL7foaGlvalgpaSl86Wwpbulw6XIoaGyw79wz+QiIGJvcmRlcj0iMCI+PC90ZD4KCjx0aD48aW1nIHNyYz0iaHR0cDovL2ltYWdlLnJha3V0ZW4uY28uanAveWFuYWdpeWEvY2FiaW5ldC8wMDMwNjMxNy9pbWc2MjcxNTc5OC5qcGciIGFsdD0ipM+ktaTfoaHR87LDpdCltaXfoaH06cfQpNCktaTfoaGlq6XDpcil76lgpa+kz6S1pN+hoaW5pcal86Xspbmkz6S1pN8iIGJvcmRlcj0iMCI+PC90ZD4KPC90cj4KCjx0cj4KPHRkIGNvbHNwYW49IjIiPjxpbWcgc3JjPSJodHRwOi8vaW1hZ2UucmFrdXRlbi5jby5qcC95YW5hZ2l5YS9jYWJpbmV0L3VzYWJhbm5lci9pbWc2MTQyMDk0OS5qcGciIGFsdD0iyfq12KGhpKqkuaS5pOEiIGJvcmRlcj0iMCIgLz48L3RkPgo8L3RyPgoKPHRyPgo8dGg+PGltZyBzcmM9Imh0dHA6Ly9pbWFnZS5yYWt1dGVuLmNvLmpwL3lhbmFnaXlhL2NhYmluZXQvMDAzMDYzMTcvaW1nNjI3MTYxNTIuanBnIiBhbHQ9IsjriEDI69GnoaHE0KTO19PP8qSxoaHFrqTO19PP8qSxIiBib3JkZXI9IjAiPjwvdGg+Cgo8dGg+PGltZyBzcmM9Imh0dHA6Ly9pbWFnZS5yYWt1dGVuLmNvLmpwL3lhbmFnaXlhL2NhYmluZXQvMDAzMDYzMTcvaW1nNjI3MTU4MDAuanBnIiBhbHQ9IqWtpeOl6aWvpb+pYKXvpcOl2qXzoaHI64hAyOvRp6Ghw/vU/bi2pLGl76XDpdql86Ghpc2pYKXgpeml2aXrIiBib3JkZXI9IjAiPjwvdGg+CjwvdHI+PC90YWJsZT4KCjxCcj48QnI+Cjx0YWJsZSB3aWR0aD0iNzAwIiBib3JkZXI9IjEiIGJvcmRlcmNvbG9yPSIjQ0NDQ0NDIj4KPHRyPjx0ZCBhbGlnbj0iY2VudGVyIj6h8dDNvIgg0rvTRaXaqWCluKHxPGJyPjxpbWcgc3JjPSJodHRwOi8vdGh1bWJuYWlsLmltYWdlLnJha3V0ZW4uY28uanAvQDBfbWFsbC95YW5hZ2l5YS9jYWJpbmV0L2l0ZW0xMC95bmcyMDEyLTQxN180LmpwZyIgd2lkdGg9IjIzMCIgaGVpZ2h0PSIyMzAiIGJvcmRlcj0ibm9uZSI+PC90ZD4KPHRkIGFsaWduPSJjZW50ZXIiPqH0s9akwcrWINK700Wl2qlgpbih9Dxicj48aW1nIHNyYz0iaHR0cDovL3RodW1ibmFpbC5pbWFnZS5yYWt1dGVuLmNvLmpwL0AwX21hbGwveWFuYWdpeWEvY2FiaW5ldC9pdGVtNy9yc2YyMDEyMV8xLmpwZyIgd2lkdGg9IjIzMCIgaGVpZ2h0PSIyMzAiIGJvcmRlcj0ibm9uZSI+PC90ZD4KPHRkIGFsaWduPSJjZW50ZXIiPqH4pdWloaW5pcqpYCDSu9NFpdqpYKW4ofg8YnI+PGltZyBzcmM9Imh0dHA6Ly90aHVtYm5haWwuaW1hZ2UucmFrdXRlbi5jby5qcC9AMF9tYWxsL3lhbmFnaXlhL2NhYmluZXQvaXRlbTYvcnNmMTg5MzVfMS5qcGciIHdpZHRoPSIyMzAiIGJvcmRlcj0ibm9uZSI+PC90ZD48L3RyPgoKPC90YWJsZT48YnI+PGJyPgoKCjwhLS2l6qXlqWClraW3pbmlxqXgpeyl06XlqWCx7cq+LS0+Cgo8aW1nIHNyYz0iaHR0cDovL3d3dy5yYWt1dGVuLm5lLmpwL2dvbGQveWFuYWdpeWEvaW1hZ2VzL3ZiYW4tcmVieXUyLmpwZyIgd2lkdGg9IjcwMCIgaGVpZ2h0PSI1MCI+PGJSPgogICAgICAgICAgICAgICAgICAgIAoKPCEtLaXqpeWpYKWtpbeluaXGpeCl7KXTpeWpYLHtyr4tLT4=,pKqkt6TjpOylq6XpqWCltKXgo6hMo6mhoaG+vfDM7PFSob+jusOr9Ok/ytbcvz+ls6XDpcil8yDB+M7d,w6v06aWopbOloqXzpcCl6qXkytbcv9PDxre+jqTfzu/dlMjryfq12KXPpd6lyqWrpKrZSaSktcPDq/Tp0fLDq6XVpael66XIsrzJ+rXYpcCl1qXrpaypYKW8vo6k387vpdGlw6XBpe+pYKWvpeyltqlgpa+l6aXVpcilqKWzpaKl86XApeqloqWrpcOlxqWjpfOlsKXepcOlyKXtqWClv6XqqWClq6XDpb+pYKW9qWClpKXzpbCl3KXDpa+luaXqpcOl16XrpcCl1qXrpaypYKW8pKqkt6TjpOylq6XpqWCltKXgo6hMo6mhoaG+vfDM7PFSob8=,pKqkt6TjpOylq6XpqWCltKXgo6hMo6mhoaG+vfDM7PFSob8=[rn]
25-29626,aHR0cDovL3RzaG9wLnIxMHMuanAveWFuYWdpeWEvY2FiaW5ldC9pdGVtOS9yc2YyMzM2Nl8xLmpwZz9maXRpbj03MDA6NzAw,MjUyLjAwMDA=,,yNXTw8a362rYmz/OxLe/vt8/ytbcvyA+IMrW3L8/pa+l6aXVpcg/yfq12CA+ILXAvt8/pa2lw6XIID4gpdGlw6XBpe+pYKWvP6WtpeulxqWjpfOlsLXAvt8gPiCkvaTOy/s=,MU2FZ867pMelq6XDpcikt6TepLmh7qG6/FzJq6G7t/mO2qW0peAzNW1tt/mhoaG+vfDM7PFSob8=,,PHRhYmxlIGJvcmRlcj0wIGJnY29sb3I9IiM4MDgwODAiIGNlbGxzcGFjaW5nPTAgY2VsbHBhZGRpbmc9MD4KPFRCT0RZPgo8VFI+CjxURCBiZ2NvbG9yPSIjZmZmZmZmIiBhbGlnbj0iY2VudGVyIj48SU1HIHNyYz0iL3lhbmFnaXlhL2NhYmluZXQvaW1nMDEvaW1nMDc1MzYzNjIuZ2lmIiB3aWR0aD0iMjUwIiBoZWlnaHQ9IjIyIiBib3JkZXI9IjAiIHZzcGFjZT0iNCI+PC9URD4KPC9UUj4KPFRSPgo8VEQgYmdDb2xvcj0jODA4MDgwPgo8VEFCTEUgY2VsbFNwYWNpbmc9MSBjZWxsUGFkZGluZz0zIHdpZHRoPTQ1MCBib3JkZXI9MD4KPFRCT0RZPgoKPFRSPgo8VEQgd2lkdGg9MTMwIGJnQ29sb3I9I0ZGRTBFND48Rk9OVCBzaXplPTIgZm9udCBjb2xvcj0iIzk5NjYwMCI+PEI+P8nMxrfD+zwvQj48L0ZPTlQ+PC9URD4KPFREIHdpZHRoPTMyMCBiZ0NvbG9yPSNmZmZmZmYgY29sU3Bhbj0zPjxGT05UIHNpemU9Mj4xTYVnzrukx6WrpcOlyKS3pN6kuaHuobr8XMmrobu3+Y7apbSl4DE1bW23+TwvRk9OVD48L1REPgo8L1RSPgo8VFI+CjxURCBiZ0NvbG9yPSNGRkVFRjggY29sU3Bhbj00PjxGT05UIHNpemU9Mj4KPGI+t/kxNW1tPGJyPi3I1bG+0XUtPC9iPjxicj6lq6XpqWChofxcPGJyPgqkqqTKpLik36TOytbcv9PDt/mO2qW0peChozxicj7VybfypMekt6TDpKuk6ta5pN6k66GipKqP1NPDpbSl4KGjpdml66XIoaKkvaTOpNukq8rWpMWkr6TqpMvKuaSopOu3+Y7apbSl4KTHpLmhozxicj4Kgf248aTPo7FNpM6B/bjxpMekuaGjgoDK/aG4o7GhuaTHpLTXos7EpKSkv6TApK2k3qS5pMijsU2kzqW0peCkzqSqveyksaTIpMqk6qTepLmhowo8YnI+ofGks6TOyczGt6TPteruXqTL1NqO7KS3pMakqqTqpN6kuaSsoaK16u5e1NqO7KSsidOk6sfQpOykzoj2us+hoqSqyKGk6rzEpLuky6TPNaGrN4bTmEnI1aSrpKuk6qTepLmhoyAKPGJyPqHxyfq12D+l7KlgpbmkyqTJx9Ck6onTpOqkzsnMxreky6TEpKSkxqTPoaKlraXjpfOlu6XrP7e1xrc/vbuTUaTPpKrK3KSxpMekraTepLuk86GjPGJyPjxicj4KCjxGT05UIGNvbG9yPSNjYzAwMDA+vo6k3+GYP8rW3L+1wL7fpM+ks6TBpOk8L0ZPTlQ+pMektL1Cvemkt6TGpKSk3qS5PyA8L0ZPTlQ+PC9URD4KPC9UUj4KPC9UQk9EWT4KPC9UQUJMRT4KPC9URD4KPC9UUj4KPC9UQk9EWT4KPC9UQUJMRT48c3R5bGUgdHlwZT0idGV4dC9jc3MiPgogPCEtLQogdGQuaW52ZW50b3J5IGZvbnR7Zm9udC1zaXplOjEwcHg7Y29sb3I6IzY2NjY2Njt9CiAtLT4KIDwvc3R5bGU+Cgo8c3R5bGUgdHlwZT0idGV4dC9jc3MiPgovKiCkqtlJpKTO76SrpLSl3KW/pfOkzrTzpK2ktSAqLwojdW5pdHMraW5wdXR7CmZvbnQtc2l6ZTogMjBweDsKZm9udC13ZWlnaHQ6Ym9sZDsKcGFkZGluZzoyMHB4IDUwcHg7CndpZHRoOiBhdXRvOwp9CmJvZHl7CmJhY2tncm91bmQtaW1hZ2U6dXJsKCk7CgoKYmFja2dyb3VuZC1yZXBlYXQ6cmVwZWF0LXk7CmJhY2tncm91bmQtcG9zaXRpb246cmlnaHQ7Cn0KPC9zdHlsZT4KCjx0YWJsZSBib3JkZXI9IjAiIGNlbGxzcGFjaW5nPSIwIiBjZWxscGFkZGluZz0iMiIgYWxpZ249ImNlbnRlciI+IAo8dHIgdmFsaWduPSJ0b3AiPiA8dGQgbm93cmFwIGFsaWduPSJyaWdodCI+pa6l1aXIjJ2P6jwvdGQ+Cjx0ZD4KPGltZyBzcmM9Imh0dHA6Ly9pbWFnZS5yYWt1dGVuLmNvLmpwL3lhbmFnaXlhL2NhYmluZXQvaW1nMDEvaW1nNjE1NDE2NTMuZ2lmIiBhbHQ9IqXppcOl1KXzpbCMnY/qIiB3aWR0aD0iMTAwIiBoZWlnaHQ9IjIxIiBoc3BhY2U9IjEiPiA8L3RkPiA8L3RyPgo8dHI+PHRkIGNvbHNwYW49IjIiPgo8aW1nIHNyYz0iaHR0cDovL2ltYWdlLnJha3V0ZW4uY28uanAveWFuYWdpeWEvY2FiaW5ldC9pbWcwMS9pbWc2MTU0MTY1Ni5naWYiIHdpZHRoPSI3MDAiIGhlaWdodD0iMTA5Ij48L3RkPgo8L3RyPgo8L3RhYmxlPiAKCjx0YWJsZSB3aWR0aD0iNzAwIiBib3JkZXI9IjAiIGFsaWduPSJjZW50ZXIiPgo8dHI+Cjx0ZCBjb2xzcGFuPSIyIj48aW1nIHNyYz0iaHR0cDovL2ltYWdlLnJha3V0ZW4uY28uanAveWFuYWdpeWEvY2FiaW5ldC8wMDMwNjMxNy9pbWc2MjcxNTc5Ni5qcGciIGFsdD0ipbel46XDpdqluaXRpfOhoaXfpbel8/TpIiBib3JkZXI9IjAiPjwvdGQ+Cgo8dHI+Cjx0aD48aW1nIHNyYz0iaHR0cDovL2ltYWdlLnJha3V0ZW4uY28uanAveWFuYWdpeWEvY2FiaW5ldC8wMDMwNjMxNy9pbWc2MjcxNTgwMi5qcGciIGFsdD0ipaulw6XGpaOl86Wwpd6lw6XIoaH06c2opLehoaXBpeOls6XUqWChoaXqpcOl0algoaHEv7TypMEiIGJvcmRlcj0iMCIgLz48L3RoPgoKPHRoPjxpbWcgc3JjPSJodHRwOi8vaW1hZ2UucmFrdXRlbi5jby5qcC95YW5hZ2l5YS9jYWJpbmV0LzAwMzA2MzE3L2ltZzYyNzE1Nzk3LmpwZyIgYWx0PSKl36W3pfPhmKGhxL6+ZOGYoaGk1aTIpPPhmKGhpMikuOGYoaGl0aXDpcGl76lgpa/hmCIgYm9yZGVyPSIwIj48L3RoPgoKPC90cj4KCjx0cj4KPHRoPjxpbWcgc3JjPSJodHRwOi8vaW1hZ2UucmFrdXRlbi5jby5qcC95YW5hZ2l5YS9jYWJpbmV0LzAwMzA2MzE3L2ltZzYyNzE1Nzk5LmpwZyIgYWx0PSKyw79wtcC+36Ghpb2pYKWkpfOlsKW7pcOlyKGhssO/cM/kIiBib3JkZXI9IjAiPjwvdGQ+Cgo8dGg+PGltZyBzcmM9Imh0dHA6Ly9pbWFnZS5yYWt1dGVuLmNvLmpwL3lhbmFnaXlhL2NhYmluZXQvMDAzMDYzMTcvaW1nNjI3MTU3OTguanBnIiBhbHQ9IqTPpLWk36Gh0fOyw6XQpbWl36Gh9OnH0KTQpLWk36Ghpaulw6XIpe+pYKWvpM+ktaTfoaGluaXGpfOl7KW5pM+ktaTfIiBib3JkZXI9IjAiPjwvdGQ+CjwvdHI+Cgo8dHI+Cjx0ZCBjb2xzcGFuPSIyIj48aW1nIHNyYz0iaHR0cDovL2ltYWdlLnJha3V0ZW4uY28uanAveWFuYWdpeWEvY2FiaW5ldC91c2FiYW5uZXIvaW1nNjE0MjA5NDkuanBnIiBhbHQ9Isn6tdihoaSqpLmkuaThIiBib3JkZXI9IjAiIC8+PC90ZD4KPC90cj4KCjx0cj4KPHRoPjxpbWcgc3JjPSJodHRwOi8vaW1hZ2UucmFrdXRlbi5jby5qcC95YW5hZ2l5YS9jYWJpbmV0LzAwMzA2MzE3L2ltZzYyNzE2MTUyLmpwZyIgYWx0PSLI64hAyOvRp6GhxNCkztfTz/KksaGhxa6kztfTz/KksSIgYm9yZGVyPSIwIj48L3RoPgoKPHRoPjxpbWcgc3JjPSJodHRwOi8vaW1hZ2UucmFrdXRlbi5jby5qcC95YW5hZ2l5YS9jYWJpbmV0LzAwMzA2MzE3L2ltZzYyNzE1ODAwLmpwZyIgYWx0PSKlraXjpemlr6W/qWCl76XDpdql86GhyOuIQMjr0aehocP71P24tqSxpe+lw6XapfOhoaXNqWCl4KXppdml6yIgYm9yZGVyPSIwIj48L3RoPgo8L3RyPjwvdGFibGU+Cgo8QnI+PEJyPgo8dGFibGUgd2lkdGg9IjcwMCIgYm9yZGVyPSIxIiBib3JkZXJjb2xvcj0iI0NDQ0NDQyI+Cjx0cj48dGQgYWxpZ249ImNlbnRlciI+ofHQzbyIINK700Wl2qlgpbih8Txicj48aW1nIHNyYz0iaHR0cDovL3RodW1ibmFpbC5pbWFnZS5yYWt1dGVuLmNvLmpwL0AwX21hbGwveWFuYWdpeWEvY2FiaW5ldC9pdGVtMTAveW5nMjAxMi00MTdfNC5qcGciIHdpZHRoPSIyMzAiIGhlaWdodD0iMjMwIiBib3JkZXI9Im5vbmUiPjwvdGQ+Cjx0ZCBhbGlnbj0iY2VudGVyIj6h9LPWpMHK1iDSu9NFpdqpYKW4ofQ8YnI+PGltZyBzcmM9Imh0dHA6Ly90aHVtYm5haWwuaW1hZ2UucmFrdXRlbi5jby5qcC9AMF9tYWxsL3lhbmFnaXlhL2NhYmluZXQvaXRlbTcvcnNmMjAxMjFfMS5qcGciIHdpZHRoPSIyMzAiIGhlaWdodD0iMjMwIiBib3JkZXI9Im5vbmUiPjwvdGQ+Cjx0ZCBhbGlnbj0iY2VudGVyIj6h+KXVpaGluaXKqWAg0rvTRaXaqWCluKH4PGJyPjxpbWcgc3JjPSJodHRwOi8vdGh1bWJuYWlsLmltYWdlLnJha3V0ZW4uY28uanAvQDBfbWFsbC95YW5hZ2l5YS9jYWJpbmV0L2l0ZW02L3JzZjE4OTM1XzEuanBnIiB3aWR0aD0iMjMwIiBib3JkZXI9Im5vbmUiPjwvdGQ+PC90cj4KCjwvdGFibGU+PGJyPjxicj4KCgo8IS0tpeql5algpa2lt6W5pcal4KXspdOl5algse3Kvi0tPgoKPGltZyBzcmM9Imh0dHA6Ly93d3cucmFrdXRlbi5uZS5qcC9nb2xkL3lhbmFnaXlhL2ltYWdlcy92YmFuLXJlYnl1Mi5qcGciIHdpZHRoPSI3MDAiIGhlaWdodD0iNTAiPjxiUj4KICAgICAgICAgICAgICAgICAgICAKCjwhLS2l6qXlqWClraW3pbmlxqXgpeyl06XlqWCx7cq+LS0+,MU2FZ867pMelq6XDpcikt6TepLmh7qG6/FzJq6G7t/mO2qW0peAzNW1tt/mhoaG+vfDM7PFSob+jusOr9Ok/ytbcvz+ls6XDpcil8yDB+M7d,w6v06aWopbOloqXzpcCl6qXkytbcv9PDxre+jqTfzu/dlMjryfq12KXPpd6lyqWrpKrZSaSktcPDq/Tp0fLDq6XVpael66XIsrzJ+rXYpcCl1qXrpaypYKW8vo6k387vpdGlw6XBpe+pYKWvpeyltqlgpa+l6aXVpcilqKWzpaKl86XApeqloqWrpcOlxqWjpfOlsKXepcOlyKXtqWClv6XqqWClq6XDpb+pYKW9qWClpKXzpbCl3KXDpa+luaXqpcOl16XrpcCl1qXrpaypYKW8MU2FZ867pMelq6XDpcikt6TepLmh7qG6/FzJq6G7t/mO2qW0peAzNW1tt/mhoaG+vfDM7PFSob8=,MU2FZ867pMelq6XDpcikt6TepLmh7qG6/FzJq6G7t/mO2qW0peAzNW1tt/mhoaG+vfDM7PFSob8=[rn]
25-29627,aHR0cDovL3RzaG9wLnIxMHMuanAvcGlua21vbmtleS9jYWJpbmV0L2hhbmRtYWRlMDIvaG0tMS04My1uMV9tYXRvbWVkYW4uanBnP2ZpdGluPTcwMDo3MDA=,MTIwLjAwMDA=,,yNXTw8a362rYmz/OxLe/vt8/ytbcvyA+IMrW3L8/pa+l6aXVpcg/yfq12CA+ILLDv3CyxMHPID4gpNKk4g==,xa/Jq8+1pbmlqKlgpcnGvbjvvH4oNW1tt/mhwTFtKSClvaXVpcilv6Wkpdcgsb647yDFo7jvIMfQpOqJ06TqIDFNhWfOu6G+pOakpqXRpbGlw6XIQYydj+qhvw==,ob6k5qSmpdGlsaXDpchBjJ2P6qG/,PGNlbnRlcj4KPGRpdj4KCjwvZGl2Pgo8L2NlbnRlcj48YnI+CiAgICAgICAgPGRpdiBhbGlnbj0iY2VudGVyIj4KPHRhYmxlIGNlbGxzcGFjaW5nPSIxIiBjZWxscGFkZGluZz0iNSIgd2lkdGg9IjYwMCIgYmdjb2xvcj0iIzAwMDAwMCIgYWxpZ249ImNlbnRlciI+PFRCT0RZPgoKPFRSPgogICAgICA8dGQgYmdjb2xvcj0iI2YwZjBmMCIgYWxpZ249ImNlbnRlciIgd2lkdGg9IjEyMiI+PGZvbnQgY29sb3I9IiM2NjY2NjYiIHNpemU9IjIiPsnMxrfD+zwvZm9udD48L3RkPgogICAgICA8dGQgYmdjb2xvcj0iI2ZmZmZmZiIgd2lkdGg9IjQ1NSI+PEZPTlQgY29sb3I9IzAwMDAwMCIgc2l6ZT0tMT7Fr8mrz7WluaWmpaepYKXJxr2477x+IKW9pdWlyKW/paSl1yA8L0ZPTlQ+PC90ZD4KICAgIDwvVFI+CjxUUj4KICAgICAgPHRkIGJnY29sb3I9IiNmMGYwZjAiIGFsaWduPSJjZW50ZXIiIHdpZHRoPSIxMjIiPjxmb250IGNvbG9yPSIjNjY2NjY2IiBzaXplPSIyIj6lq6XpqWA8L2ZvbnQ+PC90ZD4KICAgICAgPHRkIGJnY29sb3I9IiNmZmZmZmYiIHdpZHRoPSI0NTUiPjxGT05UIGNvbG9yPSMwMDAwMDAiIHNpemU9LTE+MTA1LaXspcOlyS8xMjMtpbelr6XppeGl8y8xMTEtpdSl86WvL6XApeul7KXDpck8L0ZPTlQ+PC90ZD4KICAgIDwvVFI+CjxUUj4KICAgICAgPHRkIGJnY29sb3I9IiNmMGYwZjAiIGFsaWduPSJjZW50ZXIiIHdpZHRoPSIxMjIiPjxmb250IGNvbG9yPSIjNjY2NjY2IiBzaXplPSIyIj6ltaWkpboovHMpPC9mb250PjwvdGQ+CiAgICAgIDx0ZCBiZ2NvbG9yPSIjZmZmZmZmIiB3aWR0aD0iNDU1Ij48Rk9OVCBjb2xvcj0jMDAwMDAwIApzaXplPS0xPrf5o7o1bW0v6UyjujFtPC9GT05UPjwvdGQ+CiAgICA8L1RSPgo8VFI+CiAgICAgIDx0ZCBiZ2NvbG9yPSIjZjBmMGYwIiBhbGlnbj0iY2VudGVyIiB3aWR0aD0iMTIyIj48Zm9udCBjb2xvcj0iIzY2NjY2NiIgc2l6ZT0iMiI+yczGt9SUvJo8L2ZvbnQ+PC90ZD4KICAgICAgPHRkIGJnY29sb3I9IiNmZmZmZmYiIHdpZHRoPSI0NTUiPjxGT05UIGNvbG9yPSMwMDAwMDAgCnNpemU9LTE+PGI+MW2FZ867pMekzticidOkx6S5oaM8L2I+PGJyPgogICAgICA8Yj7Rfcr9goCkx6S02Y/I66TOiPa6z6THpK2k66TApLExbYVnzrukx6WrpcOlyKS7pLqky6S02Y/I64KAyv231qTO6UyktaTHpKrLzaTqpLWku6TGpKSkv6TApKSkxqSqpOqk3qS5oaM8L2I+PGJyPgoKICAgICAgPGJyPgqjvKO8wP2jvqO+PGJyPgozgoCktNmPyOukzoj2us8/Pz8xbaHBM7G+pMekz6TKpK8zbaHBMbG+pMekzrBry82kx6S5oaM8L0ZPTlQ+IDxicj4KICAgICAgPGJyPgogICAgICA8Zm9udCBzaXplPSItMSI+ofm1q6S31NqO7Ne0m3Kky6TopMOkxqTPyc/Tm9LUzeKkx6TOpKq97KSxpMukyqTriPa6z6TipLSktqSkpN6kuaGjpL2kzutIpM+ks6TBpOmkq6TppLTfQr1qpLWku6TGpKSkv6TApKSkxqSqpOqk3qS5oaMgPGJyPgogICAgICDT6KThpLTBy7PQpKSkv6TApK2k3qS5pOikpqSq7oqkpKSkpL+kt6TepLmhozwvZm9udD4gICAgICA8L3RkPgogICAgPC9UUj4KPFRSPgogICAgICA8dGQgYmdjb2xvcj0iI2YwZjBmMCIgYWxpZ249ImNlbnRlciIgd2lkdGg9IjEyMiI+PGZvbnQgY29sb3I9IiM2NjY2NjYiIHNpemU9IjIiPsvYssQ8L2ZvbnQ+PC90ZD4KICAgICAgPHRkIGJnY29sb3I9IiNmZmZmZmYiIHdpZHRoPSI0NTUiPjxGT05UIGNvbG9yPSMwMDAwMDAgCnNpemU9LTE+xaO47zwvRk9OVD48L3RkPgogICAgPC9UUj4KPFRSPgogICAgICA8dGQgYmdjb2xvcj0iI2YwZjBmMCIgYWxpZ249ImNlbnRlciIgd2lkdGg9IjEyMiI+PGZvbnQgY29sb3I9IiM2NjY2NjYiIHNpemU9IjIiPsn6rmK5+jwvZm9udD48L3RkPgogICAgICA8dGQgYmdjb2xvcj0iI2ZmZmZmZiIgd2lkdGg9IjQ1NSI+PEZPTlQgY29sb3I9IzAwMDAwMCAKc2l6ZT0tMT5tYWRlIGluIGluZGlhPC9GT05UPjwvdGQ+CiAgICA8L1RSPgo8VFI+CiAgICAgIDx0ZCBiZ2NvbG9yPSIjZjBmMGYwIiBhbGlnbj0iY2VudGVyIiB3aWR0aD0iMTIyIj48Zm9udCBjb2xvcj0iIzY2NjY2NiIgc2l6ZT0iMiI+guS/vDwvZm9udD48L3RkPgogICAgICA8dGQgYmdjb2xvcj0iI2ZmZmZmZiIgd2lkdGg9IjQ1NSI+PGZvbnQgY29sb3I9IiNmZjAwMDAiIHNpemU9Ii0xIj6h+aSqyrmkpKTOUEOtaL6zpMuk6KTqjGfrSKTOpKrJq6TIrpCkyqTriPa6z6SspLSktqSkpN6kuaTOpMfT6KThpLTBy7PQpK+kwKS1pKSk3qS7oaM8L2ZvbnQ+PC90ZD4KICAgIDwvVFI+CjwvdGJvZHk+PC90YWJsZT48L2Rpdj4KCgo8YnI+PGJyPgo8ZGl2IGFsaWduPSJjZW50ZXIiPgo8aW1nIHNyYz0iaHR0cDovL2ltYWdlLnJha3V0ZW4uY28uanAvcGlua21vbmtleS9jYWJpbmV0L2NhdGVnb3J5LzYwMGJuci1rYXdhY29yZC5qcGciIGJvcmRlcj0iMCI+PGJyPjxicj4KPGltZyBzcmM9Imh0dHA6Ly9pbWFnZS5yYWt1dGVuLmNvLmpwL3Bpbmttb25rZXkvY2FiaW5ldC9jYXRlZ29yeS9ibnItY29kZS1zMi5qcGciIGJvcmRlcj0iMCI+PGJyPjxicj4KPGltZyBzcmM9Imh0dHA6Ly9pbWFnZS5yYWt1dGVuLmNvLmpwL3Bpbmttb25rZXkvY2FiaW5ldC9jYXRlZ29yeS82MDBibnItY29yZC5qcGciIGJvcmRlcj0iMCI+PGJyPjxicj4KPGltZyBzcmM9Imh0dHA6Ly9pbWFnZS5yYWt1dGVuLmNvLmpwL3Bpbmttb25rZXkvY2FiaW5ldC9jYXRlZ29yeS82MDBibnItYm9sb3N1ZWRlLmpwZyIgYm9yZGVyPSIwIj48YnI+PGJyPgo8L2Rpdj4KPGRpdiBhbGlnbj0iY2VudGVyIj4KPGltZyBzcmM9Imh0dHA6Ly9pbWFnZS5yYWt1dGVuLmNvLmpwL3Bpbmttb25rZXkvY2FiaW5ldC9jYXRlZ29yeS82MDAtaG0tY2xhc3AtbmV3LmpwZyIgYm9yZGVyPSIwIj48YnI+PGJyPgo8aW1nIHNyYz0iaHR0cDovL2ltYWdlLnJha3V0ZW4uY28uanAvcGlua21vbmtleS9jYWJpbmV0L2NhdGVnb3J5LzYwMC1obS1lbmRwYXJ0cy5qcGciIGJvcmRlcj0iMCI+PGJyPjxicj4KPC9kaXY+Cjxicj48YnI+CgoKPGRpdiBhbGlnbj0iY2VudGVyIj4KCjwvZGl2PjxzdHlsZT4KCi8qyczGt6XaqWCluCovCgpzcGFuLnByaWNlMSB7CglkaXNwbGF5OiBibG9jayAhaW1wb3J0YW50OwoJZm9udC1zaXplOiAxMnB4ICFpbXBvcnRhbnQ7Cgljb2xvcjogI2ZmMDAwMCAhaW1wb3J0YW50OwoJdmVydGljYWwtYWxpZ246IGJvdHRvbSAhaW1wb3J0YW50OwoJbGluZS1oZWlnaHQ6IDEuMmVtICFpbXBvcnRhbnQ7CglwYWRkaW5nLXRvcDogMC42ZW0gIWltcG9ydGFudDsKCXBhZGRpbmctcmlnaHQ6IDFlbSAhaW1wb3J0YW50Owp9CgpzcGFuLnByaWNlMiB7Cglmb250LXNpemU6IDIwcHggIWltcG9ydGFudDsKCWZvbnQtd2VpZ2h0OiBib2xkICFpbXBvcnRhbnQ7Cgljb2xvcjogI2ZmMDAwMCAhaW1wb3J0YW50OwoJdmVydGljYWwtYWxpZ246IGJvdHRvbSAhaW1wb3J0YW50OwoJbGluZS1oZWlnaHQ6IDEuMmVtIWltcG9ydGFudDsKfQoKLyogpKqa3aTLyOuk6snMxre1x+Vou63P8YnkuPwgKi8KYm9keSAjcmFrdXRlbkxpbWl0ZWRJZF9hcm91bmRDYXJ0IGRpdi5ia217CndpZHRoOiAzMDZweCAhaW1wb3J0YW50Owp9CmJvZHkgZGl2LmJvb2ttYXJrQXJlYSBkaXYuYmttIGEuYWRkQmttIHNwYW4uYmttU3RhciB7CndpZHRoOiAzMDZweCAhaW1wb3J0YW50OwpoZWlnaHQ6IDQ4cHggIWltcG9ydGFudDsKYmFja2dyb3VuZDogdXJsKGh0dHA6Ly9pbWFnZS5yYWt1dGVuLmNvLmpwL3Bpbmttb25rZXkvY2FiaW5ldC9mYXZfYnV0dG9uX2FmdGVyMi5naWYpIG5vLXJlcGVhdCAwIDAgIWltcG9ydGFudDsKfQpib2R5IGRpdi5ib29rbWFya0FyZWEgZGl2LmJrbSBhLmFkZEJrbSB7CndpZHRoOiAzMDZweCAhaW1wb3J0YW50OwpoZWlnaHQ6IDQ4cHggIWltcG9ydGFudDsKfQoKLyogpKqa3aTLyOuk6qW3peelw6XXtcflaLutz/GJ5Lj8ICovCmJvZHkgI3Jha3V0ZW5MaW1pdGVkSWRfYXJvdW5kQ2FydCBkaXYuc2hvcEJrbXsKd2lkdGg6IDMwNnB4ICFpbXBvcnRhbnQ7CnBhZGRpbmctbGVmdDogMHB4ICFpbXBvcnRhbnQ7Cn0KYm9keSBkaXYuc2hvcEJvb2ttYXJrQXJlYSBkaXYuc2hvcEJrbSBhLmFkZFNob3BCa20gc3Bhbi5zaG9wQmttU3RhciB7CndpZHRoOiAzMDZweCAhaW1wb3J0YW50OwpoZWlnaHQ6IDQ4cHggIWltcG9ydGFudDsKYmFja2dyb3VuZDogdXJsKGh0dHA6Ly9pbWFnZS5yYWt1dGVuLmNvLmpwL3Bpbmttb25rZXkvY2FiaW5ldC9mYXZzaG9wX2J1dHRvbl9hZnRlci5naWYpIG5vLXJlcGVhdCAwIDAgIWltcG9ydGFudDsKfQpib2R5IGRpdi5zaG9wQm9va21hcmtBcmVhIGRpdi5zaG9wQmttIGEuYWRkU2hvcEJrbSB7CndpZHRoOiAzMDZweCAhaW1wb3J0YW50OwpoZWlnaHQ6IDQ4cHggIWltcG9ydGFudDsKfQoKCi8qIIKAyv3I68GmmdqkzrTzpK2ktSAqLwppbnB1dCN1bml0cyB7CnBhZGRpbmc6IDFweCAwcHg7Cn0KCi8qIKSq2UmkpM7vpKuktKXcpb+l86TOtPOkraS1ICovCmlucHV0IHsKZm9udC1zaXplOiAxN3B4OwpwYWRkaW5nOjEwcHggNDBweDsKd2lkdGg6IGF1dG87CmZvbnQtZmFtaWx5OiKl0qXppa6lzr3HpbQgUHJvIFczIiwgIkhpcmFnaW5vIEtha3UgR290aGljIFBybyIsICKl4aWkpeqlqiIsIE1laXJ5bywgT3Nha2EsICKjzaPTIKPQpbSlt6XDpa8iLCAiTVMgUEdvdGhpYyIsIHNhbnMtc2VyaWYKfQoKLyogobjJzMa3pMukxKSkpMakzoaWpKS6z6TvpLuhuaXcpb+l86TOtPOkraS1Ki8KZm9udCBpbnB1dCB7CmZvbnQtc2l6ZTogMTJweDsKcGFkZGluZzoycHg7CndpZHRoOiAxNTBweDsKfQoKLyqhuO2XxL/feJJr1quyv7fWobkqLwouaW52ZW50b3J5IGlucHV0ewpmb250LXNpemU6IDEycHg7CmJhY2tncm91bmQ6I2ZmZjsKfQoKCi8qIO2XxL/feJJr1qu8e8bapdWlqaXzpciltaWkpboqLwoKdGQuaW52ZW50b3J5IGZvbnR7Zm9udC1zaXplOjEycHg7Y29sb3I6I2ZmMDAwMDt9CgovKiDtl8S/33iSa9arKi8KCiNyYWt1dGVuTGltaXRlZElkX2Fyb3VuZENhcnQgc2VsZWN0IHsKbWFyZ2luOjVweCAwcHg7CnBhZGRpbmc6NXB4Owp9CgojcmFrdXRlbkxpbWl0ZWRJZF9hcm91bmRDYXJ0IHNwYW4uY2hvaWNlOmJlZm9yewpjb250ZW50OiB1cmwoKTsKfQoKLyog17ePvqWrqWClyM/CpKuk6aTOuN+ktSovCgpkaXYgI3Njcm9sbFVwewpib3R0b206IDMwcHg7Cn0KCi8qIJhTzOyXysv3pdCpYKGhpa2pYKXvqWClySAqLwoKZGl2I0hlYWRlcktleXdvcmQgewoJcG9zaXRpb246YWJzb2x1dGU7Cgl0b3A6NTBweDsvKtK7t6zJz6SrpOmkzs671sMqLwoJbGVmdDozMHB4Oy8q1/O2y6SrpOmkzs671sMqLwp9CgpkaXYjSGVhZGVyS2V5d29yZCBzcGFuIHsKCWJhY2tncm91bmQ6ICNiZjAwMDA7Cgljb2xvcjojZmZmOwoJZm9udC13ZWlnaHQ6Ym9sZDsKCXBhZGRpbmc6MnB4IDVweDsKfQoKZGl2I0hlYWRlcktleXdvcmQgYSB7Cgljb2xvcjojMDA0NENDOwp9Cgo8L3N0eWxlPgoKCgoKPCEtLSCloqWvpbultaXqqWCl0algpcSlq6XGpbSl6qlgIC0tPgo8ZGl2IGFsaWduPSJjZW50ZXIiPgo8aW1nIHNyYz0iaHR0cDovL2ltYWdlLnJha3V0ZW4uY28uanAvcGlua21vbmtleS9jYWJpbmV0L2NhdGVnb3J5L2htNzYwLmpwZyIgYWx0PSKloqWvpbultaXqqWCl0algpcTSu9NFpNgiPgo8L2Rpdj4KPGRpdiBhbGlnbj0iY2VudGVyIj4KCjwvZGl2Pgo8IS0tIC+loqWvpbultaXqqWCl0algpcSlq6XGpbSl6qlgIC0tPgoKCjwhLS0gpbel56XDpdSl86WwpaylpKXJIC0tPgoKPCEtLSAvpbel56XDpdSl86WwpaylpKXJIC0tPgoKCgoKCjxkaXYgaWQ9IkhlYWRlcktleXdvcmQiPgo8c3Bhbj7XosS/pM6lralgpe+pYKXJPC9zcGFuPgqlq6Xrpcilyqlgpbil5Qq476TSpOIKpbOpYKXKqWC98L7fCqW3peqls6Xz0M0gpeyluKXzCsfQpOrOxNfWIMS+0XUgpNKk6aSspMoKpb+lw6W7pesKpdylv6XzIKXppcOl16XWpeyluQo8L2Rpdj4KPCEtLSCYU8zsl8rL96XQqWChoaWtqWCl76lgpclFTkQgLS0+,xa/Jq8+1pbmlqKlgpcnGvbjvvH4oNW1tt/kmdGltZXM7MW0pIKW9pdWlyKW/paSl1yCxvrjvIMWjuO8gx9Ck6onTpOogMU2FZ867ob6k5qSmpdGlsaXDpchBjJ2P6qG/o7rK1ty/ssTBz6TOpKq16iCloqXzpbel46Xzpca5pLe/,uO+8fiDNqNicpeyluKXzILLEwc+l7KW4pfMg0M2l7KW4pfMgpdGpYKXEpc+l86XJpeGlpKXJILLEwc8g2JyJ06XPpfOlyaXhpaSlySCloqWvpbultaXqqWAgssTBz6XPpfOlyaXhpaSlySCyxMHPILyksLKlz6Xzpcml4aWkpckgpdSloqW5ILLEwc+lz6Xzpcml4aWkpckgpdal7KW5peylw6XIILLEwc+lq6Xrpcilyqlgpbil5SCyxMHPIM2o2Jylt6XqpbOl86XiqWCl66XJIKXspbil87jvvH4gILG+uO+477x+ILyapKSl7KW2qWCls6lgpckgMW1tpeyltqlgpbOpYKXJIMa9paKlr6W7pbWl6qlgIKXRqWClxCDNqNicIKSqpLmkuaThpaKlr6W7pbWl6qlgIL3wvt+l1KWipbkgzKi8iKXUpaKluSClx6Wjpbml16XspaSl7KW4pfMgt+LI6yDL2LLExa/Jq8+1pbmlqKlgpcnGvbjvvH4oNW1tt/kmdGltZXM7MW0pIKW9pdWlyKW/paSl1yCxvrjvIMWjuO8gx9Ck6onTpOogMU2FZ867ob6k5qSmpdGlsaXDpchBjJ2P6qG/,ob6k5qSmpdGlsaXDpchBjJ2P6qG/oaPFr8mrz7WluaWoqWClyca9uO+8fig1bW23+SZ0aW1lczsxbSkgpb2l1aXIpb+lpKXXILG+uO8gxaO47yDH0KTqidOk6iAxTYVnzruhvqTmpKal0aWxpcOlyEGMnY/qob8=[rn]
25-29628,aHR0cDovL3RzaG9wLnIxMHMuanAvcGlua21vbmtleS9jYWJpbmV0L2hhbmRtYWRlL2htLTUtNjcuanBnP2ZpdGluPTcwMDo3MDA=,MTA0LjAwMDA=,,yNXTw8a362rYmz/OxLe/vt8/ytbcvyA+IMrW3L8/pa+l6aXVpcg/yfq12CA+ILLDv3CyxMHPID4gpNKk4g==,pdal6aWmpfPPtaW5paipYKXJxr2477x+KDNtbbf5ocExbSkgpbSpYKXIpbmlraXzILG+uO8gyb3R8rjvIMfQpOqJ06TqIDFNhWfOu6G+pOakpqXRpbGlw6XIQYydj+qhvw==,ob6k5qSmpdGlsaXDpchBjJ2P6qG/,PGNlbnRlcj4KPGRpdj4KCjwvZGl2Pgo8L2NlbnRlcj48YnI+CiAgICAgICAgPGRpdiBhbGlnbj0iY2VudGVyIj4KPHRhYmxlIGNlbGxzcGFjaW5nPSIxIiBjZWxscGFkZGluZz0iNSIgd2lkdGg9IjYwMCIgYmdjb2xvcj0iIzAwMDAwMCIgYWxpZ249ImNlbnRlciI+PFRCT0RZPgoKPFRSPgogICAgICA8dGQgYmdjb2xvcj0iI2YwZjBmMCIgYWxpZ249ImNlbnRlciIgd2lkdGg9IjEyMiI+PGZvbnQgY29sb3I9IiM2NjY2NjYiIHNpemU9IjIiPsnMxrfD+zwvZm9udD48L3RkPgogICAgICA8dGQgYmdjb2xvcj0iI2ZmZmZmZiIgd2lkdGg9IjQ1NSI+PEZPTlQgY29sb3I9IzAwMDAwMCIgc2l6ZT0tMT6l1qXppaal88+1pbmlpqWnqWClyca9uO+8fjwvRk9OVD48L3RkPgogICAgPC9UUj4KPFRSPgogICAgICA8dGQgYmdjb2xvcj0iI2YwZjBmMCIgYWxpZ249ImNlbnRlciIgd2lkdGg9IjEyMiI+PGZvbnQgY29sb3I9IiM2NjY2NjYiIHNpemU9IjIiPqWrpempYDwvZm9udD48L3RkPgogICAgICA8dGQgYmdjb2xvcj0iI2ZmZmZmZiIgd2lkdGg9IjQ1NSI+PEZPTlQgY29sb3I9IzAwMDAwMCIgc2l6ZT0tMT6l1qXppcOlry+lwKlgpa+l7KXDpcml1qXppaal8y+l6aWkpcil1qXppaal8y+ltaXzpcml2algpbil5TwvRk9OVD48L3RkPgogICAgPC9UUj4KPFRSPgogICAgICA8dGQgYmdjb2xvcj0iI2YwZjBmMCIgYWxpZ249ImNlbnRlciIgd2lkdGg9IjEyMiI+PGZvbnQgY29sb3I9IiM2NjY2NjYiIHNpemU9IjIiPqW1paSluii8cyk8L2ZvbnQ+PC90ZD4KICAgICAgPHRkIGJnY29sb3I9IiNmZmZmZmYiIHdpZHRoPSI0NTUiPjxGT05UIGNvbG9yPSMwMDAwMDAgCnNpemU9LTE+t/mjujNtbS/pTKO6MW08L0ZPTlQ+PC90ZD4KICAgIDwvVFI+CjxUUj4KICAgICAgPHRkIGJnY29sb3I9IiNmMGYwZjAiIGFsaWduPSJjZW50ZXIiIHdpZHRoPSIxMjIiPjxmb250IGNvbG9yPSIjNjY2NjY2IiBzaXplPSIyIj7JzMa31JS8mjwvZm9udD48L3RkPgogICAgICA8dGQgYmdjb2xvcj0iI2ZmZmZmZiIgd2lkdGg9IjQ1NSI+PEZPTlQgY29sb3I9IzAwMDAwMCAKc2l6ZT0tMT48Yj4xbYVnzrukx6TO2JyJ06THpLmhozwvYj48YnI+CiAgICAgIDxiPtF9yv2CgKTHpLTZj8jrpM6I9rrPpMekraTrpMCksTFthWfOu6THpaulw6XIpLukuqTLpLTZj8jrgoDK/bfWpM7pTKS1pMekqsvNpOqktaS7pMakpKS/pMCkpKTGpKqk6qTepLmhozwvYj48YnI+CgogICAgICA8YnI+CqO8o7zA/aO+o748YnI+CjOCgKS02Y/I66TOiPa6zz8/PzFtocEzsb6kx6TPpMqkrzNtocExsb6kx6TOsGvLzaTHpLmhozwvRk9OVD4gPGJyPgogICAgICA8YnI+CiAgICAgIDxmb250IHNpemU9Ii0xIj6h+bWrpLfU2o7s17SbcqTLpOikw6TGpM/Jz9Ob0tTN4qTHpM6kqr3spLGky6TKpOuI9rrPpOKktKS2pKSk3qS5oaOkvaTO60ikz6SzpMGk6aSrpOmktN9CvWqktaS7pMakpKS/pMCkpKTGpKqk6qTepLmhoyA8YnI+CiAgICAgINPopOGktMHLs9CkpKS/pMCkraTepLmk6KSmpKruiqSkpKSkv6S3pN6kuaGjPC9mb250PiAgICAgIDwvdGQ+CiAgICA8L1RSPgo8VFI+CiAgICAgIDx0ZCBiZ2NvbG9yPSIjZjBmMGYwIiBhbGlnbj0iY2VudGVyIiB3aWR0aD0iMTIyIj48Zm9udCBjb2xvcj0iIzY2NjY2NiIgc2l6ZT0iMiI+y9iyxDwvZm9udD48L3RkPgogICAgICA8dGQgYmdjb2xvcj0iI2ZmZmZmZiIgd2lkdGg9IjQ1NSI+PEZPTlQgY29sb3I9IzAwMDAwMCAKc2l6ZT0tMT6k5KSuuO88L0ZPTlQ+PC90ZD4KICAgIDwvVFI+CjxUUj4KICAgICAgPHRkIGJnY29sb3I9IiNmMGYwZjAiIGFsaWduPSJjZW50ZXIiIHdpZHRoPSIxMjIiPjxmb250IGNvbG9yPSIjNjY2NjY2IiBzaXplPSIyIj7J+q5iufo8L2ZvbnQ+PC90ZD4KICAgICAgPHRkIGJnY29sb3I9IiNmZmZmZmYiIHdpZHRoPSI0NTUiPjxGT05UIGNvbG9yPSMwMDAwMDAgCnNpemU9LTE+bWFkZSBpbiBpbmRpYTwvRk9OVD48L3RkPgogICAgPC9UUj4KPFRSPgogICAgICA8dGQgYmdjb2xvcj0iI2YwZjBmMCIgYWxpZ249ImNlbnRlciIgd2lkdGg9IjEyMiI+PGZvbnQgY29sb3I9IiM2NjY2NjYiIHNpemU9IjIiPoLkv7w8L2ZvbnQ+PC90ZD4KICAgICAgPHRkIGJnY29sb3I9IiNmZmZmZmYiIHdpZHRoPSI0NTUiPjxmb250IGNvbG9yPSIjZmYwMDAwIiBzaXplPSItMSI+ofmkqsq5pKSkzlBDrWi+s6TLpOik6oxn60ikzqSqyaukyK6QpMqk64j2us+krKS0pLakpKTepLmkzqTH0+ik4aS0wcuz0KSvpMCktaSkpN6ku6GjPC9mb250PjwvdGQ+CiAgICA8L1RSPgo8L3Rib2R5PjwvdGFibGU+PC9kaXY+Cgo8YnI+PGJyPgo8ZGl2IGFsaWduPSJjZW50ZXIiPgo8aW1nIHNyYz0iaHR0cDovL2ltYWdlLnJha3V0ZW4uY28uanAvcGlua21vbmtleS9jYWJpbmV0L2NhdGVnb3J5LzYwMGJuci1rYXdhY29yZC5qcGciIGJvcmRlcj0iMCI+PGJyPjxicj4KPGltZyBzcmM9Imh0dHA6Ly9pbWFnZS5yYWt1dGVuLmNvLmpwL3Bpbmttb25rZXkvY2FiaW5ldC9jYXRlZ29yeS9ibnItY29kZS1zMi5qcGciIGJvcmRlcj0iMCI+PGJyPjxicj4KPGltZyBzcmM9Imh0dHA6Ly9pbWFnZS5yYWt1dGVuLmNvLmpwL3Bpbmttb25rZXkvY2FiaW5ldC9jYXRlZ29yeS82MDBibnItY29yZC5qcGciIGJvcmRlcj0iMCI+PGJyPjxicj4KPGltZyBzcmM9Imh0dHA6Ly9pbWFnZS5yYWt1dGVuLmNvLmpwL3Bpbmttb25rZXkvY2FiaW5ldC9jYXRlZ29yeS82MDBibnItYm9sb3N1ZWRlLmpwZyIgYm9yZGVyPSIwIj48YnI+PGJyPgo8L2Rpdj4KPGRpdiBhbGlnbj0iY2VudGVyIj4KPGltZyBzcmM9Imh0dHA6Ly9pbWFnZS5yYWt1dGVuLmNvLmpwL3Bpbmttb25rZXkvY2FiaW5ldC9jYXRlZ29yeS82MDAtaG0tY2xhc3AtbmV3LmpwZyIgYm9yZGVyPSIwIj48YnI+PGJyPgo8aW1nIHNyYz0iaHR0cDovL2ltYWdlLnJha3V0ZW4uY28uanAvcGlua21vbmtleS9jYWJpbmV0L2NhdGVnb3J5LzYwMC1obS1lbmRwYXJ0cy5qcGciIGJvcmRlcj0iMCI+PGJyPjxicj4KPC9kaXY+Cjxicj48YnI+CgoKPGRpdiBhbGlnbj0iY2VudGVyIj4KCjwvZGl2PjxzdHlsZT4KCi8qyczGt6XaqWCluCovCgpzcGFuLnByaWNlMSB7CglkaXNwbGF5OiBibG9jayAhaW1wb3J0YW50OwoJZm9udC1zaXplOiAxMnB4ICFpbXBvcnRhbnQ7Cgljb2xvcjogI2ZmMDAwMCAhaW1wb3J0YW50OwoJdmVydGljYWwtYWxpZ246IGJvdHRvbSAhaW1wb3J0YW50OwoJbGluZS1oZWlnaHQ6IDEuMmVtICFpbXBvcnRhbnQ7CglwYWRkaW5nLXRvcDogMC42ZW0gIWltcG9ydGFudDsKCXBhZGRpbmctcmlnaHQ6IDFlbSAhaW1wb3J0YW50Owp9CgpzcGFuLnByaWNlMiB7Cglmb250LXNpemU6IDIwcHggIWltcG9ydGFudDsKCWZvbnQtd2VpZ2h0OiBib2xkICFpbXBvcnRhbnQ7Cgljb2xvcjogI2ZmMDAwMCAhaW1wb3J0YW50OwoJdmVydGljYWwtYWxpZ246IGJvdHRvbSAhaW1wb3J0YW50OwoJbGluZS1oZWlnaHQ6IDEuMmVtIWltcG9ydGFudDsKfQoKLyogpKqa3aTLyOuk6snMxre1x+Vou63P8YnkuPwgKi8KYm9keSAjcmFrdXRlbkxpbWl0ZWRJZF9hcm91bmRDYXJ0IGRpdi5ia217CndpZHRoOiAzMDZweCAhaW1wb3J0YW50Owp9CmJvZHkgZGl2LmJvb2ttYXJrQXJlYSBkaXYuYmttIGEuYWRkQmttIHNwYW4uYmttU3RhciB7CndpZHRoOiAzMDZweCAhaW1wb3J0YW50OwpoZWlnaHQ6IDQ4cHggIWltcG9ydGFudDsKYmFja2dyb3VuZDogdXJsKGh0dHA6Ly9pbWFnZS5yYWt1dGVuLmNvLmpwL3Bpbmttb25rZXkvY2FiaW5ldC9mYXZfYnV0dG9uX2FmdGVyMi5naWYpIG5vLXJlcGVhdCAwIDAgIWltcG9ydGFudDsKfQpib2R5IGRpdi5ib29rbWFya0FyZWEgZGl2LmJrbSBhLmFkZEJrbSB7CndpZHRoOiAzMDZweCAhaW1wb3J0YW50OwpoZWlnaHQ6IDQ4cHggIWltcG9ydGFudDsKfQoKLyogpKqa3aTLyOuk6qW3peelw6XXtcflaLutz/GJ5Lj8ICovCmJvZHkgI3Jha3V0ZW5MaW1pdGVkSWRfYXJvdW5kQ2FydCBkaXYuc2hvcEJrbXsKd2lkdGg6IDMwNnB4ICFpbXBvcnRhbnQ7CnBhZGRpbmctbGVmdDogMHB4ICFpbXBvcnRhbnQ7Cn0KYm9keSBkaXYuc2hvcEJvb2ttYXJrQXJlYSBkaXYuc2hvcEJrbSBhLmFkZFNob3BCa20gc3Bhbi5zaG9wQmttU3RhciB7CndpZHRoOiAzMDZweCAhaW1wb3J0YW50OwpoZWlnaHQ6IDQ4cHggIWltcG9ydGFudDsKYmFja2dyb3VuZDogdXJsKGh0dHA6Ly9pbWFnZS5yYWt1dGVuLmNvLmpwL3Bpbmttb25rZXkvY2FiaW5ldC9mYXZzaG9wX2J1dHRvbl9hZnRlci5naWYpIG5vLXJlcGVhdCAwIDAgIWltcG9ydGFudDsKfQpib2R5IGRpdi5zaG9wQm9va21hcmtBcmVhIGRpdi5zaG9wQmttIGEuYWRkU2hvcEJrbSB7CndpZHRoOiAzMDZweCAhaW1wb3J0YW50OwpoZWlnaHQ6IDQ4cHggIWltcG9ydGFudDsKfQoKCi8qIIKAyv3I68GmmdqkzrTzpK2ktSAqLwppbnB1dCN1bml0cyB7CnBhZGRpbmc6IDFweCAwcHg7Cn0KCi8qIKSq2UmkpM7vpKuktKXcpb+l86TOtPOkraS1ICovCmlucHV0IHsKZm9udC1zaXplOiAxN3B4OwpwYWRkaW5nOjEwcHggNDBweDsKd2lkdGg6IGF1dG87CmZvbnQtZmFtaWx5OiKl0qXppa6lzr3HpbQgUHJvIFczIiwgIkhpcmFnaW5vIEtha3UgR290aGljIFBybyIsICKl4aWkpeqlqiIsIE1laXJ5bywgT3Nha2EsICKjzaPTIKPQpbSlt6XDpa8iLCAiTVMgUEdvdGhpYyIsIHNhbnMtc2VyaWYKfQoKLyogobjJzMa3pMukxKSkpMakzoaWpKS6z6TvpLuhuaXcpb+l86TOtPOkraS1Ki8KZm9udCBpbnB1dCB7CmZvbnQtc2l6ZTogMTJweDsKcGFkZGluZzoycHg7CndpZHRoOiAxNTBweDsKfQoKLyqhuO2XxL/feJJr1quyv7fWobkqLwouaW52ZW50b3J5IGlucHV0ewpmb250LXNpemU6IDEycHg7CmJhY2tncm91bmQ6I2ZmZjsKfQoKCi8qIO2XxL/feJJr1qu8e8bapdWlqaXzpciltaWkpboqLwoKdGQuaW52ZW50b3J5IGZvbnR7Zm9udC1zaXplOjEycHg7Y29sb3I6I2ZmMDAwMDt9CgovKiDtl8S/33iSa9arKi8KCiNyYWt1dGVuTGltaXRlZElkX2Fyb3VuZENhcnQgc2VsZWN0IHsKbWFyZ2luOjVweCAwcHg7CnBhZGRpbmc6NXB4Owp9CgojcmFrdXRlbkxpbWl0ZWRJZF9hcm91bmRDYXJ0IHNwYW4uY2hvaWNlOmJlZm9yewpjb250ZW50OiB1cmwoKTsKfQoKLyog17ePvqWrqWClyM/CpKuk6aTOuN+ktSovCgpkaXYgI3Njcm9sbFVwewpib3R0b206IDMwcHg7Cn0KCi8qIJhTzOyXysv3pdCpYKGhpa2pYKXvqWClySAqLwoKZGl2I0hlYWRlcktleXdvcmQgewoJcG9zaXRpb246YWJzb2x1dGU7Cgl0b3A6NTBweDsvKtK7t6zJz6SrpOmkzs671sMqLwoJbGVmdDozMHB4Oy8q1/O2y6SrpOmkzs671sMqLwp9CgpkaXYjSGVhZGVyS2V5d29yZCBzcGFuIHsKCWJhY2tncm91bmQ6ICNiZjAwMDA7Cgljb2xvcjojZmZmOwoJZm9udC13ZWlnaHQ6Ym9sZDsKCXBhZGRpbmc6MnB4IDVweDsKfQoKZGl2I0hlYWRlcktleXdvcmQgYSB7Cgljb2xvcjojMDA0NENDOwp9Cgo8L3N0eWxlPgoKCgoKPCEtLSCloqWvpbultaXqqWCl0algpcSlq6XGpbSl6qlgIC0tPgo8ZGl2IGFsaWduPSJjZW50ZXIiPgo8aW1nIHNyYz0iaHR0cDovL2ltYWdlLnJha3V0ZW4uY28uanAvcGlua21vbmtleS9jYWJpbmV0L2NhdGVnb3J5L2htNzYwLmpwZyIgYWx0PSKloqWvpbultaXqqWCl0algpcTSu9NFpNgiPgo8L2Rpdj4KPGRpdiBhbGlnbj0iY2VudGVyIj4KCjwvZGl2Pgo8IS0tIC+loqWvpbultaXqqWCl0algpcSlq6XGpbSl6qlgIC0tPgoKCjwhLS0gpbel56XDpdSl86WwpaylpKXJIC0tPgoKPCEtLSAvpbel56XDpdSl86WwpaylpKXJIC0tPgoKCgoKCjxkaXYgaWQ9IkhlYWRlcktleXdvcmQiPgo8c3Bhbj7XosS/pM6lralgpe+pYKXJPC9zcGFuPgqlq6Xrpcilyqlgpbil5Qq476TSpOIKpbOpYKXKqWC98L7fCqW3peqls6Xz0M0gpeyluKXzCsfQpOrOxNfWIMS+0XUgpNKk6aSspMoKpb+lw6W7pesKpdylv6XzIKXppcOl16XWpeyluQo8L2Rpdj4KPCEtLSCYU8zsl8rL96XQqWChoaWtqWCl76lgpclFTkQgLS0+,pdal6aWmpfPPtaW5paipYKXJxr2477x+KDNtbbf5JnRpbWVzOzFtKSCltKlgpciluaWtpfMgsb647yDJvdHyuO8gx9Ck6onTpOogMU2FZ867ob6k5qSmpdGlsaXDpchBjJ2P6qG/o7rK1ty/ssTBz6TOpKq16iCloqXzpbel46Xzpca5pLe/,uO+8fiDNqNicpeyluKXzILLEwc+l7KW4pfMg0M2l7KW4pfMgpdGpYKXEpc+l86XJpeGlpKXJILLEwc8g2JyJ06XPpfOlyaXhpaSlySCloqWvpbultaXqqWAgssTBz6XPpfOlyaXhpaSlySCyxMHPILyksLKlz6Xzpcml4aWkpckgpdSloqW5ILLEwc+lz6Xzpcml4aWkpckgpdal7KW5peylw6XIILLEwc+lq6Xrpcilyqlgpbil5SCyxMHPIM2o2Jylt6XqpbOl86XiqWCl66XJIKXspbil87jvvH4gILG+uO+477x+ILyapKSl7KW2qWCls6lgpckgMW1tpeyltqlgpbOpYKXJIMa9paKlr6W7pbWl6qlgIKXRqWClxCDNqNicIKSqpLmkuaThpaKlr6W7pbWl6qlgIL3wvt+l1KWipbkgzKi8iKXUpaKluSClx6Wjpbml16XspaSl7KW4pfMgt+LI6yDL2LLEpdal6aWmpfPPtaW5paipYKXJxr2477x+KDNtbbf5JnRpbWVzOzFtKSCltKlgpciluaWtpfMgsb647yDJvdHyuO8gx9Ck6onTpOogMU2FZ867ob6k5qSmpdGlsaXDpchBjJ2P6qG/,ob6k5qSmpdGlsaXDpchBjJ2P6qG/oaOl1qXppaal88+1pbmlqKlgpcnGvbjvvH4oM21tt/kmdGltZXM7MW0pIKW0qWClyKW5pa2l8yCxvrjvIMm90fK47yDH0KTqidOk6iAxTYVnzruhvqTmpKal0aWxpcOlyEGMnY/qob8=[rn]
25-29629,aHR0cDovL3RzaG9wLnIxMHMuanAvcGlua21vbmtleS9jYWJpbmV0L2hhbmRtYWRlL2htLTEtODgtbl9tYXRvbWVicmE1LmpwZz9maXRpbj03MDA6NzAw,MTIwLjAwMDA=,,yNXTw8a362rYmz/OxLe/vt8/ytbcvyA+IMrW3L8/pa+l6aXVpcg/yfq12CA+ILLDv3CyxMHPID4gpNKk4g==,pdal6aWmpfPPtaW5paipYKXJxr2477x+KDVtbbf5ocExbSkgpb2l1aXIpb+lpKXXILG+uO8gxaO47yDH0KTqidOk6iAxTYVnzruhvqTmpKal0aWxpcOlyEGMnY/qob8=,ob6k5qSmpdGlsaXDpchBjJ2P6qG/,PGNlbnRlcj4KPGRpdj4KCjwvZGl2Pgo8L2NlbnRlcj48YnI+CgogICAgICAgIDxkaXYgYWxpZ249ImNlbnRlciI+Cjx0YWJsZSBjZWxsc3BhY2luZz0iMSIgY2VsbHBhZGRpbmc9IjUiIHdpZHRoPSI2MDAiIGJnY29sb3I9IiMwMDAwMDAiIGFsaWduPSJjZW50ZXIiPjxUQk9EWT4KCjxUUj4KICAgICAgPHRkIGJnY29sb3I9IiNmMGYwZjAiIGFsaWduPSJjZW50ZXIiIHdpZHRoPSIxMjIiPjxmb250IGNvbG9yPSIjNjY2NjY2IiBzaXplPSIyIj7JzMa3w/s8L2ZvbnQ+PC90ZD4KICAgICAgPHRkIGJnY29sb3I9IiNmZmZmZmYiIHdpZHRoPSI0NTUiPjxGT05UIGNvbG9yPSMwMDAwMDAiIHNpemU9LTE+pdal6aWmpfPPtaW5paalp6lgpcnGvbjvvH4gpb2l1aXIpb+lpKXXIDwvRk9OVD48L3RkPgogICAgPC9UUj4KPFRSPgogICAgICA8dGQgYmdjb2xvcj0iI2YwZjBmMCIgYWxpZ249ImNlbnRlciIgd2lkdGg9IjEyMiI+PGZvbnQgY29sb3I9IiM2NjY2NjYiIHNpemU9IjIiPqWrpempYDwvZm9udD48L3RkPgogICAgICA8dGQgYmdjb2xvcj0iI2ZmZmZmZiIgd2lkdGg9IjQ1NSI+PEZPTlQgY29sb3I9IzAwMDAwMCIgc2l6ZT0tMT4KMTAyLaXWpemlw6WvLzE0Mi2lwKlgpa+l1qXppaal8y8xMDMtpeylw6XJpdal6aWmpfMvMTEyLaXWpemlpqXzLzExOS2lv6XzLzEyMS2l2algpbil5S+l6aWkpcilv6XzLzE0My2loqXzpdCpYC+l3qXrqWCl8zwvRk9OVD48L3RkPgogICAgPC9UUj4KPFRSPgogICAgICA8dGQgYmdjb2xvcj0iI2YwZjBmMCIgYWxpZ249ImNlbnRlciIgd2lkdGg9IjEyMiI+PGZvbnQgY29sb3I9IiM2NjY2NjYiIHNpemU9IjIiPqW1paSluii8cyk8L2ZvbnQ+PC90ZD4KICAgICAgPHRkIGJnY29sb3I9IiNmZmZmZmYiIHdpZHRoPSI0NTUiPjxGT05UIGNvbG9yPSMwMDAwMDAgCnNpemU9LTE+t/mjujVtbS/pTKO6MW08L0ZPTlQ+PC90ZD4KICAgIDwvVFI+CjxUUj4KICAgICAgPHRkIGJnY29sb3I9IiNmMGYwZjAiIGFsaWduPSJjZW50ZXIiIHdpZHRoPSIxMjIiPjxmb250IGNvbG9yPSIjNjY2NjY2IiBzaXplPSIyIj7JzMa31JS8mjwvZm9udD48L3RkPgogICAgICA8dGQgYmdjb2xvcj0iI2ZmZmZmZiIgd2lkdGg9IjQ1NSI+PEZPTlQgY29sb3I9IzAwMDAwMCAKc2l6ZT0tMT48Yj4xbYVnzrukx6TO2JyJ06THpLmhozwvYj48YnI+CiAgICAgIDxiPtF9yv2CgKTHpLTZj8jrpM6I9rrPpMekraTrpMCksTFthWfOu6THpaulw6XIpLukuqTLpLTZj8jrgoDK/bfWpM7pTKS1pMekqsvNpOqktaS7pMakpKS/pMCkpKTGpKqk6qTepLmhozwvYj48YnI+CgogICAgICA8YnI+CqO8o7zA/aO+o748YnI+CjOCgKS02Y/I66TOiPa6zz8/PzFtocEzsb6kx6TPpMqkrzNtocExsb6kx6TOsGvLzaTHpLmhozwvRk9OVD4gPGJyPgogICAgICA8YnI+CiAgICAgIDxmb250IHNpemU9Ii0xIj6h+bWrpLfU2o7s17SbcqTLpOikw6TGpM/Jz9Ob0tTN4qTHpM6kqr3spLGky6TKpOuI9rrPpOKktKS2pKSk3qS5oaOkvaTO60ikz6SzpMGk6aSrpOmktN9CvWqktaS7pMakpKS/pMCkpKTGpKqk6qTepLmhoyA8YnI+CiAgICAgINPopOGktMHLs9CkpKS/pMCkraTepLmk6KSmpKruiqSkpKSkv6S3pN6kuaGjPC9mb250PiAgICAgIDwvdGQ+CiAgICA8L1RSPgo8VFI+CiAgICAgIDx0ZCBiZ2NvbG9yPSIjZjBmMGYwIiBhbGlnbj0iY2VudGVyIiB3aWR0aD0iMTIyIj48Zm9udCBjb2xvcj0iIzY2NjY2NiIgc2l6ZT0iMiI+y9iyxDwvZm9udD48L3RkPgogICAgICA8dGQgYmdjb2xvcj0iI2ZmZmZmZiIgd2lkdGg9IjQ1NSI+PEZPTlQgY29sb3I9IzAwMDAwMCAKc2l6ZT0tMT7Fo7jvPC9GT05UPjwvdGQ+CiAgICA8L1RSPgo8VFI+CiAgICAgIDx0ZCBiZ2NvbG9yPSIjZjBmMGYwIiBhbGlnbj0iY2VudGVyIiB3aWR0aD0iMTIyIj48Zm9udCBjb2xvcj0iIzY2NjY2NiIgc2l6ZT0iMiI+yfquYrn6PC9mb250PjwvdGQ+CiAgICAgIDx0ZCBiZ2NvbG9yPSIjZmZmZmZmIiB3aWR0aD0iNDU1Ij48Rk9OVCBjb2xvcj0jMDAwMDAwIApzaXplPS0xPm1hZGUgaW4gaW5kaWE8L0ZPTlQ+PC90ZD4KICAgIDwvVFI+CjxUUj4KICAgICAgPHRkIGJnY29sb3I9IiNmMGYwZjAiIGFsaWduPSJjZW50ZXIiIHdpZHRoPSIxMjIiPjxmb250IGNvbG9yPSIjNjY2NjY2IiBzaXplPSIyIj6C5L+8PC9mb250PjwvdGQ+CiAgICAgIDx0ZCBiZ2NvbG9yPSIjZmZmZmZmIiB3aWR0aD0iNDU1Ij48Zm9udCBjb2xvcj0iI2ZmMDAwMCIgc2l6ZT0iLTEiPqH5pKrKuaSkpM5QQ61ovrOky6TopOqMZ+tIpM6kqsmrpMiukKTKpOuI9rrPpKyktKS2pKSk3qS5pM6kx9PopOGktMHLs9Ckr6TApLWkpKTepLuhozwvZm9udD48L3RkPgogICAgPC9UUj4KPC90Ym9keT48L3RhYmxlPjwvZGl2PgoKCjxicj48YnI+CjxkaXYgYWxpZ249ImNlbnRlciI+CjxpbWcgc3JjPSJodHRwOi8vaW1hZ2UucmFrdXRlbi5jby5qcC9waW5rbW9ua2V5L2NhYmluZXQvY2F0ZWdvcnkvNjAwYm5yLWthd2Fjb3JkLmpwZyIgYm9yZGVyPSIwIj48YnI+PGJyPgo8aW1nIHNyYz0iaHR0cDovL2ltYWdlLnJha3V0ZW4uY28uanAvcGlua21vbmtleS9jYWJpbmV0L2NhdGVnb3J5L2Juci1jb2RlLXMyLmpwZyIgYm9yZGVyPSIwIj48YnI+PGJyPgo8aW1nIHNyYz0iaHR0cDovL2ltYWdlLnJha3V0ZW4uY28uanAvcGlua21vbmtleS9jYWJpbmV0L2NhdGVnb3J5LzYwMGJuci1jb3JkLmpwZyIgYm9yZGVyPSIwIj48YnI+PGJyPgo8aW1nIHNyYz0iaHR0cDovL2ltYWdlLnJha3V0ZW4uY28uanAvcGlua21vbmtleS9jYWJpbmV0L2NhdGVnb3J5LzYwMGJuci1ib2xvc3VlZGUuanBnIiBib3JkZXI9IjAiPjxicj48YnI+CjwvZGl2Pgo8ZGl2IGFsaWduPSJjZW50ZXIiPgo8aW1nIHNyYz0iaHR0cDovL2ltYWdlLnJha3V0ZW4uY28uanAvcGlua21vbmtleS9jYWJpbmV0L2NhdGVnb3J5LzYwMC1obS1jbGFzcC1uZXcuanBnIiBib3JkZXI9IjAiPjxicj48YnI+CjxpbWcgc3JjPSJodHRwOi8vaW1hZ2UucmFrdXRlbi5jby5qcC9waW5rbW9ua2V5L2NhYmluZXQvY2F0ZWdvcnkvNjAwLWhtLWVuZHBhcnRzLmpwZyIgYm9yZGVyPSIwIj48YnI+PGJyPgo8L2Rpdj4KPGJyPjxicj4KCgo8ZGl2IGFsaWduPSJjZW50ZXIiPgoKPC9kaXY+PHN0eWxlPgoKLyrJzMa3pdqpYKW4Ki8KCnNwYW4ucHJpY2UxIHsKCWRpc3BsYXk6IGJsb2NrICFpbXBvcnRhbnQ7Cglmb250LXNpemU6IDEycHggIWltcG9ydGFudDsKCWNvbG9yOiAjZmYwMDAwICFpbXBvcnRhbnQ7Cgl2ZXJ0aWNhbC1hbGlnbjogYm90dG9tICFpbXBvcnRhbnQ7CglsaW5lLWhlaWdodDogMS4yZW0gIWltcG9ydGFudDsKCXBhZGRpbmctdG9wOiAwLjZlbSAhaW1wb3J0YW50OwoJcGFkZGluZy1yaWdodDogMWVtICFpbXBvcnRhbnQ7Cn0KCnNwYW4ucHJpY2UyIHsKCWZvbnQtc2l6ZTogMjBweCAhaW1wb3J0YW50OwoJZm9udC13ZWlnaHQ6IGJvbGQgIWltcG9ydGFudDsKCWNvbG9yOiAjZmYwMDAwICFpbXBvcnRhbnQ7Cgl2ZXJ0aWNhbC1hbGlnbjogYm90dG9tICFpbXBvcnRhbnQ7CglsaW5lLWhlaWdodDogMS4yZW0haW1wb3J0YW50Owp9CgovKiCkqprdpMvI66TqyczGt7XH5Wi7rc/xieS4/CAqLwpib2R5ICNyYWt1dGVuTGltaXRlZElkX2Fyb3VuZENhcnQgZGl2LmJrbXsKd2lkdGg6IDMwNnB4ICFpbXBvcnRhbnQ7Cn0KYm9keSBkaXYuYm9va21hcmtBcmVhIGRpdi5ia20gYS5hZGRCa20gc3Bhbi5ia21TdGFyIHsKd2lkdGg6IDMwNnB4ICFpbXBvcnRhbnQ7CmhlaWdodDogNDhweCAhaW1wb3J0YW50OwpiYWNrZ3JvdW5kOiB1cmwoaHR0cDovL2ltYWdlLnJha3V0ZW4uY28uanAvcGlua21vbmtleS9jYWJpbmV0L2Zhdl9idXR0b25fYWZ0ZXIyLmdpZikgbm8tcmVwZWF0IDAgMCAhaW1wb3J0YW50Owp9CmJvZHkgZGl2LmJvb2ttYXJrQXJlYSBkaXYuYmttIGEuYWRkQmttIHsKd2lkdGg6IDMwNnB4ICFpbXBvcnRhbnQ7CmhlaWdodDogNDhweCAhaW1wb3J0YW50Owp9CgovKiCkqprdpMvI66Tqpbel56XDpde1x+Vou63P8YnkuPwgKi8KYm9keSAjcmFrdXRlbkxpbWl0ZWRJZF9hcm91bmRDYXJ0IGRpdi5zaG9wQmttewp3aWR0aDogMzA2cHggIWltcG9ydGFudDsKcGFkZGluZy1sZWZ0OiAwcHggIWltcG9ydGFudDsKfQpib2R5IGRpdi5zaG9wQm9va21hcmtBcmVhIGRpdi5zaG9wQmttIGEuYWRkU2hvcEJrbSBzcGFuLnNob3BCa21TdGFyIHsKd2lkdGg6IDMwNnB4ICFpbXBvcnRhbnQ7CmhlaWdodDogNDhweCAhaW1wb3J0YW50OwpiYWNrZ3JvdW5kOiB1cmwoaHR0cDovL2ltYWdlLnJha3V0ZW4uY28uanAvcGlua21vbmtleS9jYWJpbmV0L2ZhdnNob3BfYnV0dG9uX2FmdGVyLmdpZikgbm8tcmVwZWF0IDAgMCAhaW1wb3J0YW50Owp9CmJvZHkgZGl2LnNob3BCb29rbWFya0FyZWEgZGl2LnNob3BCa20gYS5hZGRTaG9wQmttIHsKd2lkdGg6IDMwNnB4ICFpbXBvcnRhbnQ7CmhlaWdodDogNDhweCAhaW1wb3J0YW50Owp9CgoKLyoggoDK/cjrwaaZ2qTOtPOkraS1ICovCmlucHV0I3VuaXRzIHsKcGFkZGluZzogMXB4IDBweDsKfQoKLyogpKrZSaSkzu+kq6S0pdylv6XzpM6086StpLUgKi8KaW5wdXQgewpmb250LXNpemU6IDE3cHg7CnBhZGRpbmc6MTBweCA0MHB4Owp3aWR0aDogYXV0bzsKZm9udC1mYW1pbHk6IqXSpemlrqXOvceltCBQcm8gVzMiLCAiSGlyYWdpbm8gS2FrdSBHb3RoaWMgUHJvIiwgIqXhpaSl6qWqIiwgTWVpcnlvLCBPc2FrYSwgIqPNo9Mgo9CltKW3pcOlryIsICJNUyBQR290aGljIiwgc2Fucy1zZXJpZgp9CgovKiChuMnMxreky6TEpKSkxqTOhpakpLrPpO+ku6G5pdylv6XzpM6086StpLUqLwpmb250IGlucHV0IHsKZm9udC1zaXplOiAxMnB4OwpwYWRkaW5nOjJweDsKd2lkdGg6IDE1MHB4Owp9CgovKqG47ZfEv994kmvWq7K/t9ahuSovCi5pbnZlbnRvcnkgaW5wdXR7CmZvbnQtc2l6ZTogMTJweDsKYmFja2dyb3VuZDojZmZmOwp9CgoKLyog7ZfEv994kmvWq7x7xtql1aWppfOlyKW1paSluiovCgp0ZC5pbnZlbnRvcnkgZm9udHtmb250LXNpemU6MTJweDtjb2xvcjojZmYwMDAwO30KCi8qIO2XxL/feJJr1qsqLwoKI3Jha3V0ZW5MaW1pdGVkSWRfYXJvdW5kQ2FydCBzZWxlY3QgewptYXJnaW46NXB4IDBweDsKcGFkZGluZzo1cHg7Cn0KCiNyYWt1dGVuTGltaXRlZElkX2Fyb3VuZENhcnQgc3Bhbi5jaG9pY2U6YmVmb3J7CmNvbnRlbnQ6IHVybCgpOwp9CgovKiDXt4++paupYKXIz8Kkq6TppM6436S1Ki8KCmRpdiAjc2Nyb2xsVXB7CmJvdHRvbTogMzBweDsKfQoKLyogmFPM7JfKy/el0KlgoaGlralgpe+pYKXJICovCgpkaXYjSGVhZGVyS2V5d29yZCB7Cglwb3NpdGlvbjphYnNvbHV0ZTsKCXRvcDo1MHB4Oy8q0ru3rMnPpKuk6aTOzrvWwyovCglsZWZ0OjMwcHg7LyrX87bLpKuk6aTOzrvWwyovCn0KCmRpdiNIZWFkZXJLZXl3b3JkIHNwYW4gewoJYmFja2dyb3VuZDogI2JmMDAwMDsKCWNvbG9yOiNmZmY7Cglmb250LXdlaWdodDpib2xkOwoJcGFkZGluZzoycHggNXB4Owp9CgpkaXYjSGVhZGVyS2V5d29yZCBhIHsKCWNvbG9yOiMwMDQ0Q0M7Cn0KCjwvc3R5bGU+CgoKCgo8IS0tIKWipa+lu6W1peqpYKXRqWClxKWrpcaltKXqqWAgLS0+CjxkaXYgYWxpZ249ImNlbnRlciI+CjxpbWcgc3JjPSJodHRwOi8vaW1hZ2UucmFrdXRlbi5jby5qcC9waW5rbW9ua2V5L2NhYmluZXQvY2F0ZWdvcnkvaG03NjAuanBnIiBhbHQ9IqWipa+lu6W1peqpYKXRqWClxNK700Wk2CI+CjwvZGl2Pgo8ZGl2IGFsaWduPSJjZW50ZXIiPgoKPC9kaXY+CjwhLS0gL6Wipa+lu6W1peqpYKXRqWClxKWrpcaltKXqqWAgLS0+CgoKPCEtLSClt6XnpcOl1KXzpbClrKWkpckgLS0+Cgo8IS0tIC+lt6XnpcOl1KXzpbClrKWkpckgLS0+CgoKCgoKPGRpdiBpZD0iSGVhZGVyS2V5d29yZCI+CjxzcGFuPteixL+kzqWtqWCl76lgpck8L3NwYW4+CqWrpeulyKXKqWCluKXlCrjvpNKk4gqls6lgpcqpYL3wvt8Kpbel6qWzpfPQzSCl7KW4pfMKx9Ck6s7E19YgxL7RdSCk0qTppKykygqlv6XDpbul6wql3KW/pfMgpemlw6XXpdal7KW5CjwvZGl2Pgo8IS0tIJhTzOyXysv3pdCpYKGhpa2pYKXvqWClyUVORCAtLT4=,pdal6aWmpfPPtaW5paipYKXJxr2477x+KDVtbbf5JnRpbWVzOzFtKSClvaXVpcilv6Wkpdcgsb647yDFo7jvIMfQpOqJ06TqIDFNhWfOu6G+pOakpqXRpbGlw6XIQYydj+qhv6O6ytbcv7LEwc+kzqSqteogpaKl86W3peOl86XGuaS3vw==,uO+8fiDNqNicpeyluKXzILLEwc+l7KW4pfMg0M2l7KW4pfMgpdGpYKXEpc+l86XJpeGlpKXJILLEwc8g2JyJ06XPpfOlyaXhpaSlySCloqWvpbultaXqqWAgssTBz6XPpfOlyaXhpaSlySCyxMHPILyksLKlz6Xzpcml4aWkpckgpdSloqW5ILLEwc+lz6Xzpcml4aWkpckgpdal7KW5peylw6XIILLEwc+lq6Xrpcilyqlgpbil5SCyxMHPIM2o2Jylt6XqpbOl86XiqWCl66XJIKXspbil87jvvH4gILG+uO+477x+ILyapKSl7KW2qWCls6lgpckgMW1tpeyltqlgpbOpYKXJIMa9paKlr6W7pbWl6qlgIKXRqWClxCDNqNicIKSqpLmkuaThpaKlr6W7pbWl6qlgIL3wvt+l1KWipbkgzKi8iKXUpaKluSClx6Wjpbml16XspaSl7KW4pfMgt+LI6yDL2LLEpdal6aWmpfPPtaW5paipYKXJxr2477x+KDVtbbf5JnRpbWVzOzFtKSClvaXVpcilv6Wkpdcgsb647yDFo7jvIMfQpOqJ06TqIDFNhWfOu6G+pOakpqXRpbGlw6XIQYydj+qhvw==,ob6k5qSmpdGlsaXDpchBjJ2P6qG/oaOl1qXppaal88+1pbmlqKlgpcnGvbjvvH4oNW1tt/kmdGltZXM7MW0pIKW9pdWlyKW/paSl1yCxvrjvIMWjuO8gx9Ck6onTpOogMU2FZ867ob6k5qSmpdGlsaXDpchBjJ2P6qG/[rn]
25-29630,aHR0cDovL3RzaG9wLnIxMHMuanAvcGlua21vbmtleS9jYWJpbmV0L2hhbmRtYWRlMDQvaG0tMjMtOTItYzguanBnP2ZpdGluPTcwMDo3MDA=,MTIwLjAwMDA=,,yNXTw8a362rYmz/OxLe/vt8/ytbcvyA+IMrW3L8/pa+l6aXVpcg/yfq12CA+ILLDv3CyxMHPID4gpNKk4g==,33ik2aTrMsmrILjvpNKk4i+477x+IMWjuO8gxr2477x+IDZtbaOox9Ck6onTpOo1MGNthWfOu6OpLyCxvrjvIKXspbapYCC476XSpeIgpeyltqlgpbOpYKXJILDXIPxcIKXbpe+lpKXIIKXWpemlw6WvIMrW3L+yxMHPIKXPpfOlyaXhpaSlybLEwc8gpaulw6XI2JyJ06G+pOakpqXRpbGlw6XIQYydj+qhvw==,ytbX96TqpaKlr6W7pOTQoc7v1/ek6qTLo6GxvrjvpMqk6aTHpM+kzsrWtKWk6qTI2Xy40KTHpLmjoQ==,PHRhYmxlIGNlbGxzcGFjaW5nPSIxIiBjZWxscGFkZGluZz0iNiIgYWxpZ249ImNlbnRlciIgYmdjb2xvcj0iIzY2NjY2NiIgd2lkdGg9IjEwMCUiPgo8dGJvZHk+PHRyPjx0ZCBiZ2NvbG9yPSIjZmZmZmZmIj4KPGZvbnQgY29sb3I9IiM2NjY2NjYiIHNpemU9IjIiPrTzwb/Xos7EpMukxKStpN6kt6TGpb+lpKXfpfOlsKSspO+k66Sv2Y/I68r9pPKktNPD0uKkx6StpMqkpIj2us+krKTepOyky6S0pLakpKTepLmhozxicj4K1+Ok6qTKpKS31qTLpMSkraTepLekxqTPyOu6ybTOtdqkzrBry82kx6S0z+DVhKS1pLukxqSkpL+kwKSvpLOkyKSspKKk6qTepLmkzqTHpLTA7b3ipM6k26TJpKruiqSkpLek3qS5oaM8L2ZvbnQ+CjwvdGQ+PC90cj4KPC90Ym9keT48L3RhYmxlPgo8YnI+PGJyPjxjZW50ZXI+CjxkaXY+Cgo8L2Rpdj4KPC9jZW50ZXI+PGJyPgo8ZGl2IGNsYXNzPSJpdGVtRGVzYyI+CgoKPGRpdiBjbGFzcz0iaXRlbVRhYmxlIj4KCjx0YWJsZT4KPGNhcHRpb24+yczGt6TLpMSkpKTGPC9jYXB0aW9uPgoKPHRyPgo8dGg+PHNwYW4+yczGt8P7PC9zcGFuPjwvdGg+Cjx0ZD7feKTZpOsyyasguO+k0qTiL7jvvH4gxaO47yDGvbjvvH4gNm1to6jH0KTqidOk6jUwY22FZ867o6k8L3RkPgo8L3RyPgo8dHI+Cjx0aD48c3Bhbj6ltaWkpboovHMpPC9zcGFuPjwvdGg+Cjx0ZD63+TZtbSAg6UyktTUwY208YnI+CjxGT05UIGNvbG9yPSMwMDAwMDAgCnNpemU9LTE+PGI+ofk1MGNthWfOu6THpM7YnInTpMekuaGjPC9iPjwvZm9udD4gICAgPC90ZD4KPC90cj4KPHRyPgo8dGg+PHNwYW4+paul6algPC9zcGFuPjwvdGg+Cjx0ZD6l1qXppcOlry+l26XvpaSlyDwvdGQ+CjwvdHI+Cjx0cj4KPHRoPjxzcGFuPqW7pcOlyMTayN08L3NwYW4+PC90aD4KPHRkPjUwY22hwTE8L3RkPgo8L3RyPgo8dHI+Cjx0aD48c3Bhbj6C5KGhv7w8L3NwYW4+PC90aD4KPHRkIHN0eWxlPSJjb2xvcjogI2YwMDsiPqH5pKrKuaSkpM5QQ61ovrOky6TopOqMZ+tIpM6kqsmrpMiukKTKpOuI9rrPpKyktKS2pKSk3qS5pM6kx9PopOGktMHLs9Ckr6TApLWkpKTepLuhozxicj4Kofm6o83iysvI66TspM7Rdca3pM6kv6ThpKrJq6Gi0M6kyqTJysvI66TslXLG2qTkpe2lw6XIpMuk6KTqyPS4yaTOsu6ukKSspKKk64j2us+krKS0pLakpKTepLmhozxicj4Kofmlq6XpqWCkzs6iw+6kysmrpM7fYKSkpMuk6KTrt7XGt6GivbuTUaTPytyksbi2pLGkxqSqpOqk3qS7pPOho9PopOGktMHLs9Ckr6TApLWkpKTepLuhozwvdGQ+CjwvdHI+CjwvdGFibGU+CjwvZGl2Pgo8L2Rpdj48c3R5bGU+CgovKsnMxrel2qlgpbgqLwoKc3Bhbi5wcmljZTEgewoJZGlzcGxheTogYmxvY2sgIWltcG9ydGFudDsKCWZvbnQtc2l6ZTogMTJweCAhaW1wb3J0YW50OwoJY29sb3I6ICNmZjAwMDAgIWltcG9ydGFudDsKCXZlcnRpY2FsLWFsaWduOiBib3R0b20gIWltcG9ydGFudDsKCWxpbmUtaGVpZ2h0OiAxLjJlbSAhaW1wb3J0YW50OwoJcGFkZGluZy10b3A6IDAuNmVtICFpbXBvcnRhbnQ7CglwYWRkaW5nLXJpZ2h0OiAxZW0gIWltcG9ydGFudDsKfQoKc3Bhbi5wcmljZTIgewoJZm9udC1zaXplOiAyMHB4ICFpbXBvcnRhbnQ7Cglmb250LXdlaWdodDogYm9sZCAhaW1wb3J0YW50OwoJY29sb3I6ICNmZjAwMDAgIWltcG9ydGFudDsKCXZlcnRpY2FsLWFsaWduOiBib3R0b20gIWltcG9ydGFudDsKCWxpbmUtaGVpZ2h0OiAxLjJlbSFpbXBvcnRhbnQ7Cn0KCi8qIKSqmt2ky8jrpOrJzMa3tcflaLutz/GJ5Lj8ICovCmJvZHkgI3Jha3V0ZW5MaW1pdGVkSWRfYXJvdW5kQ2FydCBkaXYuYmttewp3aWR0aDogMzA2cHggIWltcG9ydGFudDsKfQpib2R5IGRpdi5ib29rbWFya0FyZWEgZGl2LmJrbSBhLmFkZEJrbSBzcGFuLmJrbVN0YXIgewp3aWR0aDogMzA2cHggIWltcG9ydGFudDsKaGVpZ2h0OiA0OHB4ICFpbXBvcnRhbnQ7CmJhY2tncm91bmQ6IHVybChodHRwOi8vaW1hZ2UucmFrdXRlbi5jby5qcC9waW5rbW9ua2V5L2NhYmluZXQvZmF2X2J1dHRvbl9hZnRlcjIuZ2lmKSBuby1yZXBlYXQgMCAwICFpbXBvcnRhbnQ7Cn0KYm9keSBkaXYuYm9va21hcmtBcmVhIGRpdi5ia20gYS5hZGRCa20gewp3aWR0aDogMzA2cHggIWltcG9ydGFudDsKaGVpZ2h0OiA0OHB4ICFpbXBvcnRhbnQ7Cn0KCi8qIKSqmt2ky8jrpOqlt6XnpcOl17XH5Wi7rc/xieS4/CAqLwpib2R5ICNyYWt1dGVuTGltaXRlZElkX2Fyb3VuZENhcnQgZGl2LnNob3BCa217CndpZHRoOiAzMDZweCAhaW1wb3J0YW50OwpwYWRkaW5nLWxlZnQ6IDBweCAhaW1wb3J0YW50Owp9CmJvZHkgZGl2LnNob3BCb29rbWFya0FyZWEgZGl2LnNob3BCa20gYS5hZGRTaG9wQmttIHNwYW4uc2hvcEJrbVN0YXIgewp3aWR0aDogMzA2cHggIWltcG9ydGFudDsKaGVpZ2h0OiA0OHB4ICFpbXBvcnRhbnQ7CmJhY2tncm91bmQ6IHVybChodHRwOi8vaW1hZ2UucmFrdXRlbi5jby5qcC9waW5rbW9ua2V5L2NhYmluZXQvZmF2c2hvcF9idXR0b25fYWZ0ZXIuZ2lmKSBuby1yZXBlYXQgMCAwICFpbXBvcnRhbnQ7Cn0KYm9keSBkaXYuc2hvcEJvb2ttYXJrQXJlYSBkaXYuc2hvcEJrbSBhLmFkZFNob3BCa20gewp3aWR0aDogMzA2cHggIWltcG9ydGFudDsKaGVpZ2h0OiA0OHB4ICFpbXBvcnRhbnQ7Cn0KCgovKiCCgMr9yOvBppnapM6086StpLUgKi8KaW5wdXQjdW5pdHMgewpwYWRkaW5nOiAxcHggMHB4Owp9CgovKiCkqtlJpKTO76SrpLSl3KW/pfOkzrTzpK2ktSAqLwppbnB1dCB7CmZvbnQtc2l6ZTogMTdweDsKcGFkZGluZzoxMHB4IDQwcHg7CndpZHRoOiBhdXRvOwpmb250LWZhbWlseToipdKl6aWupc69x6W0IFBybyBXMyIsICJIaXJhZ2lubyBLYWt1IEdvdGhpYyBQcm8iLCAipeGlpKXqpaoiLCBNZWlyeW8sIE9zYWthLCAio82j0yCj0KW0pbelw6WvIiwgIk1TIFBHb3RoaWMiLCBzYW5zLXNlcmlmCn0KCi8qIKG4yczGt6TLpMSkpKTGpM6GlqSkus+k76S7obml3KW/pfOkzrTzpK2ktSovCmZvbnQgaW5wdXQgewpmb250LXNpemU6IDEycHg7CnBhZGRpbmc6MnB4Owp3aWR0aDogMTUwcHg7Cn0KCi8qobjtl8S/33iSa9arsr+31qG5Ki8KLmludmVudG9yeSBpbnB1dHsKZm9udC1zaXplOiAxMnB4OwpiYWNrZ3JvdW5kOiNmZmY7Cn0KCgovKiDtl8S/33iSa9arvHvG2qXVpaml86XIpbWlpKW6Ki8KCnRkLmludmVudG9yeSBmb250e2ZvbnQtc2l6ZToxMnB4O2NvbG9yOiNmZjAwMDA7fQoKLyog7ZfEv994kmvWqyovCgojcmFrdXRlbkxpbWl0ZWRJZF9hcm91bmRDYXJ0IHNlbGVjdCB7Cm1hcmdpbjo1cHggMHB4OwpwYWRkaW5nOjVweDsKfQoKI3Jha3V0ZW5MaW1pdGVkSWRfYXJvdW5kQ2FydCBzcGFuLmNob2ljZTpiZWZvcnsKY29udGVudDogdXJsKCk7Cn0KCi8qINe3j76lq6lgpcjPwqSrpOmkzrjfpLUqLwoKZGl2ICNzY3JvbGxVcHsKYm90dG9tOiAzMHB4Owp9CgovKiCYU8zsl8rL96XQqWChoaWtqWCl76lgpckgKi8KCmRpdiNIZWFkZXJLZXl3b3JkIHsKCXBvc2l0aW9uOmFic29sdXRlOwoJdG9wOjUwcHg7LyrSu7esyc+kq6TppM7Ou9bDKi8KCWxlZnQ6MzBweDsvKtfztsukq6TppM7Ou9bDKi8KfQoKZGl2I0hlYWRlcktleXdvcmQgc3BhbiB7CgliYWNrZ3JvdW5kOiAjYmYwMDAwOwoJY29sb3I6I2ZmZjsKCWZvbnQtd2VpZ2h0OmJvbGQ7CglwYWRkaW5nOjJweCA1cHg7Cn0KCmRpdiNIZWFkZXJLZXl3b3JkIGEgewoJY29sb3I6IzAwNDRDQzsKfQoKPC9zdHlsZT4KCgoKCjwhLS0gpaKlr6W7pbWl6qlgpdGpYKXEpaulxqW0peqpYCAtLT4KPGRpdiBhbGlnbj0iY2VudGVyIj4KPGltZyBzcmM9Imh0dHA6Ly9pbWFnZS5yYWt1dGVuLmNvLmpwL3Bpbmttb25rZXkvY2FiaW5ldC9jYXRlZ29yeS9obTc2MC5qcGciIGFsdD0ipaKlr6W7pbWl6qlgpdGpYKXE0rvTRaTYIj4KPC9kaXY+CjxkaXYgYWxpZ249ImNlbnRlciI+Cgo8L2Rpdj4KPCEtLSAvpaKlr6W7pbWl6qlgpdGpYKXEpaulxqW0peqpYCAtLT4KCgo8IS0tIKW3peelw6XUpfOlsKWspaSlySAtLT4KCjwhLS0gL6W3peelw6XUpfOlsKWspaSlySAtLT4KCgoKCgo8ZGl2IGlkPSJIZWFkZXJLZXl3b3JkIj4KPHNwYW4+16LEv6TOpa2pYKXvqWClyTwvc3Bhbj4Kpaul66XIpcqpYKW4peUKuO+k0qTiCqWzqWClyqlgvfC+3wqlt6XqpbOl89DNIKXspbil8wrH0KTqzsTX1iDEvtF1IKTSpOmkrKTKCqW/pcOlu6XrCqXcpb+l8yCl6aXDpdel1qXspbkKPC9kaXY+CjwhLS0gmFPM7JfKy/el0KlgoaGlralgpe+pYKXJRU5EIC0tPg==,33ik2aTrMsmrILjvpNKk4i+477x+IMWjuO8gxr2477x+IDZtbaOox9Ck6onTpOo1MGNthWfOu6OpLyCxvrjvIKXspbapYCC476XSpeIgpeyltqlgpbOpYKXJILDXIPxcIKXbpe+lpKXIIKXWpemlw6WvIMrW3L+yxMHPIKXPpfOlyaXhpaSlybLEwc8gpaulw6XI2JyJ06G+pOakpqXRpbGlw6XIQYydj+qhv6O6ytbcv7LEwc+kzqSqteogpaKl86W3peOl86XGuaS3vw==,uO+8fiDNqNicpeyluKXzILLEwc+l7KW4pfMg0M2l7KW4pfMgpdGpYKXEpc+l86XJpeGlpKXJILLEwc8g2JyJ06XPpfOlyaXhpaSlySCloqWvpbultaXqqWAgssTBz6XPpfOlyaXhpaSlySCyxMHPILyksLKlz6Xzpcml4aWkpckgpdSloqW5ILLEwc+lz6Xzpcml4aWkpckgpdal7KW5peylw6XIILLEwc+lq6Xrpcilyqlgpbil5SCyxMHPIM2o2Jylt6XqpbOl86XiqWCl66XJIKXspbil87jvvH4gILG+uO+477x+ILyapKSl7KW2qWCls6lgpckgMW1tpeyltqlgpbOpYKXJIMa9paKlr6W7pbWl6qlgIKXRqWClxCDNqNicIKSqpLmkuaThpaKlr6W7pbWl6qlgIL3wvt+l1KWipbkgzKi8iKXUpaKluSClx6Wjpbml16XspaSl7KW4pfMgt+LI6yDL2LLE33ik2aTrMsmrILjvpNKk4i+477x+IMWjuO8gxr2477x+IDZtbaOox9Ck6onTpOo1MGNthWfOu6OpLyCxvrjvIKXspbapYCC476XSpeIgpeyltqlgpbOpYKXJILDXIPxcIKXbpe+lpKXIIKXWpemlw6WvIMrW3L+yxMHPIKXPpfOlyaXhpaSlybLEwc8gpaulw6XI2JyJ06G+pOakpqXRpbGlw6XIQYydj+qhvw==,ytbX96TqpaKlr6W7pOTQoc7v1/ek6qTLo6GxvrjvpMqk6aTHpM+kzsrWtKWk6qTI2Xy40KTHpLmjoaGj33ik2aTrMsmrILjvpNKk4i+477x+IMWjuO8gxr2477x+IDZtbaOox9Ck6onTpOo1MGNthWfOu6OpLyCxvrjvIKXspbapYCC476XSpeIgpeyltqlgpbOpYKXJILDXIPxcIKXbpe+lpKXIIKXWpemlw6WvIMrW3L+yxMHPIKXPpfOlyaXhpaSlybLEwc8gpaulw6XI2JyJ06G+pOakpqXRpbGlw6XIQYydj+qhvw==[rn]
25-29631,aHR0cDovL3RzaG9wLnIxMHMuanAvcGlua21vbmtleS9jYWJpbmV0L2hhbmRtYWRlL2htLTUtNDguanBnP2ZpdGluPTcwMDo3MDA=,ODAuMDAwMA==,,yNXTw8a362rYmz/OxLe/vt8/ytbcvyA+IMrW3L8/pa+l6aXVpcg/yfq12CA+ILLDv3CyxMHPID4gpNKk4g==,xa/Jq8+1pbmlqKlgpcnGvbjvvH4oM21tt/mhwTFtKSClz6lgpcmlv6Wkpdcgsb647yDFo7jvIMfQpOqJ06TqIDFNhWfOu6G+pOakpqXRpbGlw6XIQYydj+qhvw==,ob6k5qSmpdGlsaXDpchBjJ2P6qG/,PGNlbnRlcj4KPGRpdj4KCjwvZGl2Pgo8L2NlbnRlcj48YnI+CiAgICAgICAgPGRpdiBhbGlnbj0iY2VudGVyIj4KPHRhYmxlIGNlbGxzcGFjaW5nPSIxIiBjZWxscGFkZGluZz0iNSIgd2lkdGg9IjYwMCIgYmdjb2xvcj0iIzAwMDAwMCIgYWxpZ249ImNlbnRlciI+PFRCT0RZPgoKPFRSPgogICAgICA8dGQgYmdjb2xvcj0iI2YwZjBmMCIgYWxpZ249ImNlbnRlciIgd2lkdGg9IjYxIj48Zm9udCBjb2xvcj0iIzY2NjY2NiIgc2l6ZT0iMiI+yczGt8P7PC9mb250PjwvdGQ+CiAgICAgIDx0ZCBiZ2NvbG9yPSIjZmZmZmZmIiB3aWR0aD0iMjE2Ij48Rk9OVCBjb2xvcj0jMDAwMDAwIiBzaXplPS0xPsWvyavPtaW5paalp6lgpcnGvbjvvH4gpc+pYKXJpb+lpKXXIDwvRk9OVD48L3RkPgogICAgPC9UUj4KPFRSPgogICAgICA8dGQgYmdjb2xvcj0iI2YwZjBmMCIgYWxpZ249ImNlbnRlciIgd2lkdGg9IjYxIj48Zm9udCBjb2xvcj0iIzY2NjY2NiIgc2l6ZT0iMiI+paul6algPC9mb250PjwvdGQ+CiAgICAgIDx0ZCBiZ2NvbG9yPSIjZmZmZmZmIiB3aWR0aD0iMjE2Ij48Rk9OVCBjb2xvcj0jMDAwMDAwIiBzaXplPS0xPqWzpbml4qW5pdSl86WvL6XtqWCluqXUpfOlrzwvRk9OVD48L3RkPgogICAgPC9UUj4KPFRSPgogICAgICA8dGQgYmdjb2xvcj0iI2YwZjBmMCIgYWxpZ249ImNlbnRlciIgd2lkdGg9IjYxIj48Zm9udCBjb2xvcj0iIzY2NjY2NiIgc2l6ZT0iMiI+pbWlpKW6KLxzKTwvZm9udD48L3RkPgogICAgICA8dGQgYmdjb2xvcj0iI2ZmZmZmZiIgd2lkdGg9IjIxNiI+PEZPTlQgY29sb3I9IzAwMDAwMCAKc2l6ZT0tMT63+aO6M21tL+lMo7oxbTwvRk9OVD48L3RkPgogICAgPC9UUj4KPFRSPgogICAgICA8dGQgYmdjb2xvcj0iI2YwZjBmMCIgYWxpZ249ImNlbnRlciIgd2lkdGg9IjYxIj48Zm9udCBjb2xvcj0iIzY2NjY2NiIgc2l6ZT0iMiI+yczGt9SUvJo8L2ZvbnQ+PC90ZD4KICAgICAgPHRkIGJnY29sb3I9IiNmZmZmZmYiIHdpZHRoPSIyMTYiPjxGT05UIGNvbG9yPSMwMDAwMDAgCnNpemU9LTE+PGI+MW2FZ867pMekzticidOkx6S5oaM8L2I+PGJyPgogICAgICA8Yj7Rfcr9goCkx6S02Y/I66TOiPa6z6THpK2k66TApLExbYVnzrukx6WrpcOlyKS7pLqky6S02Y/I64KAyv231qTO6UyktaTHpKrLzaTqpLWku6TGpKSkv6TApKSkxqSqpOqk3qS5oaM8L2I+PGJyPgoKICAgICAgPGJyPgqjvKO8wP2jvqO+PGJyPgozgoCktNmPyOukzoj2us8/Pz8xbaHBM7G+pMekz6TKpK8zbaHBMbG+pMekzrBry82kx6S5oaM8L0ZPTlQ+IDxicj4KICAgICAgPGJyPgogICAgICA8Zm9udCBzaXplPSItMSI+ofm1q6S31NqO7Ne0m3Kky6TopMOkxqTPyc/Tm9LUzeKkx6TOpKq97KSxpMukyqTriPa6z6TipLSktqSkpN6kuaGjpL2kzutIpM+ks6TBpOmkq6TppLTfQr1qpLWku6TGpKSkv6TApKSkxqSqpOqk3qS5oaMgPGJyPgogICAgICDT6KThpLTBy7PQpKSkv6TApK2k3qS5pOikpqSq7oqkpKSkpL+kt6TepLmhozwvZm9udD4gICAgICA8L3RkPgogICAgPC9UUj4KPFRSPgogICAgICA8dGQgYmdjb2xvcj0iI2YwZjBmMCIgYWxpZ249ImNlbnRlciIgd2lkdGg9IjYxIj48Zm9udCBjb2xvcj0iIzY2NjY2NiIgc2l6ZT0iMiI+y9iyxDwvZm9udD48L3RkPgogICAgICA8dGQgYmdjb2xvcj0iI2ZmZmZmZiIgd2lkdGg9IjIxNiI+PEZPTlQgY29sb3I9IzAwMDAwMCAKc2l6ZT0tMT7Fo7jvPC9GT05UPjwvdGQ+CiAgICA8L1RSPgo8VFI+CiAgICAgIDx0ZCBiZ2NvbG9yPSIjZjBmMGYwIiBhbGlnbj0iY2VudGVyIiB3aWR0aD0iMTIyIj48Zm9udCBjb2xvcj0iIzY2NjY2NiIgc2l6ZT0iMiI+yfquYrn6PC9mb250PjwvdGQ+CiAgICAgIDx0ZCBiZ2NvbG9yPSIjZmZmZmZmIiB3aWR0aD0iNDU1Ij48Rk9OVCBjb2xvcj0jMDAwMDAwIApzaXplPS0xPm1hZGUgaW4gaW5kaWE8L0ZPTlQ+PC90ZD4KICAgIDwvVFI+CjxUUj4KICAgICAgPHRkIGJnY29sb3I9IiNmMGYwZjAiIGFsaWduPSJjZW50ZXIiIHdpZHRoPSI2MSI+PGZvbnQgY29sb3I9IiM2NjY2NjYiIHNpemU9IjIiPoLkv7w8L2ZvbnQ+PC90ZD4KICAgICAgPHRkIGJnY29sb3I9IiNmZmZmZmYiIHdpZHRoPSIyMTYiPjxmb250IGNvbG9yPSIjZmYwMDAwIiBzaXplPSItMSI+ofmkqsq5pKSkzlBDrWi+s6TLpOik6oxn60ikzqSqyaukyK6QpMqk64j2us+krKS0pLakpKTepLmkzqTH0+ik4aS0wcuz0KSvpMCktaSkpN6ku6GjPC9mb250PjwvdGQ+CiAgICA8L1RSPgo8L3Rib2R5PjwvdGFibGU+PC9kaXY+CgoKPGJyPjxicj4KPGRpdiBhbGlnbj0iY2VudGVyIj4KPGltZyBzcmM9Imh0dHA6Ly9pbWFnZS5yYWt1dGVuLmNvLmpwL3Bpbmttb25rZXkvY2FiaW5ldC9jYXRlZ29yeS82MDBibnIta2F3YWNvcmQuanBnIiBib3JkZXI9IjAiPjxicj48YnI+CjxpbWcgc3JjPSJodHRwOi8vaW1hZ2UucmFrdXRlbi5jby5qcC9waW5rbW9ua2V5L2NhYmluZXQvY2F0ZWdvcnkvYm5yLWNvZGUtczIuanBnIiBib3JkZXI9IjAiPjxicj48YnI+CjxpbWcgc3JjPSJodHRwOi8vaW1hZ2UucmFrdXRlbi5jby5qcC9waW5rbW9ua2V5L2NhYmluZXQvY2F0ZWdvcnkvNjAwYm5yLWNvcmQuanBnIiBib3JkZXI9IjAiPjxicj48YnI+CjxpbWcgc3JjPSJodHRwOi8vaW1hZ2UucmFrdXRlbi5jby5qcC9waW5rbW9ua2V5L2NhYmluZXQvY2F0ZWdvcnkvNjAwYm5yLWJvbG9zdWVkZS5qcGciIGJvcmRlcj0iMCI+PGJyPjxicj4KPC9kaXY+CjxkaXYgYWxpZ249ImNlbnRlciI+CjxpbWcgc3JjPSJodHRwOi8vaW1hZ2UucmFrdXRlbi5jby5qcC9waW5rbW9ua2V5L2NhYmluZXQvY2F0ZWdvcnkvNjAwLWhtLWNsYXNwLW5ldy5qcGciIGJvcmRlcj0iMCI+PGJyPjxicj4KPGltZyBzcmM9Imh0dHA6Ly9pbWFnZS5yYWt1dGVuLmNvLmpwL3Bpbmttb25rZXkvY2FiaW5ldC9jYXRlZ29yeS82MDAtaG0tZW5kcGFydHMuanBnIiBib3JkZXI9IjAiPjxicj48YnI+CjwvZGl2Pgo8YnI+PGJyPgoKCgo8ZGl2IGFsaWduPSJjZW50ZXIiPgoKPC9kaXY+PHN0eWxlPgoKLyrJzMa3pdqpYKW4Ki8KCnNwYW4ucHJpY2UxIHsKCWRpc3BsYXk6IGJsb2NrICFpbXBvcnRhbnQ7Cglmb250LXNpemU6IDEycHggIWltcG9ydGFudDsKCWNvbG9yOiAjZmYwMDAwICFpbXBvcnRhbnQ7Cgl2ZXJ0aWNhbC1hbGlnbjogYm90dG9tICFpbXBvcnRhbnQ7CglsaW5lLWhlaWdodDogMS4yZW0gIWltcG9ydGFudDsKCXBhZGRpbmctdG9wOiAwLjZlbSAhaW1wb3J0YW50OwoJcGFkZGluZy1yaWdodDogMWVtICFpbXBvcnRhbnQ7Cn0KCnNwYW4ucHJpY2UyIHsKCWZvbnQtc2l6ZTogMjBweCAhaW1wb3J0YW50OwoJZm9udC13ZWlnaHQ6IGJvbGQgIWltcG9ydGFudDsKCWNvbG9yOiAjZmYwMDAwICFpbXBvcnRhbnQ7Cgl2ZXJ0aWNhbC1hbGlnbjogYm90dG9tICFpbXBvcnRhbnQ7CglsaW5lLWhlaWdodDogMS4yZW0haW1wb3J0YW50Owp9CgovKiCkqprdpMvI66TqyczGt7XH5Wi7rc/xieS4/CAqLwpib2R5ICNyYWt1dGVuTGltaXRlZElkX2Fyb3VuZENhcnQgZGl2LmJrbXsKd2lkdGg6IDMwNnB4ICFpbXBvcnRhbnQ7Cn0KYm9keSBkaXYuYm9va21hcmtBcmVhIGRpdi5ia20gYS5hZGRCa20gc3Bhbi5ia21TdGFyIHsKd2lkdGg6IDMwNnB4ICFpbXBvcnRhbnQ7CmhlaWdodDogNDhweCAhaW1wb3J0YW50OwpiYWNrZ3JvdW5kOiB1cmwoaHR0cDovL2ltYWdlLnJha3V0ZW4uY28uanAvcGlua21vbmtleS9jYWJpbmV0L2Zhdl9idXR0b25fYWZ0ZXIyLmdpZikgbm8tcmVwZWF0IDAgMCAhaW1wb3J0YW50Owp9CmJvZHkgZGl2LmJvb2ttYXJrQXJlYSBkaXYuYmttIGEuYWRkQmttIHsKd2lkdGg6IDMwNnB4ICFpbXBvcnRhbnQ7CmhlaWdodDogNDhweCAhaW1wb3J0YW50Owp9CgovKiCkqprdpMvI66Tqpbel56XDpde1x+Vou63P8YnkuPwgKi8KYm9keSAjcmFrdXRlbkxpbWl0ZWRJZF9hcm91bmRDYXJ0IGRpdi5zaG9wQmttewp3aWR0aDogMzA2cHggIWltcG9ydGFudDsKcGFkZGluZy1sZWZ0OiAwcHggIWltcG9ydGFudDsKfQpib2R5IGRpdi5zaG9wQm9va21hcmtBcmVhIGRpdi5zaG9wQmttIGEuYWRkU2hvcEJrbSBzcGFuLnNob3BCa21TdGFyIHsKd2lkdGg6IDMwNnB4ICFpbXBvcnRhbnQ7CmhlaWdodDogNDhweCAhaW1wb3J0YW50OwpiYWNrZ3JvdW5kOiB1cmwoaHR0cDovL2ltYWdlLnJha3V0ZW4uY28uanAvcGlua21vbmtleS9jYWJpbmV0L2ZhdnNob3BfYnV0dG9uX2FmdGVyLmdpZikgbm8tcmVwZWF0IDAgMCAhaW1wb3J0YW50Owp9CmJvZHkgZGl2LnNob3BCb29rbWFya0FyZWEgZGl2LnNob3BCa20gYS5hZGRTaG9wQmttIHsKd2lkdGg6IDMwNnB4ICFpbXBvcnRhbnQ7CmhlaWdodDogNDhweCAhaW1wb3J0YW50Owp9CgoKLyoggoDK/cjrwaaZ2qTOtPOkraS1ICovCmlucHV0I3VuaXRzIHsKcGFkZGluZzogMXB4IDBweDsKfQoKLyogpKrZSaSkzu+kq6S0pdylv6XzpM6086StpLUgKi8KaW5wdXQgewpmb250LXNpemU6IDE3cHg7CnBhZGRpbmc6MTBweCA0MHB4Owp3aWR0aDogYXV0bzsKZm9udC1mYW1pbHk6IqXSpemlrqXOvceltCBQcm8gVzMiLCAiSGlyYWdpbm8gS2FrdSBHb3RoaWMgUHJvIiwgIqXhpaSl6qWqIiwgTWVpcnlvLCBPc2FrYSwgIqPNo9Mgo9CltKW3pcOlryIsICJNUyBQR290aGljIiwgc2Fucy1zZXJpZgp9CgovKiChuMnMxreky6TEpKSkxqTOhpakpLrPpO+ku6G5pdylv6XzpM6086StpLUqLwpmb250IGlucHV0IHsKZm9udC1zaXplOiAxMnB4OwpwYWRkaW5nOjJweDsKd2lkdGg6IDE1MHB4Owp9CgovKqG47ZfEv994kmvWq7K/t9ahuSovCi5pbnZlbnRvcnkgaW5wdXR7CmZvbnQtc2l6ZTogMTJweDsKYmFja2dyb3VuZDojZmZmOwp9CgoKLyog7ZfEv994kmvWq7x7xtql1aWppfOlyKW1paSluiovCgp0ZC5pbnZlbnRvcnkgZm9udHtmb250LXNpemU6MTJweDtjb2xvcjojZmYwMDAwO30KCi8qIO2XxL/feJJr1qsqLwoKI3Jha3V0ZW5MaW1pdGVkSWRfYXJvdW5kQ2FydCBzZWxlY3QgewptYXJnaW46NXB4IDBweDsKcGFkZGluZzo1cHg7Cn0KCiNyYWt1dGVuTGltaXRlZElkX2Fyb3VuZENhcnQgc3Bhbi5jaG9pY2U6YmVmb3J7CmNvbnRlbnQ6IHVybCgpOwp9CgovKiDXt4++paupYKXIz8Kkq6TppM6436S1Ki8KCmRpdiAjc2Nyb2xsVXB7CmJvdHRvbTogMzBweDsKfQoKLyogmFPM7JfKy/el0KlgoaGlralgpe+pYKXJICovCgpkaXYjSGVhZGVyS2V5d29yZCB7Cglwb3NpdGlvbjphYnNvbHV0ZTsKCXRvcDo1MHB4Oy8q0ru3rMnPpKuk6aTOzrvWwyovCglsZWZ0OjMwcHg7LyrX87bLpKuk6aTOzrvWwyovCn0KCmRpdiNIZWFkZXJLZXl3b3JkIHNwYW4gewoJYmFja2dyb3VuZDogI2JmMDAwMDsKCWNvbG9yOiNmZmY7Cglmb250LXdlaWdodDpib2xkOwoJcGFkZGluZzoycHggNXB4Owp9CgpkaXYjSGVhZGVyS2V5d29yZCBhIHsKCWNvbG9yOiMwMDQ0Q0M7Cn0KCjwvc3R5bGU+CgoKCgo8IS0tIKWipa+lu6W1peqpYKXRqWClxKWrpcaltKXqqWAgLS0+CjxkaXYgYWxpZ249ImNlbnRlciI+CjxpbWcgc3JjPSJodHRwOi8vaW1hZ2UucmFrdXRlbi5jby5qcC9waW5rbW9ua2V5L2NhYmluZXQvY2F0ZWdvcnkvaG03NjAuanBnIiBhbHQ9IqWipa+lu6W1peqpYKXRqWClxNK700Wk2CI+CjwvZGl2Pgo8ZGl2IGFsaWduPSJjZW50ZXIiPgoKPC9kaXY+CjwhLS0gL6Wipa+lu6W1peqpYKXRqWClxKWrpcaltKXqqWAgLS0+CgoKPCEtLSClt6XnpcOl1KXzpbClrKWkpckgLS0+Cgo8IS0tIC+lt6XnpcOl1KXzpbClrKWkpckgLS0+CgoKCgoKPGRpdiBpZD0iSGVhZGVyS2V5d29yZCI+CjxzcGFuPteixL+kzqWtqWCl76lgpck8L3NwYW4+CqWrpeulyKXKqWCluKXlCrjvpNKk4gqls6lgpcqpYL3wvt8Kpbel6qWzpfPQzSCl7KW4pfMKx9Ck6s7E19YgxL7RdSCk0qTppKykygqlv6XDpbul6wql3KW/pfMgpemlw6XXpdal7KW5CjwvZGl2Pgo8IS0tIJhTzOyXysv3pdCpYKGhpa2pYKXvqWClyUVORCAtLT4=,xa/Jq8+1pbmlqKlgpcnGvbjvvH4oM21tt/kmdGltZXM7MW0pIKXPqWClyaW/paSl1yCxvrjvIMWjuO8gx9Ck6onTpOogMU2FZ867ob6k5qSmpdGlsaXDpchBjJ2P6qG/o7rK1ty/ssTBz6TOpKq16iCloqXzpbel46Xzpca5pLe/,uO+8fiDNqNicpeyluKXzILLEwc+l7KW4pfMg0M2l7KW4pfMgpdGpYKXEpc+l86XJpeGlpKXJILLEwc8g2JyJ06XPpfOlyaXhpaSlySCloqWvpbultaXqqWAgssTBz6XPpfOlyaXhpaSlySCyxMHPILyksLKlz6Xzpcml4aWkpckgpdSloqW5ILLEwc+lz6Xzpcml4aWkpckgpdal7KW5peylw6XIILLEwc+lq6Xrpcilyqlgpbil5SCyxMHPIM2o2Jylt6XqpbOl86XiqWCl66XJIKXspbil87jvvH4gILG+uO+477x+ILyapKSl7KW2qWCls6lgpckgMW1tpeyltqlgpbOpYKXJIMa9paKlr6W7pbWl6qlgIKXRqWClxCDNqNicIKSqpLmkuaThpaKlr6W7pbWl6qlgIL3wvt+l1KWipbkgzKi8iKXUpaKluSClx6Wjpbml16XspaSl7KW4pfMgt+LI6yDL2LLExa/Jq8+1pbmlqKlgpcnGvbjvvH4oM21tt/kmdGltZXM7MW0pIKXPqWClyaW/paSl1yCxvrjvIMWjuO8gx9Ck6onTpOogMU2FZ867ob6k5qSmpdGlsaXDpchBjJ2P6qG/,ob6k5qSmpdGlsaXDpchBjJ2P6qG/oaPFr8mrz7WluaWoqWClyca9uO+8figzbW23+SZ0aW1lczsxbSkgpc+pYKXJpb+lpKXXILG+uO8gxaO47yDH0KTqidOk6iAxTYVnzruhvqTmpKal0aWxpcOlyEGMnY/qob8=[rn]
25-29632,aHR0cDovL3RzaG9wLnIxMHMuanAvcGlua21vbmtleS9jYWJpbmV0L2hhbmRtYWRlL2htLTEtNzYtbl9tYXRvbWVicmEzLmpwZz9maXRpbj03MDA6NzAw,MTA0LjAwMDA=,,yNXTw8a362rYmz/OxLe/vt8/ytbcvyA+IMrW3L8/pa+l6aXVpcg/yfq12CA+ILLDv3CyxMHPID4gpNKk4g==,pdal6aWmpfPPtaW5paipYKXJxr2477x+KDNtbbf5ocExbSkgpb2l1aXIpb+lpKXXILG+uO8gxaO47yDH0KTqidOk6iAxTYVnzruhvqTmpKal0aWxpcOlyEGMnY/qob8=,ob6k5qSmpdGlsaXDpchBjJ2P6qG/,PGNlbnRlcj4KPGRpdj4KCjwvZGl2Pgo8L2NlbnRlcj48YnI+CiAgICAgICAgPGRpdiBhbGlnbj0iY2VudGVyIj4KPHRhYmxlIGNlbGxzcGFjaW5nPSIxIiBjZWxscGFkZGluZz0iNSIgd2lkdGg9IjYwMCIgYmdjb2xvcj0iIzAwMDAwMCIgYWxpZ249ImNlbnRlciI+PFRCT0RZPgoKPFRSPgogICAgICA8dGQgYmdjb2xvcj0iI2YwZjBmMCIgYWxpZ249ImNlbnRlciIgd2lkdGg9IjEyMiI+PGZvbnQgY29sb3I9IiM2NjY2NjYiIHNpemU9IjIiPsnMxrfD+zwvZm9udD48L3RkPgogICAgICA8dGQgYmdjb2xvcj0iI2ZmZmZmZiIgd2lkdGg9IjQ1NSI+PEZPTlQgY29sb3I9IzAwMDAwMCIgc2l6ZT0tMT6l1qXppaal88+1pbmlpqWnqWClyca9uO+8fiClvaXVpcilv6WkpdcgPC9GT05UPjwvdGQ+CiAgICA8L1RSPgo8VFI+CiAgICAgIDx0ZCBiZ2NvbG9yPSIjZjBmMGYwIiBhbGlnbj0iY2VudGVyIiB3aWR0aD0iMTIyIj48Zm9udCBjb2xvcj0iIzY2NjY2NiIgc2l6ZT0iMiI+paul6algPC9mb250PjwvdGQ+CiAgICAgIDx0ZCBiZ2NvbG9yPSIjZmZmZmZmIiB3aWR0aD0iNDU1Ij48Rk9OVCBjb2xvcj0jMDAwMDAwIiBzaXplPS0xPgoxMDItpdal6aXDpa8vMTQyLaXAqWClr6XWpemlpqXzLzEwMy2l7KXDpcml1qXppaal8y8xMTItpdal6aWmpfMvMTE5LaW/pfMvMTIxLaXZqWCluKXlL6XppaSlyKW/pfMvMTQzLaWipfOl0KlgPC9GT05UPjwvdGQ+CiAgICA8L1RSPgo8VFI+CiAgICAgIDx0ZCBiZ2NvbG9yPSIjZjBmMGYwIiBhbGlnbj0iY2VudGVyIiB3aWR0aD0iMTIyIj48Zm9udCBjb2xvcj0iIzY2NjY2NiIgc2l6ZT0iMiI+pbWlpKW6KLxzKTwvZm9udD48L3RkPgogICAgICA8dGQgYmdjb2xvcj0iI2ZmZmZmZiIgd2lkdGg9IjQ1NSI+PEZPTlQgY29sb3I9IzAwMDAwMCAKc2l6ZT0tMT63+aO6M21tL+lMo7oxbTwvRk9OVD48L3RkPgogICAgPC9UUj4KPFRSPgogICAgICA8dGQgYmdjb2xvcj0iI2YwZjBmMCIgYWxpZ249ImNlbnRlciIgd2lkdGg9IjEyMiI+PGZvbnQgY29sb3I9IiM2NjY2NjYiIHNpemU9IjIiPsnMxrfUlLyaPC9mb250PjwvdGQ+CiAgICAgIDx0ZCBiZ2NvbG9yPSIjZmZmZmZmIiB3aWR0aD0iNDU1Ij48Rk9OVCBjb2xvcj0jMDAwMDAwIApzaXplPS0xPjxiPjFthWfOu6THpM7YnInTpMekuaGjPC9iPjxicj4KICAgICAgPGI+0X3K/YKApMektNmPyOukzoj2us+kx6StpOukwKSxMW2FZ867pMelq6XDpciku6S6pMuktNmPyOuCgMr9t9akzulMpLWkx6Sqy82k6qS1pLukxqSkpL+kwKSkpMakqqTqpN6kuaGjPC9iPjxicj4KCiAgICAgIDxicj4Ko7yjvMD9o76jvjxicj4KM4KApLTZj8jrpM6I9rrPPz8/MW2hwTOxvqTHpM+kyqSvM22hwTGxvqTHpM6wa8vNpMekuaGjPC9GT05UPiA8YnI+CiAgICAgIDxicj4KICAgICAgPGZvbnQgc2l6ZT0iLTEiPqH5taukt9TajuzXtJtypMuk6KTDpMakz8nP05vS1M3ipMekzqSqveyksaTLpMqk64j2us+k4qS0pLakpKTepLmho6S9pM7rSKTPpLOkwaTppKuk6aS030K9aqS1pLukxqSkpL+kwKSkpMakqqTqpN6kuaGjIDxicj4KICAgICAg0+ik4aS0wcuz0KSkpL+kwKStpN6kuaTopKakqu6KpKSkpKS/pLek3qS5oaM8L2ZvbnQ+ICAgICAgPC90ZD4KICAgIDwvVFI+CjxUUj4KICAgICAgPHRkIGJnY29sb3I9IiNmMGYwZjAiIGFsaWduPSJjZW50ZXIiIHdpZHRoPSIxMjIiPjxmb250IGNvbG9yPSIjNjY2NjY2IiBzaXplPSIyIj7L2LLEPC9mb250PjwvdGQ+CiAgICAgIDx0ZCBiZ2NvbG9yPSIjZmZmZmZmIiB3aWR0aD0iNDU1Ij48Rk9OVCBjb2xvcj0jMDAwMDAwIApzaXplPS0xPsWjuO88L0ZPTlQ+PC90ZD4KICAgIDwvVFI+CjxUUj4KICAgICAgPHRkIGJnY29sb3I9IiNmMGYwZjAiIGFsaWduPSJjZW50ZXIiIHdpZHRoPSIxMjIiPjxmb250IGNvbG9yPSIjNjY2NjY2IiBzaXplPSIyIj7J+q5iufo8L2ZvbnQ+PC90ZD4KICAgICAgPHRkIGJnY29sb3I9IiNmZmZmZmYiIHdpZHRoPSI0NTUiPjxGT05UIGNvbG9yPSMwMDAwMDAgCnNpemU9LTE+bWFkZSBpbiBpbmRpYTwvRk9OVD48L3RkPgogICAgPC9UUj4KPFRSPgogICAgICA8dGQgYmdjb2xvcj0iI2YwZjBmMCIgYWxpZ249ImNlbnRlciIgd2lkdGg9IjEyMiI+PGZvbnQgY29sb3I9IiM2NjY2NjYiIHNpemU9IjIiPoLkv7w8L2ZvbnQ+PC90ZD4KICAgICAgPHRkIGJnY29sb3I9IiNmZmZmZmYiIHdpZHRoPSI0NTUiPjxmb250IGNvbG9yPSIjZmYwMDAwIiBzaXplPSItMSI+ofmkqsq5pKSkzlBDrWi+s6TLpOik6oxn60ikzqSqyaukyK6QpMqk64j2us+krKS0pLakpKTepLmkzqTH0+ik4aS0wcuz0KSvpMCktaSkpN6ku6GjPC9mb250PjwvdGQ+CiAgICA8L1RSPgo8L3Rib2R5PjwvdGFibGU+PC9kaXY+Cgo8YnI+PGJyPgo8ZGl2IGFsaWduPSJjZW50ZXIiPgo8aW1nIHNyYz0iaHR0cDovL2ltYWdlLnJha3V0ZW4uY28uanAvcGlua21vbmtleS9jYWJpbmV0L2NhdGVnb3J5LzYwMGJuci1rYXdhY29yZC5qcGciIGJvcmRlcj0iMCI+PGJyPjxicj4KPGltZyBzcmM9Imh0dHA6Ly9pbWFnZS5yYWt1dGVuLmNvLmpwL3Bpbmttb25rZXkvY2FiaW5ldC9jYXRlZ29yeS9ibnItY29kZS1zMi5qcGciIGJvcmRlcj0iMCI+PGJyPjxicj4KPGltZyBzcmM9Imh0dHA6Ly9pbWFnZS5yYWt1dGVuLmNvLmpwL3Bpbmttb25rZXkvY2FiaW5ldC9jYXRlZ29yeS82MDBibnItY29yZC5qcGciIGJvcmRlcj0iMCI+PGJyPjxicj4KPGltZyBzcmM9Imh0dHA6Ly9pbWFnZS5yYWt1dGVuLmNvLmpwL3Bpbmttb25rZXkvY2FiaW5ldC9jYXRlZ29yeS82MDBibnItYm9sb3N1ZWRlLmpwZyIgYm9yZGVyPSIwIj48YnI+PGJyPgo8L2Rpdj4KPGRpdiBhbGlnbj0iY2VudGVyIj4KPGltZyBzcmM9Imh0dHA6Ly9pbWFnZS5yYWt1dGVuLmNvLmpwL3Bpbmttb25rZXkvY2FiaW5ldC9jYXRlZ29yeS82MDAtaG0tY2xhc3AtbmV3LmpwZyIgYm9yZGVyPSIwIj48YnI+PGJyPgo8aW1nIHNyYz0iaHR0cDovL2ltYWdlLnJha3V0ZW4uY28uanAvcGlua21vbmtleS9jYWJpbmV0L2NhdGVnb3J5LzYwMC1obS1lbmRwYXJ0cy5qcGciIGJvcmRlcj0iMCI+PGJyPjxicj4KPC9kaXY+Cjxicj48YnI+CgoKPGRpdiBhbGlnbj0iY2VudGVyIj4KCjwvZGl2PjxzdHlsZT4KCi8qyczGt6XaqWCluCovCgpzcGFuLnByaWNlMSB7CglkaXNwbGF5OiBibG9jayAhaW1wb3J0YW50OwoJZm9udC1zaXplOiAxMnB4ICFpbXBvcnRhbnQ7Cgljb2xvcjogI2ZmMDAwMCAhaW1wb3J0YW50OwoJdmVydGljYWwtYWxpZ246IGJvdHRvbSAhaW1wb3J0YW50OwoJbGluZS1oZWlnaHQ6IDEuMmVtICFpbXBvcnRhbnQ7CglwYWRkaW5nLXRvcDogMC42ZW0gIWltcG9ydGFudDsKCXBhZGRpbmctcmlnaHQ6IDFlbSAhaW1wb3J0YW50Owp9CgpzcGFuLnByaWNlMiB7Cglmb250LXNpemU6IDIwcHggIWltcG9ydGFudDsKCWZvbnQtd2VpZ2h0OiBib2xkICFpbXBvcnRhbnQ7Cgljb2xvcjogI2ZmMDAwMCAhaW1wb3J0YW50OwoJdmVydGljYWwtYWxpZ246IGJvdHRvbSAhaW1wb3J0YW50OwoJbGluZS1oZWlnaHQ6IDEuMmVtIWltcG9ydGFudDsKfQoKLyogpKqa3aTLyOuk6snMxre1x+Vou63P8YnkuPwgKi8KYm9keSAjcmFrdXRlbkxpbWl0ZWRJZF9hcm91bmRDYXJ0IGRpdi5ia217CndpZHRoOiAzMDZweCAhaW1wb3J0YW50Owp9CmJvZHkgZGl2LmJvb2ttYXJrQXJlYSBkaXYuYmttIGEuYWRkQmttIHNwYW4uYmttU3RhciB7CndpZHRoOiAzMDZweCAhaW1wb3J0YW50OwpoZWlnaHQ6IDQ4cHggIWltcG9ydGFudDsKYmFja2dyb3VuZDogdXJsKGh0dHA6Ly9pbWFnZS5yYWt1dGVuLmNvLmpwL3Bpbmttb25rZXkvY2FiaW5ldC9mYXZfYnV0dG9uX2FmdGVyMi5naWYpIG5vLXJlcGVhdCAwIDAgIWltcG9ydGFudDsKfQpib2R5IGRpdi5ib29rbWFya0FyZWEgZGl2LmJrbSBhLmFkZEJrbSB7CndpZHRoOiAzMDZweCAhaW1wb3J0YW50OwpoZWlnaHQ6IDQ4cHggIWltcG9ydGFudDsKfQoKLyogpKqa3aTLyOuk6qW3peelw6XXtcflaLutz/GJ5Lj8ICovCmJvZHkgI3Jha3V0ZW5MaW1pdGVkSWRfYXJvdW5kQ2FydCBkaXYuc2hvcEJrbXsKd2lkdGg6IDMwNnB4ICFpbXBvcnRhbnQ7CnBhZGRpbmctbGVmdDogMHB4ICFpbXBvcnRhbnQ7Cn0KYm9keSBkaXYuc2hvcEJvb2ttYXJrQXJlYSBkaXYuc2hvcEJrbSBhLmFkZFNob3BCa20gc3Bhbi5zaG9wQmttU3RhciB7CndpZHRoOiAzMDZweCAhaW1wb3J0YW50OwpoZWlnaHQ6IDQ4cHggIWltcG9ydGFudDsKYmFja2dyb3VuZDogdXJsKGh0dHA6Ly9pbWFnZS5yYWt1dGVuLmNvLmpwL3Bpbmttb25rZXkvY2FiaW5ldC9mYXZzaG9wX2J1dHRvbl9hZnRlci5naWYpIG5vLXJlcGVhdCAwIDAgIWltcG9ydGFudDsKfQpib2R5IGRpdi5zaG9wQm9va21hcmtBcmVhIGRpdi5zaG9wQmttIGEuYWRkU2hvcEJrbSB7CndpZHRoOiAzMDZweCAhaW1wb3J0YW50OwpoZWlnaHQ6IDQ4cHggIWltcG9ydGFudDsKfQoKCi8qIIKAyv3I68GmmdqkzrTzpK2ktSAqLwppbnB1dCN1bml0cyB7CnBhZGRpbmc6IDFweCAwcHg7Cn0KCi8qIKSq2UmkpM7vpKuktKXcpb+l86TOtPOkraS1ICovCmlucHV0IHsKZm9udC1zaXplOiAxN3B4OwpwYWRkaW5nOjEwcHggNDBweDsKd2lkdGg6IGF1dG87CmZvbnQtZmFtaWx5OiKl0qXppa6lzr3HpbQgUHJvIFczIiwgIkhpcmFnaW5vIEtha3UgR290aGljIFBybyIsICKl4aWkpeqlqiIsIE1laXJ5bywgT3Nha2EsICKjzaPTIKPQpbSlt6XDpa8iLCAiTVMgUEdvdGhpYyIsIHNhbnMtc2VyaWYKfQoKLyogobjJzMa3pMukxKSkpMakzoaWpKS6z6TvpLuhuaXcpb+l86TOtPOkraS1Ki8KZm9udCBpbnB1dCB7CmZvbnQtc2l6ZTogMTJweDsKcGFkZGluZzoycHg7CndpZHRoOiAxNTBweDsKfQoKLyqhuO2XxL/feJJr1quyv7fWobkqLwouaW52ZW50b3J5IGlucHV0ewpmb250LXNpemU6IDEycHg7CmJhY2tncm91bmQ6I2ZmZjsKfQoKCi8qIO2XxL/feJJr1qu8e8bapdWlqaXzpciltaWkpboqLwoKdGQuaW52ZW50b3J5IGZvbnR7Zm9udC1zaXplOjEycHg7Y29sb3I6I2ZmMDAwMDt9CgovKiDtl8S/33iSa9arKi8KCiNyYWt1dGVuTGltaXRlZElkX2Fyb3VuZENhcnQgc2VsZWN0IHsKbWFyZ2luOjVweCAwcHg7CnBhZGRpbmc6NXB4Owp9CgojcmFrdXRlbkxpbWl0ZWRJZF9hcm91bmRDYXJ0IHNwYW4uY2hvaWNlOmJlZm9yewpjb250ZW50OiB1cmwoKTsKfQoKLyog17ePvqWrqWClyM/CpKuk6aTOuN+ktSovCgpkaXYgI3Njcm9sbFVwewpib3R0b206IDMwcHg7Cn0KCi8qIJhTzOyXysv3pdCpYKGhpa2pYKXvqWClySAqLwoKZGl2I0hlYWRlcktleXdvcmQgewoJcG9zaXRpb246YWJzb2x1dGU7Cgl0b3A6NTBweDsvKtK7t6zJz6SrpOmkzs671sMqLwoJbGVmdDozMHB4Oy8q1/O2y6SrpOmkzs671sMqLwp9CgpkaXYjSGVhZGVyS2V5d29yZCBzcGFuIHsKCWJhY2tncm91bmQ6ICNiZjAwMDA7Cgljb2xvcjojZmZmOwoJZm9udC13ZWlnaHQ6Ym9sZDsKCXBhZGRpbmc6MnB4IDVweDsKfQoKZGl2I0hlYWRlcktleXdvcmQgYSB7Cgljb2xvcjojMDA0NENDOwp9Cgo8L3N0eWxlPgoKCgoKPCEtLSCloqWvpbultaXqqWCl0algpcSlq6XGpbSl6qlgIC0tPgo8ZGl2IGFsaWduPSJjZW50ZXIiPgo8aW1nIHNyYz0iaHR0cDovL2ltYWdlLnJha3V0ZW4uY28uanAvcGlua21vbmtleS9jYWJpbmV0L2NhdGVnb3J5L2htNzYwLmpwZyIgYWx0PSKloqWvpbultaXqqWCl0algpcTSu9NFpNgiPgo8L2Rpdj4KPGRpdiBhbGlnbj0iY2VudGVyIj4KCjwvZGl2Pgo8IS0tIC+loqWvpbultaXqqWCl0algpcSlq6XGpbSl6qlgIC0tPgoKCjwhLS0gpbel56XDpdSl86WwpaylpKXJIC0tPgoKPCEtLSAvpbel56XDpdSl86WwpaylpKXJIC0tPgoKCgoKCjxkaXYgaWQ9IkhlYWRlcktleXdvcmQiPgo8c3Bhbj7XosS/pM6lralgpe+pYKXJPC9zcGFuPgqlq6Xrpcilyqlgpbil5Qq476TSpOIKpbOpYKXKqWC98L7fCqW3peqls6Xz0M0gpeyluKXzCsfQpOrOxNfWIMS+0XUgpNKk6aSspMoKpb+lw6W7pesKpdylv6XzIKXppcOl16XWpeyluQo8L2Rpdj4KPCEtLSCYU8zsl8rL96XQqWChoaWtqWCl76lgpclFTkQgLS0+,pdal6aWmpfPPtaW5paipYKXJxr2477x+KDNtbbf5JnRpbWVzOzFtKSClvaXVpcilv6Wkpdcgsb647yDFo7jvIMfQpOqJ06TqIDFNhWfOu6G+pOakpqXRpbGlw6XIQYydj+qhv6O6ytbcv7LEwc+kzqSqteogpaKl86W3peOl86XGuaS3vw==,uO+8fiDNqNicpeyluKXzILLEwc+l7KW4pfMg0M2l7KW4pfMgpdGpYKXEpc+l86XJpeGlpKXJILLEwc8g2JyJ06XPpfOlyaXhpaSlySCloqWvpbultaXqqWAgssTBz6XPpfOlyaXhpaSlySCyxMHPILyksLKlz6Xzpcml4aWkpckgpdSloqW5ILLEwc+lz6Xzpcml4aWkpckgpdal7KW5peylw6XIILLEwc+lq6Xrpcilyqlgpbil5SCyxMHPIM2o2Jylt6XqpbOl86XiqWCl66XJIKXspbil87jvvH4gILG+uO+477x+ILyapKSl7KW2qWCls6lgpckgMW1tpeyltqlgpbOpYKXJIMa9paKlr6W7pbWl6qlgIKXRqWClxCDNqNicIKSqpLmkuaThpaKlr6W7pbWl6qlgIL3wvt+l1KWipbkgzKi8iKXUpaKluSClx6Wjpbml16XspaSl7KW4pfMgt+LI6yDL2LLEpdal6aWmpfPPtaW5paipYKXJxr2477x+KDNtbbf5JnRpbWVzOzFtKSClvaXVpcilv6Wkpdcgsb647yDFo7jvIMfQpOqJ06TqIDFNhWfOu6G+pOakpqXRpbGlw6XIQYydj+qhvw==,ob6k5qSmpdGlsaXDpchBjJ2P6qG/oaOl1qXppaal88+1pbmlqKlgpcnGvbjvvH4oM21tt/kmdGltZXM7MW0pIKW9pdWlyKW/paSl1yCxvrjvIMWjuO8gx9Ck6onTpOogMU2FZ867ob6k5qSmpdGlsaXDpchBjJ2P6qG/[rn]
25-29633,aHR0cDovL3RzaG9wLnIxMHMuanAvcGlua21vbmtleS9jYWJpbmV0L2hhbmRtYWRlL2htLTEtNzMtbWF0b21lMC5qcGc/Zml0aW49NzAwOjcwMA==,MTEyLjAwMDA=,,yNXTw8a362rYmz/OxLe/vt8/ytbcvyA+IMrW3L8/pa+l6aXVpcg/yfq12CA+ILLDv3CyxMHPID4gpNKk4g==,peGlv6XqpcOlr6WrpempYEIgpeyltqlgpbOpYKXJzei477x+KDJtbbf5ocExbSmxvrjvIMWjuO8gx9Ck6onTpOogMU2FZ867ob6k5qSmpdGlsaXDpchBjJ2P6qG/,ob6k5qSmpdGlsaXDpchBjJ2P6qG/,PGNlbnRlcj4KPGRpdj4KCjwvZGl2Pgo8L2NlbnRlcj48YnI+CiAgICAgICAgPGRpdiBhbGlnbj0iY2VudGVyIj4KPHRhYmxlIGNlbGxzcGFjaW5nPSIxIiBjZWxscGFkZGluZz0iNSIgd2lkdGg9IjYwMCIgYmdjb2xvcj0iIzAwMDAwMCIgYWxpZ249ImNlbnRlciI+PFRCT0RZPgoKPFRSPgogICAgICA8dGQgYmdjb2xvcj0iI2YwZjBmMCIgYWxpZ249ImNlbnRlciIgd2lkdGg9IjEyMiI+PGZvbnQgY29sb3I9IiM2NjY2NjYiIHNpemU9IjIiPsnMxrfD+zwvZm9udD48L3RkPgogICAgICA8dGQgYmdjb2xvcj0iI2ZmZmZmZiIgd2lkdGg9IjQ1NSI+PEZPTlQgY29sb3I9IzAwMDAwMCIgc2l6ZT0tMT6l4aW/peqlw6Wvpaul6algpeyltqlgpbOpYKXJzei477x+IDIuMG1tt/k8L0ZPTlQ+PC90ZD4KICAgIDwvVFI+CjxUUj4KICAgICAgPHRkIGJnY29sb3I9IiNmMGYwZjAiIGFsaWduPSJjZW50ZXIiIHdpZHRoPSIxMjIiPjxmb250IGNvbG9yPSIjNjY2NjY2IiBzaXplPSIyIj6lq6XpqWA8L2ZvbnQ+PC90ZD4KICAgICAgPHRkIGJnY29sb3I9IiNmZmZmZmYiIHdpZHRoPSI0NTUiPjxGT05UIGNvbG9yPSMwMDAwMDAiIHNpemU9LTE+CqXhpb+l6qXDpa+lsKXsqWAvpeGlv6XqpcOlr6XppaSlyKW/qWCls6WkpbovpeGlv6XqpcOlr6W/qWCls6WkpbovpeGlv6XqpcOlr6XppaSlyKXQpaSlqqXspcOlyC+l4aW/peqlw6WvpemlpKXppcOlry+l4aW/peqlw6Wvpd6lvKXzpb8vpeGlv6XqpcOlr6W1qWCl4qXzpdSl86WvL6Xhpb+l6qXDpa+lwKlgpa+l1KXzpa8vpeGlv6XqpcOlr6XUpfOlry+l4aW/peqlw6WvpdqpYKXrpaSlqKXtqWAvpeGlv6XqpcOlr6XrpdOpYKXspcOlyS+l4aW/peqlw6Wvpaql7KXzpbg8L0ZPTlQ+PC90ZD4KICAgIDwvVFI+CjxUUj4KICAgICAgPHRkIGJnY29sb3I9IiNmMGYwZjAiIGFsaWduPSJjZW50ZXIiIHdpZHRoPSIxMjIiPjxmb250IGNvbG9yPSIjNjY2NjY2IiBzaXplPSIyIj6ltaWkpboovHMpPC9mb250PjwvdGQ+CiAgICAgIDx0ZCBiZ2NvbG9yPSIjZmZmZmZmIiB3aWR0aD0iNDU1Ij48Rk9OVCBjb2xvcj0jMDAwMDAwIApzaXplPS0xPrf5o7oyLjBtbS/pTKO6MW08L0ZPTlQ+PC90ZD4KICAgIDwvVFI+CjxUUj4KICAgICAgPHRkIGJnY29sb3I9IiNmMGYwZjAiIGFsaWduPSJjZW50ZXIiIHdpZHRoPSIxMjIiPjxmb250IGNvbG9yPSIjNjY2NjY2IiBzaXplPSIyIj7JzMa31JS8mjwvZm9udD48L3RkPgogICAgICA8dGQgYmdjb2xvcj0iI2ZmZmZmZiIgd2lkdGg9IjQ1NSI+PEZPTlQgY29sb3I9IzAwMDAwMCAKc2l6ZT0tMT48Yj4xbYVnzrukx6TO2JyJ06THpLmhozwvYj48YnI+CiAgICAgIDxiPtF9yv2CgKTHpLTZj8jrpM6I9rrPpMekraTrpMCksTFthWfOu6THpaulw6XIpLukuqTLpLTZj8jrgoDK/bfWpM7pTKS1pMekqsvNpOqktaS7pMakpKS/pMCkpKTGpKqk6qTepLmhozwvYj48YnI+CgogICAgICA8YnI+CqO8o7zA/aO+o748YnI+CjOCgKS02Y/I66TOiPa6zz8/PzFtocEzsb6kx6TPpMqkrzNtocExsb6kx6TOsGvLzaTHpLmhozwvRk9OVD4gPGJyPgogICAgICA8YnI+CiAgICAgIDxmb250IHNpemU9Ii0xIj6h+bWrpLfU2o7s17SbcqTLpOikw6TGpM/Jz9Ob0tTN4qTHpM6kqr3spLGky6TKpOuI9rrPpOKktKS2pKSk3qS5oaOkvaTO60ikz6SzpMGk6aSrpOmktN9CvWqktaS7pMakpKS/pMCkpKTGpKqk6qTepLmhoyA8YnI+CiAgICAgINPopOGktMHLs9CkpKS/pMCkraTepLmk6KSmpKruiqSkpKSkv6S3pN6kuaGjPC9mb250PiAgICAgIDwvdGQ+CiAgICA8L1RSPgo8VFI+CiAgICAgIDx0ZCBiZ2NvbG9yPSIjZjBmMGYwIiBhbGlnbj0iY2VudGVyIiB3aWR0aD0iMTIyIj48Zm9udCBjb2xvcj0iIzY2NjY2NiIgc2l6ZT0iMiI+y9iyxDwvZm9udD48L3RkPgogICAgICA8dGQgYmdjb2xvcj0iI2ZmZmZmZiIgd2lkdGg9IjQ1NSI+PEZPTlQgY29sb3I9IzAwMDAwMCAKc2l6ZT0tMT7Fo7jvPC9GT05UPjwvdGQ+CiAgICA8L1RSPgo8VFI+CiAgICAgIDx0ZCBiZ2NvbG9yPSIjZjBmMGYwIiBhbGlnbj0iY2VudGVyIiB3aWR0aD0iMTIyIj48Zm9udCBjb2xvcj0iIzY2NjY2NiIgc2l6ZT0iMiI+yfquYrn6PC9mb250PjwvdGQ+CiAgICAgIDx0ZCBiZ2NvbG9yPSIjZmZmZmZmIiB3aWR0aD0iNDU1Ij48Rk9OVCBjb2xvcj0jMDAwMDAwIApzaXplPS0xPm1hZGUgaW4gaW5kaWE8L0ZPTlQ+PC90ZD4KICAgIDwvVFI+CjxUUj4KICAgICAgPHRkIGJnY29sb3I9IiNmMGYwZjAiIGFsaWduPSJjZW50ZXIiIHdpZHRoPSIxMjIiPjxmb250IGNvbG9yPSIjNjY2NjY2IiBzaXplPSIyIj6C5L+8PC9mb250PjwvdGQ+CiAgICAgIDx0ZCBiZ2NvbG9yPSIjZmZmZmZmIiB3aWR0aD0iNDU1Ij48Zm9udCBjb2xvcj0iI2ZmMDAwMCIgc2l6ZT0iLTEiPgqh+aSqyrmkpKTOUEOtaL6zpMuk6KTqjGfrSKTOpKrJq6TIrpCkyqTriPa6z6SspLSktqSkpN6kuaTOpMfT6KThpLTBy7PQpK+kwKS1pKSk3qS7oaM8YnI+CqH5xaO477bAzNikzs/jpOqk5KW3pe+hoqXopey1yKSspKKk64j2us+k4qS0pLakpKTepLmkrMzsyLvL2LLEpM6kyqTppMekz6TOzrakx6S5pM6kx9fz05ukzsDt08mky6TopOu3tca3P727k1Gkz6SqytyksaS3pMakqqTqpN6ku6TzoaM8YnI+CtPopOGktMHLs9CkzqSmpKiktNmPyOukpKS/pMCkraTepLmk6KSmpKruiqSkpKSkv6S3pN6kuaGjPC9mb250PjwvdGQ+CiAgICA8L1RSPgo8L3Rib2R5PjwvdGFibGU+PC9kaXY+Cjxicj48YnI+CjxkaXY+Cgo8L2Rpdj4KPGJyPjxicj4KPGRpdiBhbGlnbj0iY2VudGVyIj4KPGltZyBzcmM9Imh0dHA6Ly9pbWFnZS5yYWt1dGVuLmNvLmpwL3Bpbmttb25rZXkvY2FiaW5ldC9jYXRlZ29yeS82MDBibnItY29yZC5qcGciIGJvcmRlcj0iMCI+PGJyPjxicj4KPGltZyBzcmM9Imh0dHA6Ly9pbWFnZS5yYWt1dGVuLmNvLmpwL3Bpbmttb25rZXkvY2FiaW5ldC9jYXRlZ29yeS82MDAtaG0tZW5kcGFydHMuanBnIiBib3JkZXI9IjAiPjxicj48YnI+CjwvZGl2PjxzdHlsZT4KCi8qyczGt6XaqWCluCovCgpzcGFuLnByaWNlMSB7CglkaXNwbGF5OiBibG9jayAhaW1wb3J0YW50OwoJZm9udC1zaXplOiAxMnB4ICFpbXBvcnRhbnQ7Cgljb2xvcjogI2ZmMDAwMCAhaW1wb3J0YW50OwoJdmVydGljYWwtYWxpZ246IGJvdHRvbSAhaW1wb3J0YW50OwoJbGluZS1oZWlnaHQ6IDEuMmVtICFpbXBvcnRhbnQ7CglwYWRkaW5nLXRvcDogMC42ZW0gIWltcG9ydGFudDsKCXBhZGRpbmctcmlnaHQ6IDFlbSAhaW1wb3J0YW50Owp9CgpzcGFuLnByaWNlMiB7Cglmb250LXNpemU6IDIwcHggIWltcG9ydGFudDsKCWZvbnQtd2VpZ2h0OiBib2xkICFpbXBvcnRhbnQ7Cgljb2xvcjogI2ZmMDAwMCAhaW1wb3J0YW50OwoJdmVydGljYWwtYWxpZ246IGJvdHRvbSAhaW1wb3J0YW50OwoJbGluZS1oZWlnaHQ6IDEuMmVtIWltcG9ydGFudDsKfQoKLyogpKqa3aTLyOuk6snMxre1x+Vou63P8YnkuPwgKi8KYm9keSAjcmFrdXRlbkxpbWl0ZWRJZF9hcm91bmRDYXJ0IGRpdi5ia217CndpZHRoOiAzMDZweCAhaW1wb3J0YW50Owp9CmJvZHkgZGl2LmJvb2ttYXJrQXJlYSBkaXYuYmttIGEuYWRkQmttIHNwYW4uYmttU3RhciB7CndpZHRoOiAzMDZweCAhaW1wb3J0YW50OwpoZWlnaHQ6IDQ4cHggIWltcG9ydGFudDsKYmFja2dyb3VuZDogdXJsKGh0dHA6Ly9pbWFnZS5yYWt1dGVuLmNvLmpwL3Bpbmttb25rZXkvY2FiaW5ldC9mYXZfYnV0dG9uX2FmdGVyMi5naWYpIG5vLXJlcGVhdCAwIDAgIWltcG9ydGFudDsKfQpib2R5IGRpdi5ib29rbWFya0FyZWEgZGl2LmJrbSBhLmFkZEJrbSB7CndpZHRoOiAzMDZweCAhaW1wb3J0YW50OwpoZWlnaHQ6IDQ4cHggIWltcG9ydGFudDsKfQoKLyogpKqa3aTLyOuk6qW3peelw6XXtcflaLutz/GJ5Lj8ICovCmJvZHkgI3Jha3V0ZW5MaW1pdGVkSWRfYXJvdW5kQ2FydCBkaXYuc2hvcEJrbXsKd2lkdGg6IDMwNnB4ICFpbXBvcnRhbnQ7CnBhZGRpbmctbGVmdDogMHB4ICFpbXBvcnRhbnQ7Cn0KYm9keSBkaXYuc2hvcEJvb2ttYXJrQXJlYSBkaXYuc2hvcEJrbSBhLmFkZFNob3BCa20gc3Bhbi5zaG9wQmttU3RhciB7CndpZHRoOiAzMDZweCAhaW1wb3J0YW50OwpoZWlnaHQ6IDQ4cHggIWltcG9ydGFudDsKYmFja2dyb3VuZDogdXJsKGh0dHA6Ly9pbWFnZS5yYWt1dGVuLmNvLmpwL3Bpbmttb25rZXkvY2FiaW5ldC9mYXZzaG9wX2J1dHRvbl9hZnRlci5naWYpIG5vLXJlcGVhdCAwIDAgIWltcG9ydGFudDsKfQpib2R5IGRpdi5zaG9wQm9va21hcmtBcmVhIGRpdi5zaG9wQmttIGEuYWRkU2hvcEJrbSB7CndpZHRoOiAzMDZweCAhaW1wb3J0YW50OwpoZWlnaHQ6IDQ4cHggIWltcG9ydGFudDsKfQoKCi8qIIKAyv3I68GmmdqkzrTzpK2ktSAqLwppbnB1dCN1bml0cyB7CnBhZGRpbmc6IDFweCAwcHg7Cn0KCi8qIKSq2UmkpM7vpKuktKXcpb+l86TOtPOkraS1ICovCmlucHV0IHsKZm9udC1zaXplOiAxN3B4OwpwYWRkaW5nOjEwcHggNDBweDsKd2lkdGg6IGF1dG87CmZvbnQtZmFtaWx5OiKl0qXppa6lzr3HpbQgUHJvIFczIiwgIkhpcmFnaW5vIEtha3UgR290aGljIFBybyIsICKl4aWkpeqlqiIsIE1laXJ5bywgT3Nha2EsICKjzaPTIKPQpbSlt6XDpa8iLCAiTVMgUEdvdGhpYyIsIHNhbnMtc2VyaWYKfQoKLyogobjJzMa3pMukxKSkpMakzoaWpKS6z6TvpLuhuaXcpb+l86TOtPOkraS1Ki8KZm9udCBpbnB1dCB7CmZvbnQtc2l6ZTogMTJweDsKcGFkZGluZzoycHg7CndpZHRoOiAxNTBweDsKfQoKLyqhuO2XxL/feJJr1quyv7fWobkqLwouaW52ZW50b3J5IGlucHV0ewpmb250LXNpemU6IDEycHg7CmJhY2tncm91bmQ6I2ZmZjsKfQoKCi8qIO2XxL/feJJr1qu8e8bapdWlqaXzpciltaWkpboqLwoKdGQuaW52ZW50b3J5IGZvbnR7Zm9udC1zaXplOjEycHg7Y29sb3I6I2ZmMDAwMDt9CgovKiDtl8S/33iSa9arKi8KCiNyYWt1dGVuTGltaXRlZElkX2Fyb3VuZENhcnQgc2VsZWN0IHsKbWFyZ2luOjVweCAwcHg7CnBhZGRpbmc6NXB4Owp9CgojcmFrdXRlbkxpbWl0ZWRJZF9hcm91bmRDYXJ0IHNwYW4uY2hvaWNlOmJlZm9yewpjb250ZW50OiB1cmwoKTsKfQoKLyog17ePvqWrqWClyM/CpKuk6aTOuN+ktSovCgpkaXYgI3Njcm9sbFVwewpib3R0b206IDMwcHg7Cn0KCi8qIJhTzOyXysv3pdCpYKGhpa2pYKXvqWClySAqLwoKZGl2I0hlYWRlcktleXdvcmQgewoJcG9zaXRpb246YWJzb2x1dGU7Cgl0b3A6NTBweDsvKtK7t6zJz6SrpOmkzs671sMqLwoJbGVmdDozMHB4Oy8q1/O2y6SrpOmkzs671sMqLwp9CgpkaXYjSGVhZGVyS2V5d29yZCBzcGFuIHsKCWJhY2tncm91bmQ6ICNiZjAwMDA7Cgljb2xvcjojZmZmOwoJZm9udC13ZWlnaHQ6Ym9sZDsKCXBhZGRpbmc6MnB4IDVweDsKfQoKZGl2I0hlYWRlcktleXdvcmQgYSB7Cgljb2xvcjojMDA0NENDOwp9Cgo8L3N0eWxlPgoKCgoKPCEtLSCloqWvpbultaXqqWCl0algpcSlq6XGpbSl6qlgIC0tPgo8ZGl2IGFsaWduPSJjZW50ZXIiPgo8aW1nIHNyYz0iaHR0cDovL2ltYWdlLnJha3V0ZW4uY28uanAvcGlua21vbmtleS9jYWJpbmV0L2NhdGVnb3J5L2htNzYwLmpwZyIgYWx0PSKloqWvpbultaXqqWCl0algpcTSu9NFpNgiPgo8L2Rpdj4KPGRpdiBhbGlnbj0iY2VudGVyIj4KCjwvZGl2Pgo8IS0tIC+loqWvpbultaXqqWCl0algpcSlq6XGpbSl6qlgIC0tPgoKCjwhLS0gpbel56XDpdSl86WwpaylpKXJIC0tPgoKPCEtLSAvpbel56XDpdSl86WwpaylpKXJIC0tPgoKCgoKCjxkaXYgaWQ9IkhlYWRlcktleXdvcmQiPgo8c3Bhbj7XosS/pM6lralgpe+pYKXJPC9zcGFuPgqlq6Xrpcilyqlgpbil5Qq476TSpOIKpbOpYKXKqWC98L7fCqW3peqls6Xz0M0gpeyluKXzCsfQpOrOxNfWIMS+0XUgpNKk6aSspMoKpb+lw6W7pesKpdylv6XzIKXppcOl16XWpeyluQo8L2Rpdj4KPCEtLSCYU8zsl8rL96XQqWChoaWtqWCl76lgpclFTkQgLS0+,peGlv6XqpcOlr6WrpempYEIgpeyltqlgpbOpYKXJzei477x+KDJtbbf5JnRpbWVzOzFtKbG+uO8gxaO47yDH0KTqidOk6iAxTYVnzruhvqTmpKal0aWxpcOlyEGMnY/qob+jusrW3L+yxMHPpM6kqrXqIKWipfOlt6XjpfOlxrmkt78=,uO+8fiDNqNicpeyluKXzILLEwc+l7KW4pfMg0M2l7KW4pfMgpdGpYKXEpc+l86XJpeGlpKXJILLEwc8g2JyJ06XPpfOlyaXhpaSlySCloqWvpbultaXqqWAgssTBz6XPpfOlyaXhpaSlySCyxMHPILyksLKlz6Xzpcml4aWkpckgpdSloqW5ILLEwc+lz6Xzpcml4aWkpckgpdal7KW5peylw6XIILLEwc+lq6Xrpcilyqlgpbil5SCyxMHPIM2o2Jylt6XqpbOl86XiqWCl66XJIKXspbil87jvvH4gILG+uO+477x+ILyapKSl7KW2qWCls6lgpckgMW1tpeyltqlgpbOpYKXJIMa9paKlr6W7pbWl6qlgIKXRqWClxCDNqNicIKSqpLmkuaThpaKlr6W7pbWl6qlgIL3wvt+l1KWipbkgzKi8iKXUpaKluSClx6Wjpbml16XspaSl7KW4pfMgt+LI6yDL2LLEpeGlv6XqpcOlr6WrpempYEIgpeyltqlgpbOpYKXJzei477x+KDJtbbf5JnRpbWVzOzFtKbG+uO8gxaO47yDH0KTqidOk6iAxTYVnzruhvqTmpKal0aWxpcOlyEGMnY/qob8=,ob6k5qSmpdGlsaXDpchBjJ2P6qG/oaOl4aW/peqlw6Wvpaul6algQiCl7KW2qWCls6lgpcnN6LjvvH4oMm1tt/kmdGltZXM7MW0psb647yDFo7jvIMfQpOqJ06TqIDFNhWfOu6G+pOakpqXRpbGlw6XIQYydj+qhvw==[rn]
25-29634,aHR0cDovL3RzaG9wLnIxMHMuanAvcGlua21vbmtleS9jYWJpbmV0L2hhbmRtYWRlL2htLTEtODItbWF0b21lMG4uanBnP2ZpdGluPTcwMDo3MDA=,MTM2LjAwMDA=,,yNXTw8a362rYmz/OxLe/vt8/ytbcvyA+IMrW3L8/pa+l6aXVpcg/yfq12CA+ILLDv3CyxMHPID4gpNKk4g==,paKl86XGpaOpYKWvpaul6algpeyltqlgpbOpYKXJzei477x+KDNtbbf5ocExbSmxvrjvIMWjuO8gx9Ck6onTpOogMU2FZ867ob6k5qSmpdGlsaXDpchBjJ2P6qG/,ob6k5qSmpdGlsaXDpchBjJ2P6qG/,PGNlbnRlcj4KPGRpdj4KCjwvZGl2Pgo8L2NlbnRlcj48YnI+CiAgICAgICAgPGRpdiBhbGlnbj0iY2VudGVyIj4KPHRhYmxlIGNlbGxzcGFjaW5nPSIxIiBjZWxscGFkZGluZz0iNSIgd2lkdGg9IjYwMCIgYmdjb2xvcj0iIzAwMDAwMCIgYWxpZ249ImNlbnRlciI+PFRCT0RZPgoKPFRSPgogICAgICA8dGQgYmdjb2xvcj0iI2YwZjBmMCIgYWxpZ249ImNlbnRlciIgd2lkdGg9IjEyMiI+PGZvbnQgY29sb3I9IiM2NjY2NjYiIHNpemU9IjIiPsnMxrfD+zwvZm9udD48L3RkPgogICAgICA8dGQgYmdjb2xvcj0iI2ZmZmZmZiIgd2lkdGg9IjQ1NSI+PEZPTlQgY29sb3I9IzAwMDAwMCIgc2l6ZT0tMT6loqXzpcalo6lgpa+lq6XpqWCl7KW2qWCls6lgpcnN6LjvvH4gMy4wbW23+TwvRk9OVD48L3RkPgogICAgPC9UUj4KPFRSPgogICAgICA8dGQgYmdjb2xvcj0iI2YwZjBmMCIgYWxpZ249ImNlbnRlciIgd2lkdGg9IjEyMiI+PGZvbnQgY29sb3I9IiM2NjY2NjYiIHNpemU9IjIiPqWrpempYDwvZm9udD48L3RkPgogICAgICA8dGQgYmdjb2xvcj0iI2ZmZmZmZiIgd2lkdGg9IjQ1NSI+PEZPTlQgY29sb3I9IzAwMDAwMCIgc2l6ZT0tMT4Kpdal6aWmpfOloqXzpcalo6lgpa8vpcCpYKWvpdal6aWmpfOloqXzpcalo6lgpa8vpdal6aXDpa+l1qXppaal86WipfOlxqWjqWClry+l1qXppcOlr6WipfOlxqWjqWClrzwvRk9OVD48L3RkPgogICAgPC9UUj4KPFRSPgogICAgICA8dGQgYmdjb2xvcj0iI2YwZjBmMCIgYWxpZ249ImNlbnRlciIgd2lkdGg9IjEyMiI+PGZvbnQgY29sb3I9IiM2NjY2NjYiIHNpemU9IjIiPqW1paSluii8cyk8L2ZvbnQ+PC90ZD4KICAgICAgPHRkIGJnY29sb3I9IiNmZmZmZmYiIHdpZHRoPSI0NTUiPjxGT05UIGNvbG9yPSMwMDAwMDAgCnNpemU9LTE+t/mjujMuMG1tL+lMo7oxbTwvRk9OVD48L3RkPgogICAgPC9UUj4KPFRSPgogICAgICA8dGQgYmdjb2xvcj0iI2YwZjBmMCIgYWxpZ249ImNlbnRlciIgd2lkdGg9IjEyMiI+PGZvbnQgY29sb3I9IiM2NjY2NjYiIHNpemU9IjIiPsnMxrfUlLyaPC9mb250PjwvdGQ+CiAgICAgIDx0ZCBiZ2NvbG9yPSIjZmZmZmZmIiB3aWR0aD0iNDU1Ij48Rk9OVCBjb2xvcj0jMDAwMDAwIApzaXplPS0xPjxiPjFthWfOu6THpM7YnInTpMekuaGjPC9iPjxicj4KICAgICAgPGI+0X3K/YKApMektNmPyOukzoj2us+kx6StpOukwKSxMW2FZ867pMelq6XDpciku6S6pMuktNmPyOuCgMr9t9akzulMpLWkx6Sqy82k6qS1pLukxqSkpL+kwKSkpMakqqTqpN6kuaGjPC9iPjxicj4KCiAgICAgIDxicj4Ko7yjvMD9o76jvjxicj4KM4KApLTZj8jrpM6I9rrPPz8/MW2hwTOxvqTHpM+kyqSvM22hwTGxvqTHpM6wa8vNpMekuaGjPC9GT05UPiA8YnI+CiAgICAgIDxicj4KICAgICAgPGZvbnQgc2l6ZT0iLTEiPqH5taukt9TajuzXtJtypMuk6KTDpMakz8nP05vS1M3ipMekzqSqveyksaTLpMqk64j2us+k4qS0pLakpKTepLmho6S9pM7rSKTPpLOkwaTppKuk6aS030K9aqS1pLukxqSkpL+kwKSkpMakqqTqpN6kuaGjIDxicj4KICAgICAg0+ik4aS0wcuz0KSkpL+kwKStpN6kuaTopKakqu6KpKSkpKS/pLek3qS5oaM8L2ZvbnQ+ICAgICAgPC90ZD4KICAgIDwvVFI+CjxUUj4KICAgICAgPHRkIGJnY29sb3I9IiNmMGYwZjAiIGFsaWduPSJjZW50ZXIiIHdpZHRoPSIxMjIiPjxmb250IGNvbG9yPSIjNjY2NjY2IiBzaXplPSIyIj7L2LLEPC9mb250PjwvdGQ+CiAgICAgIDx0ZCBiZ2NvbG9yPSIjZmZmZmZmIiB3aWR0aD0iNDU1Ij48Rk9OVCBjb2xvcj0jMDAwMDAwIApzaXplPS0xPsWjuO88L0ZPTlQ+PC90ZD4KICAgIDwvVFI+CjxUUj4KICAgICAgPHRkIGJnY29sb3I9IiNmMGYwZjAiIGFsaWduPSJjZW50ZXIiIHdpZHRoPSIxMjIiPjxmb250IGNvbG9yPSIjNjY2NjY2IiBzaXplPSIyIj7J+q5iufo8L2ZvbnQ+PC90ZD4KICAgICAgPHRkIGJnY29sb3I9IiNmZmZmZmYiIHdpZHRoPSI0NTUiPjxGT05UIGNvbG9yPSMwMDAwMDAgCnNpemU9LTE+bWFkZSBpbiBpbmRpYTwvRk9OVD48L3RkPgogICAgPC9UUj4KPFRSPgogICAgICA8dGQgYmdjb2xvcj0iI2YwZjBmMCIgYWxpZ249ImNlbnRlciIgd2lkdGg9IjEyMiI+PGZvbnQgY29sb3I9IiM2NjY2NjYiIHNpemU9IjIiPoLkv7w8L2ZvbnQ+PC90ZD4KICAgICAgPHRkIGJnY29sb3I9IiNmZmZmZmYiIHdpZHRoPSI0NTUiPjxmb250IGNvbG9yPSIjZmYwMDAwIiBzaXplPSItMSI+CqH5pKrKuaSkpM5QQ61ovrOky6TopOqMZ+tIpM6kqsmrpMiukKTKpOuI9rrPpKyktKS2pKSk3qS5pM6kx9PopOGktMHLs9Ckr6TApLWkpKTepLuhozxicj4KofnFo7jvtsDM2KTOz+Ok6qTkpbel76Gipeil7LXIpKykoqTriPa6z6TipLSktqSkpN6kuaSszOzIu8vYssSkzqTKpOmkx6TPpM7OtqTHpLmkzqTH1/PTm6TOwO3TyaTLpOik67e1xrc/vbuTUaTPpKrK3KSxpLekxqSqpOqk3qS7pPOhozxicj4K0+ik4aS0wcuz0KTOpKakqKS02Y/I66SkpL+kwKStpN6kuaTopKakqu6KpKSkpKS/pLek3qS5oaM8L2ZvbnQ+PC90ZD4KICAgIDwvVFI+CjwvdGJvZHk+PC90YWJsZT48L2Rpdj4KPGJyPjxicj4KPGRpdj4KCjwvZGl2Pgo8YnI+PGJyPgo8ZGl2IGFsaWduPSJjZW50ZXIiPgo8aW1nIHNyYz0iaHR0cDovL2ltYWdlLnJha3V0ZW4uY28uanAvcGlua21vbmtleS9jYWJpbmV0L2NhdGVnb3J5LzYwMGJuci1jb3JkLmpwZyIgYm9yZGVyPSIwIj48YnI+PGJyPgo8aW1nIHNyYz0iaHR0cDovL2ltYWdlLnJha3V0ZW4uY28uanAvcGlua21vbmtleS9jYWJpbmV0L2NhdGVnb3J5LzYwMC1obS1lbmRwYXJ0cy5qcGciIGJvcmRlcj0iMCI+PGJyPjxicj4KPC9kaXY+PHN0eWxlPgoKLyrJzMa3pdqpYKW4Ki8KCnNwYW4ucHJpY2UxIHsKCWRpc3BsYXk6IGJsb2NrICFpbXBvcnRhbnQ7Cglmb250LXNpemU6IDEycHggIWltcG9ydGFudDsKCWNvbG9yOiAjZmYwMDAwICFpbXBvcnRhbnQ7Cgl2ZXJ0aWNhbC1hbGlnbjogYm90dG9tICFpbXBvcnRhbnQ7CglsaW5lLWhlaWdodDogMS4yZW0gIWltcG9ydGFudDsKCXBhZGRpbmctdG9wOiAwLjZlbSAhaW1wb3J0YW50OwoJcGFkZGluZy1yaWdodDogMWVtICFpbXBvcnRhbnQ7Cn0KCnNwYW4ucHJpY2UyIHsKCWZvbnQtc2l6ZTogMjBweCAhaW1wb3J0YW50OwoJZm9udC13ZWlnaHQ6IGJvbGQgIWltcG9ydGFudDsKCWNvbG9yOiAjZmYwMDAwICFpbXBvcnRhbnQ7Cgl2ZXJ0aWNhbC1hbGlnbjogYm90dG9tICFpbXBvcnRhbnQ7CglsaW5lLWhlaWdodDogMS4yZW0haW1wb3J0YW50Owp9CgovKiCkqprdpMvI66TqyczGt7XH5Wi7rc/xieS4/CAqLwpib2R5ICNyYWt1dGVuTGltaXRlZElkX2Fyb3VuZENhcnQgZGl2LmJrbXsKd2lkdGg6IDMwNnB4ICFpbXBvcnRhbnQ7Cn0KYm9keSBkaXYuYm9va21hcmtBcmVhIGRpdi5ia20gYS5hZGRCa20gc3Bhbi5ia21TdGFyIHsKd2lkdGg6IDMwNnB4ICFpbXBvcnRhbnQ7CmhlaWdodDogNDhweCAhaW1wb3J0YW50OwpiYWNrZ3JvdW5kOiB1cmwoaHR0cDovL2ltYWdlLnJha3V0ZW4uY28uanAvcGlua21vbmtleS9jYWJpbmV0L2Zhdl9idXR0b25fYWZ0ZXIyLmdpZikgbm8tcmVwZWF0IDAgMCAhaW1wb3J0YW50Owp9CmJvZHkgZGl2LmJvb2ttYXJrQXJlYSBkaXYuYmttIGEuYWRkQmttIHsKd2lkdGg6IDMwNnB4ICFpbXBvcnRhbnQ7CmhlaWdodDogNDhweCAhaW1wb3J0YW50Owp9CgovKiCkqprdpMvI66Tqpbel56XDpde1x+Vou63P8YnkuPwgKi8KYm9keSAjcmFrdXRlbkxpbWl0ZWRJZF9hcm91bmRDYXJ0IGRpdi5zaG9wQmttewp3aWR0aDogMzA2cHggIWltcG9ydGFudDsKcGFkZGluZy1sZWZ0OiAwcHggIWltcG9ydGFudDsKfQpib2R5IGRpdi5zaG9wQm9va21hcmtBcmVhIGRpdi5zaG9wQmttIGEuYWRkU2hvcEJrbSBzcGFuLnNob3BCa21TdGFyIHsKd2lkdGg6IDMwNnB4ICFpbXBvcnRhbnQ7CmhlaWdodDogNDhweCAhaW1wb3J0YW50OwpiYWNrZ3JvdW5kOiB1cmwoaHR0cDovL2ltYWdlLnJha3V0ZW4uY28uanAvcGlua21vbmtleS9jYWJpbmV0L2ZhdnNob3BfYnV0dG9uX2FmdGVyLmdpZikgbm8tcmVwZWF0IDAgMCAhaW1wb3J0YW50Owp9CmJvZHkgZGl2LnNob3BCb29rbWFya0FyZWEgZGl2LnNob3BCa20gYS5hZGRTaG9wQmttIHsKd2lkdGg6IDMwNnB4ICFpbXBvcnRhbnQ7CmhlaWdodDogNDhweCAhaW1wb3J0YW50Owp9CgoKLyoggoDK/cjrwaaZ2qTOtPOkraS1ICovCmlucHV0I3VuaXRzIHsKcGFkZGluZzogMXB4IDBweDsKfQoKLyogpKrZSaSkzu+kq6S0pdylv6XzpM6086StpLUgKi8KaW5wdXQgewpmb250LXNpemU6IDE3cHg7CnBhZGRpbmc6MTBweCA0MHB4Owp3aWR0aDogYXV0bzsKZm9udC1mYW1pbHk6IqXSpemlrqXOvceltCBQcm8gVzMiLCAiSGlyYWdpbm8gS2FrdSBHb3RoaWMgUHJvIiwgIqXhpaSl6qWqIiwgTWVpcnlvLCBPc2FrYSwgIqPNo9Mgo9CltKW3pcOlryIsICJNUyBQR290aGljIiwgc2Fucy1zZXJpZgp9CgovKiChuMnMxreky6TEpKSkxqTOhpakpLrPpO+ku6G5pdylv6XzpM6086StpLUqLwpmb250IGlucHV0IHsKZm9udC1zaXplOiAxMnB4OwpwYWRkaW5nOjJweDsKd2lkdGg6IDE1MHB4Owp9CgovKqG47ZfEv994kmvWq7K/t9ahuSovCi5pbnZlbnRvcnkgaW5wdXR7CmZvbnQtc2l6ZTogMTJweDsKYmFja2dyb3VuZDojZmZmOwp9CgoKLyog7ZfEv994kmvWq7x7xtql1aWppfOlyKW1paSluiovCgp0ZC5pbnZlbnRvcnkgZm9udHtmb250LXNpemU6MTJweDtjb2xvcjojZmYwMDAwO30KCi8qIO2XxL/feJJr1qsqLwoKI3Jha3V0ZW5MaW1pdGVkSWRfYXJvdW5kQ2FydCBzZWxlY3QgewptYXJnaW46NXB4IDBweDsKcGFkZGluZzo1cHg7Cn0KCiNyYWt1dGVuTGltaXRlZElkX2Fyb3VuZENhcnQgc3Bhbi5jaG9pY2U6YmVmb3J7CmNvbnRlbnQ6IHVybCgpOwp9CgovKiDXt4++paupYKXIz8Kkq6TppM6436S1Ki8KCmRpdiAjc2Nyb2xsVXB7CmJvdHRvbTogMzBweDsKfQoKLyogmFPM7JfKy/el0KlgoaGlralgpe+pYKXJICovCgpkaXYjSGVhZGVyS2V5d29yZCB7Cglwb3NpdGlvbjphYnNvbHV0ZTsKCXRvcDo1MHB4Oy8q0ru3rMnPpKuk6aTOzrvWwyovCglsZWZ0OjMwcHg7LyrX87bLpKuk6aTOzrvWwyovCn0KCmRpdiNIZWFkZXJLZXl3b3JkIHNwYW4gewoJYmFja2dyb3VuZDogI2JmMDAwMDsKCWNvbG9yOiNmZmY7Cglmb250LXdlaWdodDpib2xkOwoJcGFkZGluZzoycHggNXB4Owp9CgpkaXYjSGVhZGVyS2V5d29yZCBhIHsKCWNvbG9yOiMwMDQ0Q0M7Cn0KCjwvc3R5bGU+CgoKCgo8IS0tIKWipa+lu6W1peqpYKXRqWClxKWrpcaltKXqqWAgLS0+CjxkaXYgYWxpZ249ImNlbnRlciI+CjxpbWcgc3JjPSJodHRwOi8vaW1hZ2UucmFrdXRlbi5jby5qcC9waW5rbW9ua2V5L2NhYmluZXQvY2F0ZWdvcnkvaG03NjAuanBnIiBhbHQ9IqWipa+lu6W1peqpYKXRqWClxNK700Wk2CI+CjwvZGl2Pgo8ZGl2IGFsaWduPSJjZW50ZXIiPgoKPC9kaXY+CjwhLS0gL6Wipa+lu6W1peqpYKXRqWClxKWrpcaltKXqqWAgLS0+CgoKPCEtLSClt6XnpcOl1KXzpbClrKWkpckgLS0+Cgo8IS0tIC+lt6XnpcOl1KXzpbClrKWkpckgLS0+CgoKCgoKPGRpdiBpZD0iSGVhZGVyS2V5d29yZCI+CjxzcGFuPteixL+kzqWtqWCl76lgpck8L3NwYW4+CqWrpeulyKXKqWCluKXlCrjvpNKk4gqls6lgpcqpYL3wvt8Kpbel6qWzpfPQzSCl7KW4pfMKx9Ck6s7E19YgxL7RdSCk0qTppKykygqlv6XDpbul6wql3KW/pfMgpemlw6XXpdal7KW5CjwvZGl2Pgo8IS0tIJhTzOyXysv3pdCpYKGhpa2pYKXvqWClyUVORCAtLT4=,paKl86XGpaOpYKWvpaul6algpeyltqlgpbOpYKXJzei477x+KDNtbbf5JnRpbWVzOzFtKbG+uO8gxaO47yDH0KTqidOk6iAxTYVnzruhvqTmpKal0aWxpcOlyEGMnY/qob+jusrW3L+yxMHPpM6kqrXqIKWipfOlt6XjpfOlxrmkt78=,uO+8fiDNqNicpeyluKXzILLEwc+l7KW4pfMg0M2l7KW4pfMgpdGpYKXEpc+l86XJpeGlpKXJILLEwc8g2JyJ06XPpfOlyaXhpaSlySCloqWvpbultaXqqWAgssTBz6XPpfOlyaXhpaSlySCyxMHPILyksLKlz6Xzpcml4aWkpckgpdSloqW5ILLEwc+lz6Xzpcml4aWkpckgpdal7KW5peylw6XIILLEwc+lq6Xrpcilyqlgpbil5SCyxMHPIM2o2Jylt6XqpbOl86XiqWCl66XJIKXspbil87jvvH4gILG+uO+477x+ILyapKSl7KW2qWCls6lgpckgMW1tpeyltqlgpbOpYKXJIMa9paKlr6W7pbWl6qlgIKXRqWClxCDNqNicIKSqpLmkuaThpaKlr6W7pbWl6qlgIL3wvt+l1KWipbkgzKi8iKXUpaKluSClx6Wjpbml16XspaSl7KW4pfMgt+LI6yDL2LLEpaKl86XGpaOpYKWvpaul6algpeyltqlgpbOpYKXJzei477x+KDNtbbf5JnRpbWVzOzFtKbG+uO8gxaO47yDH0KTqidOk6iAxTYVnzruhvqTmpKal0aWxpcOlyEGMnY/qob8=,ob6k5qSmpdGlsaXDpchBjJ2P6qG/oaOloqXzpcalo6lgpa+lq6XpqWCl7KW2qWCls6lgpcnN6LjvvH4oM21tt/kmdGltZXM7MW0psb647yDFo7jvIMfQpOqJ06TqIDFNhWfOu6G+pOakpqXRpbGlw6XIQYydj+qhvw==[rn]
25-29635,aHR0cDovL3RzaG9wLnIxMHMuanAvcGlua21vbmtleS9jYWJpbmV0L2hhbmRtYWRlL2htLTUtMzUuanBnP2ZpdGluPTcwMDo3MDA=,OTYuMDAwMA==,,yNXTw8a362rYmz/OxLe/vt8/ytbcvyA+IMrW3L8/pa+l6aXVpcg/yfq12CA+ILLDv3CyxMHPID4gpNKk4g==,peylrqXlpempYKWrpempYEIgpeyltqlgpbOpYKXJzei477x+KDEuNW1tt/mhwTFtKbG+uO8gxaO47yDH0KTqidOk6iAxTYVnzruhvqTmpKal0aWxpcOlyEGMnY/qob8=,ob6k5qSmpdGlsaXDpchBjJ2P6qG/,PGNlbnRlcj4KPGRpdj4KCjwvZGl2Pgo8L2NlbnRlcj48YnI+CiAgICAgICAgPGRpdiBhbGlnbj0iY2VudGVyIj4KPHRhYmxlIGNlbGxzcGFjaW5nPSIxIiBjZWxscGFkZGluZz0iNSIgd2lkdGg9IjYwMCIgYmdjb2xvcj0iIzAwMDAwMCIgYWxpZ249ImNlbnRlciI+PFRCT0RZPgoKPFRSPgogICAgICA8dGQgYmdjb2xvcj0iI2YwZjBmMCIgYWxpZ249ImNlbnRlciIgd2lkdGg9IjEyMiI+PGZvbnQgY29sb3I9IiM2NjY2NjYiIHNpemU9IjIiPsnMxrfD+zwvZm9udD48L3RkPgogICAgICA8dGQgYmdjb2xvcj0iI2ZmZmZmZiIgd2lkdGg9IjQ1NSI+PEZPTlQgY29sb3I9IzAwMDAwMCIgc2l6ZT0tMT6l7KWupeWl6algpaul6algpeyltqlgpbOpYKXJzei477x+IDEuNW1tt/k8L0ZPTlQ+PC90ZD4KICAgIDwvVFI+CjxUUj4KICAgICAgPHRkIGJnY29sb3I9IiNmMGYwZjAiIGFsaWduPSJjZW50ZXIiIHdpZHRoPSIxMjIiPjxmb250IGNvbG9yPSIjNjY2NjY2IiBzaXplPSIyIj6lq6XpqWA8L2ZvbnQ+PC90ZD4KICAgICAgPHRkIGJnY29sb3I9IiNmZmZmZmYiIHdpZHRoPSI0NTUiPjxGT05UIGNvbG9yPSMwMDAwMDAiIHNpemU9LTE+CqXppaSlyKXZqWCluKXlL6XppaSlyKXRqWCl16XrL6XAqWClr6W/pfMvpbepYKWwpeqpYKXzL6XppaSlyKWwpeypYC+l6aXUpbml1qXrqWAvpemlpKXIpb+pYKWzpaSlui+lqqlgpbel46Xzpdal66lgL6XtpaSl5KXrpdal66lgPC9GT05UPjxicj48YnI+Ci0qLSotKi0qLSotKi0qLSo8YnI+CrjvpNKk4jEuNW1tt/ml7KWupeWl6algpaul6algPGJyPgrL+6TOyaukz6SzpMGk6Txicj4KLSotKi0qLSotKi0qLSotKjxicj4KPC90ZD4KICAgIDwvVFI+CjxUUj4KICAgICAgPHRkIGJnY29sb3I9IiNmMGYwZjAiIGFsaWduPSJjZW50ZXIiIHdpZHRoPSIxMjIiPjxmb250IGNvbG9yPSIjNjY2NjY2IiBzaXplPSIyIj6ltaWkpboovHMpPC9mb250PjwvdGQ+CiAgICAgIDx0ZCBiZ2NvbG9yPSIjZmZmZmZmIiB3aWR0aD0iNDU1Ij48Rk9OVCBjb2xvcj0jMDAwMDAwIApzaXplPS0xPrf5o7oxLjVtbS/pTKO6MW08L0ZPTlQ+PC90ZD4KICAgIDwvVFI+CjxUUj4KICAgICAgPHRkIGJnY29sb3I9IiNmMGYwZjAiIGFsaWduPSJjZW50ZXIiIHdpZHRoPSIxMjIiPjxmb250IGNvbG9yPSIjNjY2NjY2IiBzaXplPSIyIj7JzMa31JS8mjwvZm9udD48L3RkPgogICAgICA8dGQgYmdjb2xvcj0iI2ZmZmZmZiIgd2lkdGg9IjQ1NSI+PEZPTlQgY29sb3I9IzAwMDAwMCAKc2l6ZT0tMT48Yj4xbYVnzrukx6TO2JyJ06THpLmhozwvYj48YnI+CiAgICAgIDxiPtF9yv2CgKTHpLTZj8jrpM6I9rrPpMekraTrpMCksTFthWfOu6THpaulw6XIpLukuqTLpLTZj8jrgoDK/bfWpM7pTKS1pMekqsvNpOqktaS7pMakpKS/pMCkpKTGpKqk6qTepLmhozwvYj48YnI+CgogICAgICA8YnI+CqO8o7zA/aO+o748YnI+CjOCgKS02Y/I66TOiPa6zz8/PzFtocEzsb6kx6TPpMqkrzNtocExsb6kx6TOsGvLzaTHpLmhozwvRk9OVD4gPGJyPgogICAgICA8YnI+CiAgICAgIDxmb250IHNpemU9Ii0xIj6h+bWrpLfU2o7s17SbcqTLpOikw6TGpM/Jz9Ob0tTN4qTHpM6kqr3spLGky6TKpOuI9rrPpOKktKS2pKSk3qS5oaOkvaTO60ikz6SzpMGk6aSrpOmktN9CvWqktaS7pMakpKS/pMCkpKTGpKqk6qTepLmhoyA8YnI+CiAgICAgINPopOGktMHLs9CkpKS/pMCkraTepLmk6KSmpKruiqSkpKSkv6S3pN6kuaGjPC9mb250PiAgICAgIDwvdGQ+CiAgICA8L1RSPgo8VFI+CiAgICAgIDx0ZCBiZ2NvbG9yPSIjZjBmMGYwIiBhbGlnbj0iY2VudGVyIiB3aWR0aD0iMTIyIj48Zm9udCBjb2xvcj0iIzY2NjY2NiIgc2l6ZT0iMiI+y9iyxDwvZm9udD48L3RkPgogICAgICA8dGQgYmdjb2xvcj0iI2ZmZmZmZiIgd2lkdGg9IjQ1NSI+PEZPTlQgY29sb3I9IzAwMDAwMCAKc2l6ZT0tMT7Fo7jvPC9GT05UPjwvdGQ+CiAgICA8L1RSPgo8VFI+CiAgICAgIDx0ZCBiZ2NvbG9yPSIjZjBmMGYwIiBhbGlnbj0iY2VudGVyIiB3aWR0aD0iMTIyIj48Zm9udCBjb2xvcj0iIzY2NjY2NiIgc2l6ZT0iMiI+yfquYrn6PC9mb250PjwvdGQ+CiAgICAgIDx0ZCBiZ2NvbG9yPSIjZmZmZmZmIiB3aWR0aD0iNDU1Ij48Rk9OVCBjb2xvcj0jMDAwMDAwIApzaXplPS0xPm1hZGUgaW4gaW5kaWE8L0ZPTlQ+PC90ZD4KICAgIDwvVFI+CjxUUj4KICAgICAgPHRkIGJnY29sb3I9IiNmMGYwZjAiIGFsaWduPSJjZW50ZXIiIHdpZHRoPSIxMjIiPjxmb250IGNvbG9yPSIjNjY2NjY2IiBzaXplPSIyIj6C5L+8PC9mb250PjwvdGQ+CiAgICAgIDx0ZCBiZ2NvbG9yPSIjZmZmZmZmIiB3aWR0aD0iNDU1Ij48Zm9udCBjb2xvcj0iI2ZmMDAwMCIgc2l6ZT0iLTEiPgqh+aSqyrmkpKTOUEOtaL6zpMuk6KTqjGfrSKTOpKrJq6TIrpCkyqTriPa6z6SspLSktqSkpN6kuaTOpMfT6KThpLTBy7PQpK+kwKS1pKSk3qS7oaM8YnI+CqH5xaO477bAzNikzs/jpOqk5KW3pe+hoqXopey1yKSspKKk64j2us+k4qS0pLakpKTepLmkrMzsyLvL2LLEpM6kyqTppMekz6TOzrakx6S5pM6kx9fz05ukzsDt08mky6TopOu3tca3P727k1Gkz6SqytyksaS3pMakqqTqpN6ku6TzoaM8YnI+CtPopOGktMHLs9CkzqSmpKiktNmPyOukpKS/pMCkraTepLmk6KSmpKruiqSkpKSkv6S3pN6kuaGjPC9mb250PjwvdGQ+CiAgICA8L1RSPgo8L3Rib2R5PjwvdGFibGU+PC9kaXY+Cjxicj48YnI+CjxkaXY+Cgo8L2Rpdj4KPGJyPjxicj4KPGRpdiBhbGlnbj0iY2VudGVyIj4KPGltZyBzcmM9Imh0dHA6Ly9pbWFnZS5yYWt1dGVuLmNvLmpwL3Bpbmttb25rZXkvY2FiaW5ldC9jYXRlZ29yeS82MDBibnItY29yZC5qcGciIGJvcmRlcj0iMCI+PGJyPjxicj4KPGltZyBzcmM9Imh0dHA6Ly9pbWFnZS5yYWt1dGVuLmNvLmpwL3Bpbmttb25rZXkvY2FiaW5ldC9jYXRlZ29yeS82MDAtaG0tZW5kcGFydHMuanBnIiBib3JkZXI9IjAiPjxicj48YnI+CjwvZGl2PjxzdHlsZT4KCi8qyczGt6XaqWCluCovCgpzcGFuLnByaWNlMSB7CglkaXNwbGF5OiBibG9jayAhaW1wb3J0YW50OwoJZm9udC1zaXplOiAxMnB4ICFpbXBvcnRhbnQ7Cgljb2xvcjogI2ZmMDAwMCAhaW1wb3J0YW50OwoJdmVydGljYWwtYWxpZ246IGJvdHRvbSAhaW1wb3J0YW50OwoJbGluZS1oZWlnaHQ6IDEuMmVtICFpbXBvcnRhbnQ7CglwYWRkaW5nLXRvcDogMC42ZW0gIWltcG9ydGFudDsKCXBhZGRpbmctcmlnaHQ6IDFlbSAhaW1wb3J0YW50Owp9CgpzcGFuLnByaWNlMiB7Cglmb250LXNpemU6IDIwcHggIWltcG9ydGFudDsKCWZvbnQtd2VpZ2h0OiBib2xkICFpbXBvcnRhbnQ7Cgljb2xvcjogI2ZmMDAwMCAhaW1wb3J0YW50OwoJdmVydGljYWwtYWxpZ246IGJvdHRvbSAhaW1wb3J0YW50OwoJbGluZS1oZWlnaHQ6IDEuMmVtIWltcG9ydGFudDsKfQoKLyogpKqa3aTLyOuk6snMxre1x+Vou63P8YnkuPwgKi8KYm9keSAjcmFrdXRlbkxpbWl0ZWRJZF9hcm91bmRDYXJ0IGRpdi5ia217CndpZHRoOiAzMDZweCAhaW1wb3J0YW50Owp9CmJvZHkgZGl2LmJvb2ttYXJrQXJlYSBkaXYuYmttIGEuYWRkQmttIHNwYW4uYmttU3RhciB7CndpZHRoOiAzMDZweCAhaW1wb3J0YW50OwpoZWlnaHQ6IDQ4cHggIWltcG9ydGFudDsKYmFja2dyb3VuZDogdXJsKGh0dHA6Ly9pbWFnZS5yYWt1dGVuLmNvLmpwL3Bpbmttb25rZXkvY2FiaW5ldC9mYXZfYnV0dG9uX2FmdGVyMi5naWYpIG5vLXJlcGVhdCAwIDAgIWltcG9ydGFudDsKfQpib2R5IGRpdi5ib29rbWFya0FyZWEgZGl2LmJrbSBhLmFkZEJrbSB7CndpZHRoOiAzMDZweCAhaW1wb3J0YW50OwpoZWlnaHQ6IDQ4cHggIWltcG9ydGFudDsKfQoKLyogpKqa3aTLyOuk6qW3peelw6XXtcflaLutz/GJ5Lj8ICovCmJvZHkgI3Jha3V0ZW5MaW1pdGVkSWRfYXJvdW5kQ2FydCBkaXYuc2hvcEJrbXsKd2lkdGg6IDMwNnB4ICFpbXBvcnRhbnQ7CnBhZGRpbmctbGVmdDogMHB4ICFpbXBvcnRhbnQ7Cn0KYm9keSBkaXYuc2hvcEJvb2ttYXJrQXJlYSBkaXYuc2hvcEJrbSBhLmFkZFNob3BCa20gc3Bhbi5zaG9wQmttU3RhciB7CndpZHRoOiAzMDZweCAhaW1wb3J0YW50OwpoZWlnaHQ6IDQ4cHggIWltcG9ydGFudDsKYmFja2dyb3VuZDogdXJsKGh0dHA6Ly9pbWFnZS5yYWt1dGVuLmNvLmpwL3Bpbmttb25rZXkvY2FiaW5ldC9mYXZzaG9wX2J1dHRvbl9hZnRlci5naWYpIG5vLXJlcGVhdCAwIDAgIWltcG9ydGFudDsKfQpib2R5IGRpdi5zaG9wQm9va21hcmtBcmVhIGRpdi5zaG9wQmttIGEuYWRkU2hvcEJrbSB7CndpZHRoOiAzMDZweCAhaW1wb3J0YW50OwpoZWlnaHQ6IDQ4cHggIWltcG9ydGFudDsKfQoKCi8qIIKAyv3I68GmmdqkzrTzpK2ktSAqLwppbnB1dCN1bml0cyB7CnBhZGRpbmc6IDFweCAwcHg7Cn0KCi8qIKSq2UmkpM7vpKuktKXcpb+l86TOtPOkraS1ICovCmlucHV0IHsKZm9udC1zaXplOiAxN3B4OwpwYWRkaW5nOjEwcHggNDBweDsKd2lkdGg6IGF1dG87CmZvbnQtZmFtaWx5OiKl0qXppa6lzr3HpbQgUHJvIFczIiwgIkhpcmFnaW5vIEtha3UgR290aGljIFBybyIsICKl4aWkpeqlqiIsIE1laXJ5bywgT3Nha2EsICKjzaPTIKPQpbSlt6XDpa8iLCAiTVMgUEdvdGhpYyIsIHNhbnMtc2VyaWYKfQoKLyogobjJzMa3pMukxKSkpMakzoaWpKS6z6TvpLuhuaXcpb+l86TOtPOkraS1Ki8KZm9udCBpbnB1dCB7CmZvbnQtc2l6ZTogMTJweDsKcGFkZGluZzoycHg7CndpZHRoOiAxNTBweDsKfQoKLyqhuO2XxL/feJJr1quyv7fWobkqLwouaW52ZW50b3J5IGlucHV0ewpmb250LXNpemU6IDEycHg7CmJhY2tncm91bmQ6I2ZmZjsKfQoKCi8qIO2XxL/feJJr1qu8e8bapdWlqaXzpciltaWkpboqLwoKdGQuaW52ZW50b3J5IGZvbnR7Zm9udC1zaXplOjEycHg7Y29sb3I6I2ZmMDAwMDt9CgovKiDtl8S/33iSa9arKi8KCiNyYWt1dGVuTGltaXRlZElkX2Fyb3VuZENhcnQgc2VsZWN0IHsKbWFyZ2luOjVweCAwcHg7CnBhZGRpbmc6NXB4Owp9CgojcmFrdXRlbkxpbWl0ZWRJZF9hcm91bmRDYXJ0IHNwYW4uY2hvaWNlOmJlZm9yewpjb250ZW50OiB1cmwoKTsKfQoKLyog17ePvqWrqWClyM/CpKuk6aTOuN+ktSovCgpkaXYgI3Njcm9sbFVwewpib3R0b206IDMwcHg7Cn0KCi8qIJhTzOyXysv3pdCpYKGhpa2pYKXvqWClySAqLwoKZGl2I0hlYWRlcktleXdvcmQgewoJcG9zaXRpb246YWJzb2x1dGU7Cgl0b3A6NTBweDsvKtK7t6zJz6SrpOmkzs671sMqLwoJbGVmdDozMHB4Oy8q1/O2y6SrpOmkzs671sMqLwp9CgpkaXYjSGVhZGVyS2V5d29yZCBzcGFuIHsKCWJhY2tncm91bmQ6ICNiZjAwMDA7Cgljb2xvcjojZmZmOwoJZm9udC13ZWlnaHQ6Ym9sZDsKCXBhZGRpbmc6MnB4IDVweDsKfQoKZGl2I0hlYWRlcktleXdvcmQgYSB7Cgljb2xvcjojMDA0NENDOwp9Cgo8L3N0eWxlPgoKCgoKPCEtLSCloqWvpbultaXqqWCl0algpcSlq6XGpbSl6qlgIC0tPgo8ZGl2IGFsaWduPSJjZW50ZXIiPgo8aW1nIHNyYz0iaHR0cDovL2ltYWdlLnJha3V0ZW4uY28uanAvcGlua21vbmtleS9jYWJpbmV0L2NhdGVnb3J5L2htNzYwLmpwZyIgYWx0PSKloqWvpbultaXqqWCl0algpcTSu9NFpNgiPgo8L2Rpdj4KPGRpdiBhbGlnbj0iY2VudGVyIj4KCjwvZGl2Pgo8IS0tIC+loqWvpbultaXqqWCl0algpcSlq6XGpbSl6qlgIC0tPgoKCjwhLS0gpbel56XDpdSl86WwpaylpKXJIC0tPgoKPCEtLSAvpbel56XDpdSl86WwpaylpKXJIC0tPgoKCgoKCjxkaXYgaWQ9IkhlYWRlcktleXdvcmQiPgo8c3Bhbj7XosS/pM6lralgpe+pYKXJPC9zcGFuPgqlq6Xrpcilyqlgpbil5Qq476TSpOIKpbOpYKXKqWC98L7fCqW3peqls6Xz0M0gpeyluKXzCsfQpOrOxNfWIMS+0XUgpNKk6aSspMoKpb+lw6W7pesKpdylv6XzIKXppcOl16XWpeyluQo8L2Rpdj4KPCEtLSCYU8zsl8rL96XQqWChoaWtqWCl76lgpclFTkQgLS0+,peylrqXlpempYKWrpempYEIgpeyltqlgpbOpYKXJzei477x+KDEuNW1tt/kmdGltZXM7MW0psb647yDFo7jvIMfQpOqJ06TqIDFNhWfOu6G+pOakpqXRpbGlw6XIQYydj+qhv6O6ytbcv7LEwc+kzqSqteogpaKl86W3peOl86XGuaS3vw==,uO+8fiDNqNicpeyluKXzILLEwc+l7KW4pfMg0M2l7KW4pfMgpdGpYKXEpc+l86XJpeGlpKXJILLEwc8g2JyJ06XPpfOlyaXhpaSlySCloqWvpbultaXqqWAgssTBz6XPpfOlyaXhpaSlySCyxMHPILyksLKlz6Xzpcml4aWkpckgpdSloqW5ILLEwc+lz6Xzpcml4aWkpckgpdal7KW5peylw6XIILLEwc+lq6Xrpcilyqlgpbil5SCyxMHPIM2o2Jylt6XqpbOl86XiqWCl66XJIKXspbil87jvvH4gILG+uO+477x+ILyapKSl7KW2qWCls6lgpckgMW1tpeyltqlgpbOpYKXJIMa9paKlr6W7pbWl6qlgIKXRqWClxCDNqNicIKSqpLmkuaThpaKlr6W7pbWl6qlgIL3wvt+l1KWipbkgzKi8iKXUpaKluSClx6Wjpbml16XspaSl7KW4pfMgt+LI6yDL2LLEpeylrqXlpempYKWrpempYEIgpeyltqlgpbOpYKXJzei477x+KDEuNW1tt/kmdGltZXM7MW0psb647yDFo7jvIMfQpOqJ06TqIDFNhWfOu6G+pOakpqXRpbGlw6XIQYydj+qhvw==,ob6k5qSmpdGlsaXDpchBjJ2P6qG/oaOl7KWupeWl6algpaul6algQiCl7KW2qWCls6lgpcnN6LjvvH4oMS41bW23+SZ0aW1lczsxbSmxvrjvIMWjuO8gx9Ck6onTpOogMU2FZ867ob6k5qSmpdGlsaXDpchBjJ2P6qG/[rn]
25-29636,aHR0cDovL3RzaG9wLnIxMHMuanAvcGlua21vbmtleS9jYWJpbmV0L2hhbmRtYWRlMDQvaG0tMjAtNzgtYy5qcGc/Zml0aW49NzAwOjcwMA==,OTYuMDAwMA==,,yNXTw8a362rYmz/OxLe/vt8/ytbcvyA+IMrW3L8/pa+l6aXVpcg/yfq12CA+ILLDv3CyxMHPID4gpNKk4g==,peGlv6XqpcOlr6WrpempYEMgpeyltqlgpbOpYKXJzei477x+KDEuNW1tt/mhwTFtKbG+uO8gxaO47yDH0KTqidOk6iAxTYVnzruhvqTmpKal0aWxpcOlyEGMnY/qob8=,ob6k5qSmpdGlsaXDpchBjJ2P6qG/,PGRpdj4KCjwvZGl2Pgo8ZGl2IGNsYXNzPSJpdGVtRGVzYyI+CgoKPGRpdiBjbGFzcz0iaXRlbVRhYmxlIj4KCjx0YWJsZT4KPGNhcHRpb24+yczGt6TLpMSkpKTGPC9jYXB0aW9uPgoKPHRyPgo8dGg+PHNwYW4+yczGt8P7PC9zcGFuPjwvdGg+Cjx0ZD6l4aW/peqlw6Wvpaul6algpeyltqlgpbOpYKXJzei477x+IDEuNW1tt/k8L3RkPgo8L3RyPgo8dHI+Cjx0aD48c3Bhbj6lq6XpqWA8L3NwYW4+PC90aD4KPHRkPqXhpb+l6qXDpa+ls6XQpeulyKWwpeqpYKXzL6Xhpb+l6qXDpa+lsKXsqWCluKXlL6Xhpb+l6qXDpa+loqWkpbml1qXrqWA8YnI+Ci0qLSotKi0qLSotKi0qLSo8YnI+CrjvpNKk4jEuNW1tt/ml4aW/peqlw6Wvpaul6algPGJyPgrL+6TOyaukz6SzpMGk6Txicj4KpeGlv6XqpcOlr6WrpempYEE8YnI+CqXhpb+l6qXDpa+lq6XpqWBCPGJyPgotKi0qLSotKi0qLSotKi0qPGJyPjwvdGQ+CjwvdHI+Cjx0cj4KPHRoPjxzcGFuPqW1paSluii8cyk8L3NwYW4+PC90aD4KPHRkPrf5o7oxLjVtbS/pTKO6MW08YnI+CjwvdGQ+CjwvdHI+Cjx0cj4KPHRoPjxzcGFuPqW7pcOlyMTayN08L3NwYW4+PC90aD4KPHRkPjxiPjFthWfOu6THpM7YnInTpMekuaGjPC9iPjxicj4KICAgICAgPGI+0X3K/YKApMektNmPyOukzoj2us+kx6StpOukwKSxMW2FZ867pMelq6XDpciku6S6pMuktNmPyOuCgMr9t9akzulMpLWkx6Sqy82k6qS1pLukxqSkpL+kwKSkpMakqqTqpN6kuaGjPC9iPjxicj4KCiAgICAgIDxicj4Ko7yjvMD9o76jvjxicj4KM4KApLTZj8jrpM6I9rrPPz8/MW2hwTOxvqTHpM+kyqSvM22hwTGxvqTHpM6wa8vNpMekuaGjPC9GT05UPiA8YnI+CiAgICAgIDxicj4KICAgICAgPGZvbnQgc2l6ZT0iLTEiPqH5taukt9TajuzXtJtypMuk6KTDpMakz8nP05vS1M3ipMekzqSqveyksaTLpMqk64j2us+k4qS0pLakpKTepLmho6S9pM7rSKTPpLOkwaTppKuk6aS030K9aqS1pLukxqSkpL+kwKSkpMakqqTqpN6kuaGjIDxicj4KICAgICAg0+ik4aS0wcuz0KSkpL+kwKStpN6kuaTopKakqu6KpKSkpKS/pLek3qS5oaM8L2ZvbnQ+IAo8L3RkPgo8L3RyPgo8dHI+Cjx0aD48c3Bhbj7L2LLEPC9zcGFuPjwvdGg+Cjx0ZD7Fo7jvPC90ZD4KPC90cj4KPHRyPgo8dGg+PHNwYW4+yfquYrn6PC9zcGFuPjwvdGg+Cjx0ZD5tYWRlIGluIGluZGlhPC90ZD4KPC90cj4KPHRyPgo8dGg+PHNwYW4+guShob+8PC9zcGFuPjwvdGg+Cjx0ZCBzdHlsZT0iY29sb3I6ICNmMDA7Ij6h+aSqyrmkpKTOUEOtaL6zpMuk6KTqjGfrSKTOpKrJq6TIrpCkyqTriPa6z6SspLSktqSkpN6kuaTOpMfT6KThpLTBy7PQpK+kwKS1pKSk3qS7oaM8YnI+CqH5xaO477bAzNikzs/jpOqk5KW3pe+hoqXopey1yKSspKKk64j2us+k4qS0pLakpKTepLmkrMzsyLvL2LLEpM6kyqTppMekz6TOzrakx6S5pM6kx9fz05ukzsDt08mky6TopOu3tca3P727k1Gkz6SqytyksaS3pMakqqTqpN6ku6TzoaM8YnI+CtPopOGktMHLs9CkzqSmpKiktNmPyOukpKS/pMCkraTepLmk6KSmpKruiqSkpKSkv6S3pN6kuaGjPC90ZD4KPC90cj4KCgo8L3RhYmxlPgoKPC9kaXY+CjwvZGl2Pgo8YnI+PGJyPgo8ZGl2IGFsaWduPSJjZW50ZXIiPgoKPC9kaXY+PGJyPjxicj4KPGRpdiBhbGlnbj0iY2VudGVyIj4KCjwvZGl2Pgo8YnI+PGJyPgoKPGRpdiBhbGlnbj0iY2VudGVyIj4KPGltZyBzcmM9Imh0dHA6Ly9pbWFnZS5yYWt1dGVuLmNvLmpwL3Bpbmttb25rZXkvY2FiaW5ldC9jYXRlZ29yeS82MDBibnItY29yZC5qcGciIGJvcmRlcj0iMCI+PGJyPjxicj4KPGltZyBzcmM9Imh0dHA6Ly9pbWFnZS5yYWt1dGVuLmNvLmpwL3Bpbmttb25rZXkvY2FiaW5ldC9jYXRlZ29yeS82MDAtaG0tZW5kcGFydHMuanBnIiBib3JkZXI9IjAiPjxicj48YnI+CjwvZGl2PjxzdHlsZT4KCi8qyczGt6XaqWCluCovCgpzcGFuLnByaWNlMSB7CglkaXNwbGF5OiBibG9jayAhaW1wb3J0YW50OwoJZm9udC1zaXplOiAxMnB4ICFpbXBvcnRhbnQ7Cgljb2xvcjogI2ZmMDAwMCAhaW1wb3J0YW50OwoJdmVydGljYWwtYWxpZ246IGJvdHRvbSAhaW1wb3J0YW50OwoJbGluZS1oZWlnaHQ6IDEuMmVtICFpbXBvcnRhbnQ7CglwYWRkaW5nLXRvcDogMC42ZW0gIWltcG9ydGFudDsKCXBhZGRpbmctcmlnaHQ6IDFlbSAhaW1wb3J0YW50Owp9CgpzcGFuLnByaWNlMiB7Cglmb250LXNpemU6IDIwcHggIWltcG9ydGFudDsKCWZvbnQtd2VpZ2h0OiBib2xkICFpbXBvcnRhbnQ7Cgljb2xvcjogI2ZmMDAwMCAhaW1wb3J0YW50OwoJdmVydGljYWwtYWxpZ246IGJvdHRvbSAhaW1wb3J0YW50OwoJbGluZS1oZWlnaHQ6IDEuMmVtIWltcG9ydGFudDsKfQoKLyogpKqa3aTLyOuk6snMxre1x+Vou63P8YnkuPwgKi8KYm9keSAjcmFrdXRlbkxpbWl0ZWRJZF9hcm91bmRDYXJ0IGRpdi5ia217CndpZHRoOiAzMDZweCAhaW1wb3J0YW50Owp9CmJvZHkgZGl2LmJvb2ttYXJrQXJlYSBkaXYuYmttIGEuYWRkQmttIHNwYW4uYmttU3RhciB7CndpZHRoOiAzMDZweCAhaW1wb3J0YW50OwpoZWlnaHQ6IDQ4cHggIWltcG9ydGFudDsKYmFja2dyb3VuZDogdXJsKGh0dHA6Ly9pbWFnZS5yYWt1dGVuLmNvLmpwL3Bpbmttb25rZXkvY2FiaW5ldC9mYXZfYnV0dG9uX2FmdGVyMi5naWYpIG5vLXJlcGVhdCAwIDAgIWltcG9ydGFudDsKfQpib2R5IGRpdi5ib29rbWFya0FyZWEgZGl2LmJrbSBhLmFkZEJrbSB7CndpZHRoOiAzMDZweCAhaW1wb3J0YW50OwpoZWlnaHQ6IDQ4cHggIWltcG9ydGFudDsKfQoKLyogpKqa3aTLyOuk6qW3peelw6XXtcflaLutz/GJ5Lj8ICovCmJvZHkgI3Jha3V0ZW5MaW1pdGVkSWRfYXJvdW5kQ2FydCBkaXYuc2hvcEJrbXsKd2lkdGg6IDMwNnB4ICFpbXBvcnRhbnQ7CnBhZGRpbmctbGVmdDogMHB4ICFpbXBvcnRhbnQ7Cn0KYm9keSBkaXYuc2hvcEJvb2ttYXJrQXJlYSBkaXYuc2hvcEJrbSBhLmFkZFNob3BCa20gc3Bhbi5zaG9wQmttU3RhciB7CndpZHRoOiAzMDZweCAhaW1wb3J0YW50OwpoZWlnaHQ6IDQ4cHggIWltcG9ydGFudDsKYmFja2dyb3VuZDogdXJsKGh0dHA6Ly9pbWFnZS5yYWt1dGVuLmNvLmpwL3Bpbmttb25rZXkvY2FiaW5ldC9mYXZzaG9wX2J1dHRvbl9hZnRlci5naWYpIG5vLXJlcGVhdCAwIDAgIWltcG9ydGFudDsKfQpib2R5IGRpdi5zaG9wQm9va21hcmtBcmVhIGRpdi5zaG9wQmttIGEuYWRkU2hvcEJrbSB7CndpZHRoOiAzMDZweCAhaW1wb3J0YW50OwpoZWlnaHQ6IDQ4cHggIWltcG9ydGFudDsKfQoKCi8qIIKAyv3I68GmmdqkzrTzpK2ktSAqLwppbnB1dCN1bml0cyB7CnBhZGRpbmc6IDFweCAwcHg7Cn0KCi8qIKSq2UmkpM7vpKuktKXcpb+l86TOtPOkraS1ICovCmlucHV0IHsKZm9udC1zaXplOiAxN3B4OwpwYWRkaW5nOjEwcHggNDBweDsKd2lkdGg6IGF1dG87CmZvbnQtZmFtaWx5OiKl0qXppa6lzr3HpbQgUHJvIFczIiwgIkhpcmFnaW5vIEtha3UgR290aGljIFBybyIsICKl4aWkpeqlqiIsIE1laXJ5bywgT3Nha2EsICKjzaPTIKPQpbSlt6XDpa8iLCAiTVMgUEdvdGhpYyIsIHNhbnMtc2VyaWYKfQoKLyogobjJzMa3pMukxKSkpMakzoaWpKS6z6TvpLuhuaXcpb+l86TOtPOkraS1Ki8KZm9udCBpbnB1dCB7CmZvbnQtc2l6ZTogMTJweDsKcGFkZGluZzoycHg7CndpZHRoOiAxNTBweDsKfQoKLyqhuO2XxL/feJJr1quyv7fWobkqLwouaW52ZW50b3J5IGlucHV0ewpmb250LXNpemU6IDEycHg7CmJhY2tncm91bmQ6I2ZmZjsKfQoKCi8qIO2XxL/feJJr1qu8e8bapdWlqaXzpciltaWkpboqLwoKdGQuaW52ZW50b3J5IGZvbnR7Zm9udC1zaXplOjEycHg7Y29sb3I6I2ZmMDAwMDt9CgovKiDtl8S/33iSa9arKi8KCiNyYWt1dGVuTGltaXRlZElkX2Fyb3VuZENhcnQgc2VsZWN0IHsKbWFyZ2luOjVweCAwcHg7CnBhZGRpbmc6NXB4Owp9CgojcmFrdXRlbkxpbWl0ZWRJZF9hcm91bmRDYXJ0IHNwYW4uY2hvaWNlOmJlZm9yewpjb250ZW50OiB1cmwoKTsKfQoKLyog17ePvqWrqWClyM/CpKuk6aTOuN+ktSovCgpkaXYgI3Njcm9sbFVwewpib3R0b206IDMwcHg7Cn0KCi8qIJhTzOyXysv3pdCpYKGhpa2pYKXvqWClySAqLwoKZGl2I0hlYWRlcktleXdvcmQgewoJcG9zaXRpb246YWJzb2x1dGU7Cgl0b3A6NTBweDsvKtK7t6zJz6SrpOmkzs671sMqLwoJbGVmdDozMHB4Oy8q1/O2y6SrpOmkzs671sMqLwp9CgpkaXYjSGVhZGVyS2V5d29yZCBzcGFuIHsKCWJhY2tncm91bmQ6ICNiZjAwMDA7Cgljb2xvcjojZmZmOwoJZm9udC13ZWlnaHQ6Ym9sZDsKCXBhZGRpbmc6MnB4IDVweDsKfQoKZGl2I0hlYWRlcktleXdvcmQgYSB7Cgljb2xvcjojMDA0NENDOwp9Cgo8L3N0eWxlPgoKCgoKPCEtLSCloqWvpbultaXqqWCl0algpcSlq6XGpbSl6qlgIC0tPgo8ZGl2IGFsaWduPSJjZW50ZXIiPgo8aW1nIHNyYz0iaHR0cDovL2ltYWdlLnJha3V0ZW4uY28uanAvcGlua21vbmtleS9jYWJpbmV0L2NhdGVnb3J5L2htNzYwLmpwZyIgYWx0PSKloqWvpbultaXqqWCl0algpcTSu9NFpNgiPgo8L2Rpdj4KPGRpdiBhbGlnbj0iY2VudGVyIj4KCjwvZGl2Pgo8IS0tIC+loqWvpbultaXqqWCl0algpcSlq6XGpbSl6qlgIC0tPgoKCjwhLS0gpbel56XDpdSl86WwpaylpKXJIC0tPgoKPCEtLSAvpbel56XDpdSl86WwpaylpKXJIC0tPgoKCgoKCjxkaXYgaWQ9IkhlYWRlcktleXdvcmQiPgo8c3Bhbj7XosS/pM6lralgpe+pYKXJPC9zcGFuPgqlq6Xrpcilyqlgpbil5Qq476TSpOIKpbOpYKXKqWC98L7fCqW3peqls6Xz0M0gpeyluKXzCsfQpOrOxNfWIMS+0XUgpNKk6aSspMoKpb+lw6W7pesKpdylv6XzIKXppcOl16XWpeyluQo8L2Rpdj4KPCEtLSCYU8zsl8rL96XQqWChoaWtqWCl76lgpclFTkQgLS0+,peGlv6XqpcOlr6WrpempYEMgpeyltqlgpbOpYKXJzei477x+KDEuNW1tt/kmdGltZXM7MW0psb647yDFo7jvIMfQpOqJ06TqIDFNhWfOu6G+pOakpqXRpbGlw6XIQYydj+qhv6O6ytbcv7LEwc+kzqSqteogpaKl86W3peOl86XGuaS3vw==,uO+8fiDNqNicpeyluKXzILLEwc+l7KW4pfMg0M2l7KW4pfMgpdGpYKXEpc+l86XJpeGlpKXJILLEwc8g2JyJ06XPpfOlyaXhpaSlySCloqWvpbultaXqqWAgssTBz6XPpfOlyaXhpaSlySCyxMHPILyksLKlz6Xzpcml4aWkpckgpdSloqW5ILLEwc+lz6Xzpcml4aWkpckgpdal7KW5peylw6XIILLEwc+lq6Xrpcilyqlgpbil5SCyxMHPIM2o2Jylt6XqpbOl86XiqWCl66XJIKXspbil87jvvH4gILG+uO+477x+ILyapKSl7KW2qWCls6lgpckgMW1tpeyltqlgpbOpYKXJIMa9paKlr6W7pbWl6qlgIKXRqWClxCDNqNicIKSqpLmkuaThpaKlr6W7pbWl6qlgIL3wvt+l1KWipbkgzKi8iKXUpaKluSClx6Wjpbml16XspaSl7KW4pfMgt+LI6yDL2LLEpeGlv6XqpcOlr6WrpempYEMgpeyltqlgpbOpYKXJzei477x+KDEuNW1tt/kmdGltZXM7MW0psb647yDFo7jvIMfQpOqJ06TqIDFNhWfOu6G+pOakpqXRpbGlw6XIQYydj+qhvw==,ob6k5qSmpdGlsaXDpchBjJ2P6qG/oaOl4aW/peqlw6Wvpaul6algQyCl7KW2qWCls6lgpcnN6LjvvH4oMS41bW23+SZ0aW1lczsxbSmxvrjvIMWjuO8gx9Ck6onTpOogMU2FZ867ob6k5qSmpdGlsaXDpchBjJ2P6qG/[rn]
25-29637,aHR0cDovL3RzaG9wLnIxMHMuanAvcGlua21vbmtleS9jYWJpbmV0L2hhbmRtYWRlL2htLTEtNzctbWF0b21lX24xLmpwZz9maXRpbj03MDA6NzAw,ODAuMDAwMA==,,yNXTw8a362rYmz/OxLe/vt8/ytbcvyA+IMrW3L8/pa+l6aXVpcg/yfq12CA+ILLDv3CyxMHPID4gpNKk4g==,peGlv6XqpcOlr6WrpempYEEgpeyltqlgpbOpYKXJzei477x+KDFtbbf5ocExbSmxvrjvIMWjuO8gx9Ck6onTpOogMU2FZ867ob6k5qSmpdGlsaXDpchBjJ2P6qG/,ob6k5qSmpdGlsaXDpchBjJ2P6qG/,PGNlbnRlcj4KPGRpdj4KCjwvZGl2Pgo8L2NlbnRlcj48YnI+CiAgICAgICAgPGRpdiBhbGlnbj0iY2VudGVyIj4KPHRhYmxlIGNlbGxzcGFjaW5nPSIxIiBjZWxscGFkZGluZz0iNSIgd2lkdGg9IjYwMCIgYmdjb2xvcj0iIzAwMDAwMCIgYWxpZ249ImNlbnRlciI+PFRCT0RZPgoKPFRSPgogICAgICA8dGQgYmdjb2xvcj0iI2YwZjBmMCIgYWxpZ249ImNlbnRlciIgd2lkdGg9IjEyMiI+PGZvbnQgY29sb3I9IiM2NjY2NjYiIHNpemU9IjIiPsnMxrfD+zwvZm9udD48L3RkPgogICAgICA8dGQgYmdjb2xvcj0iI2ZmZmZmZiIgd2lkdGg9IjQ1NSI+PEZPTlQgY29sb3I9IzAwMDAwMCIgc2l6ZT0tMT6l4aW/peqlw6Wvpaul6algpeyltqlgpbOpYKXJzei477x+IDEuMG1tt/k8L0ZPTlQ+PC90ZD4KICAgIDwvVFI+CjxUUj4KICAgICAgPHRkIGJnY29sb3I9IiNmMGYwZjAiIGFsaWduPSJjZW50ZXIiIHdpZHRoPSIxMjIiPjxmb250IGNvbG9yPSIjNjY2NjY2IiBzaXplPSIyIj6lq6XpqWA8L2ZvbnQ+PC90ZD4KICAgICAgPHRkIGJnY29sb3I9IiNmZmZmZmYiIHdpZHRoPSI0NTUiPjxGT05UIGNvbG9yPSMwMDAwMDAiIHNpemU9LTE+CqXhpb+l6qXDpa+l1qXtpfOlui+l4aW/peqlw6WvpaupYKWtL6Xhpb+l6qXDpa+lv6XzL6Xhpb+l6qXDpa+lt6XrpdCpYC+l4aW/peqlw6Wvpaql1aXbpe+lpKXIL6Xhpb+l6qXDpa+ltKlgpeulyS+l4aW/peqlw6WvpdSpYKWzpcOlr6WwpeqpYKXzL6Xhpb+l6qXDpa+l36XzpcilsKXqqWCl8y+l4aW/peqlw6WvpemlpKXIpbCl6qlgpfMvpeGlv6XqpcOlr6Xfpeqlv6XqqWClsKXqqWCl8y+l4aW/peqlw6Wvpaql6qlgpdalsKXqqWCl8y+l4aW/peqlw6WvpbCl6qlgpfMvpeGlv6XqpcOlr6XppaSlyKXZqWCluKXlL6Xhpb+l6qXDpa+loqWkpdyl6qlgPC9GT05UPjwvdGQ+CiAgICA8L1RSPgo8VFI+CiAgICAgIDx0ZCBiZ2NvbG9yPSIjZjBmMGYwIiBhbGlnbj0iY2VudGVyIiB3aWR0aD0iMTIyIj48Zm9udCBjb2xvcj0iIzY2NjY2NiIgc2l6ZT0iMiI+pbWlpKW6KLxzKTwvZm9udD48L3RkPgogICAgICA8dGQgYmdjb2xvcj0iI2ZmZmZmZiIgd2lkdGg9IjQ1NSI+PEZPTlQgY29sb3I9IzAwMDAwMCAKc2l6ZT0tMT63+aO6MS4wbW0v6UyjujFtPC9GT05UPjwvdGQ+CiAgICA8L1RSPgo8VFI+CiAgICAgIDx0ZCBiZ2NvbG9yPSIjZjBmMGYwIiBhbGlnbj0iY2VudGVyIiB3aWR0aD0iMTIyIj48Zm9udCBjb2xvcj0iIzY2NjY2NiIgc2l6ZT0iMiI+yczGt9SUvJo8L2ZvbnQ+PC90ZD4KICAgICAgPHRkIGJnY29sb3I9IiNmZmZmZmYiIHdpZHRoPSI0NTUiPjxGT05UIGNvbG9yPSMwMDAwMDAgCnNpemU9LTE+PGI+MW2FZ867pMekzticidOkx6S5oaM8L2I+PGJyPgogICAgICA8Yj7Rfcr9goCkx6S02Y/I66TOiPa6z6THpK2k66TApLExbYVnzrukx6WrpcOlyKS7pLqky6S02Y/I64KAyv231qTO6UyktaTHpKrLzaTqpLWku6TGpKSkv6TApKSkxqSqpOqk3qS5oaM8L2I+PGJyPgoKICAgICAgPGJyPgqjvKO8wP2jvqO+PGJyPgozgoCktNmPyOukzoj2us8/Pz8xbaHBM7G+pMekz6TKpK8zbaHBMbG+pMekzrBry82kx6S5oaM8L0ZPTlQ+IDxicj4KICAgICAgPGJyPgogICAgICA8Zm9udCBzaXplPSItMSI+ofm1q6S31NqO7Ne0m3Kky6TopMOkxqTPyc/Tm9LUzeKkx6TOpKq97KSxpMukyqTriPa6z6TipLSktqSkpN6kuaGjpL2kzutIpM+ks6TBpOmkq6TppLTfQr1qpLWku6TGpKSkv6TApKSkxqSqpOqk3qS5oaMgPGJyPgogICAgICDT6KThpLTBy7PQpKSkv6TApK2k3qS5pOikpqSq7oqkpKSkpL+kt6TepLmhozwvZm9udD4gICAgICA8L3RkPgogICAgPC9UUj4KPFRSPgogICAgICA8dGQgYmdjb2xvcj0iI2YwZjBmMCIgYWxpZ249ImNlbnRlciIgd2lkdGg9IjEyMiI+PGZvbnQgY29sb3I9IiM2NjY2NjYiIHNpemU9IjIiPsvYssQ8L2ZvbnQ+PC90ZD4KICAgICAgPHRkIGJnY29sb3I9IiNmZmZmZmYiIHdpZHRoPSI0NTUiPjxGT05UIGNvbG9yPSMwMDAwMDAgCnNpemU9LTE+xaO47zwvRk9OVD48L3RkPgogICAgPC9UUj4KPFRSPgogICAgICA8dGQgYmdjb2xvcj0iI2YwZjBmMCIgYWxpZ249ImNlbnRlciIgd2lkdGg9IjEyMiI+PGZvbnQgY29sb3I9IiM2NjY2NjYiIHNpemU9IjIiPsn6rmK5+jwvZm9udD48L3RkPgogICAgICA8dGQgYmdjb2xvcj0iI2ZmZmZmZiIgd2lkdGg9IjQ1NSI+PEZPTlQgY29sb3I9IzAwMDAwMCAKc2l6ZT0tMT5tYWRlIGluIGluZGlhPC9GT05UPjwvdGQ+CiAgICA8L1RSPgo8VFI+CiAgICAgIDx0ZCBiZ2NvbG9yPSIjZjBmMGYwIiBhbGlnbj0iY2VudGVyIiB3aWR0aD0iMTIyIj48Zm9udCBjb2xvcj0iIzY2NjY2NiIgc2l6ZT0iMiI+guS/vDwvZm9udD48L3RkPgogICAgICA8dGQgYmdjb2xvcj0iI2ZmZmZmZiIgd2lkdGg9IjQ1NSI+PGZvbnQgY29sb3I9IiNmZjAwMDAiIHNpemU9Ii0xIj4Kofmkqsq5pKSkzlBDrWi+s6TLpOik6oxn60ikzqSqyaukyK6QpMqk64j2us+krKS0pLakpKTepLmkzqTH0+ik4aS0wcuz0KSvpMCktaSkpN6ku6GjPGJyPgqh+cWjuO+2wMzYpM7P46TqpOSlt6XvoaKl6KXstcikrKSipOuI9rrPpOKktKS2pKSk3qS5pKzM7Mi7y9iyxKTOpMqk6aTHpM+kzs62pMekuaTOpMfX89ObpM7A7dPJpMuk6KTrt7XGtz+9u5NRpM+kqsrcpLGkt6TGpKqk6qTepLuk86GjPGJyPgrT6KThpLTBy7PQpM6kpqSopLTZj8jrpKSkv6TApK2k3qS5pOikpqSq7oqkpKSkpL+kt6TepLmhozwvZm9udD48L3RkPgogICAgPC9UUj4KPC90Ym9keT48L3RhYmxlPjwvZGl2Pgo8YnI+PGJyPgo8ZGl2PgoKPC9kaXY+Cjxicj48YnI+CjxkaXYgYWxpZ249ImNlbnRlciI+CjxpbWcgc3JjPSJodHRwOi8vaW1hZ2UucmFrdXRlbi5jby5qcC9waW5rbW9ua2V5L2NhYmluZXQvY2F0ZWdvcnkvNjAwYm5yLWNvcmQuanBnIiBib3JkZXI9IjAiPjxicj48YnI+CjxpbWcgc3JjPSJodHRwOi8vaW1hZ2UucmFrdXRlbi5jby5qcC9waW5rbW9ua2V5L2NhYmluZXQvY2F0ZWdvcnkvNjAwLWhtLWVuZHBhcnRzLmpwZyIgYm9yZGVyPSIwIj48YnI+PGJyPgo8L2Rpdj48c3R5bGU+CgovKsnMxrel2qlgpbgqLwoKc3Bhbi5wcmljZTEgewoJZGlzcGxheTogYmxvY2sgIWltcG9ydGFudDsKCWZvbnQtc2l6ZTogMTJweCAhaW1wb3J0YW50OwoJY29sb3I6ICNmZjAwMDAgIWltcG9ydGFudDsKCXZlcnRpY2FsLWFsaWduOiBib3R0b20gIWltcG9ydGFudDsKCWxpbmUtaGVpZ2h0OiAxLjJlbSAhaW1wb3J0YW50OwoJcGFkZGluZy10b3A6IDAuNmVtICFpbXBvcnRhbnQ7CglwYWRkaW5nLXJpZ2h0OiAxZW0gIWltcG9ydGFudDsKfQoKc3Bhbi5wcmljZTIgewoJZm9udC1zaXplOiAyMHB4ICFpbXBvcnRhbnQ7Cglmb250LXdlaWdodDogYm9sZCAhaW1wb3J0YW50OwoJY29sb3I6ICNmZjAwMDAgIWltcG9ydGFudDsKCXZlcnRpY2FsLWFsaWduOiBib3R0b20gIWltcG9ydGFudDsKCWxpbmUtaGVpZ2h0OiAxLjJlbSFpbXBvcnRhbnQ7Cn0KCi8qIKSqmt2ky8jrpOrJzMa3tcflaLutz/GJ5Lj8ICovCmJvZHkgI3Jha3V0ZW5MaW1pdGVkSWRfYXJvdW5kQ2FydCBkaXYuYmttewp3aWR0aDogMzA2cHggIWltcG9ydGFudDsKfQpib2R5IGRpdi5ib29rbWFya0FyZWEgZGl2LmJrbSBhLmFkZEJrbSBzcGFuLmJrbVN0YXIgewp3aWR0aDogMzA2cHggIWltcG9ydGFudDsKaGVpZ2h0OiA0OHB4ICFpbXBvcnRhbnQ7CmJhY2tncm91bmQ6IHVybChodHRwOi8vaW1hZ2UucmFrdXRlbi5jby5qcC9waW5rbW9ua2V5L2NhYmluZXQvZmF2X2J1dHRvbl9hZnRlcjIuZ2lmKSBuby1yZXBlYXQgMCAwICFpbXBvcnRhbnQ7Cn0KYm9keSBkaXYuYm9va21hcmtBcmVhIGRpdi5ia20gYS5hZGRCa20gewp3aWR0aDogMzA2cHggIWltcG9ydGFudDsKaGVpZ2h0OiA0OHB4ICFpbXBvcnRhbnQ7Cn0KCi8qIKSqmt2ky8jrpOqlt6XnpcOl17XH5Wi7rc/xieS4/CAqLwpib2R5ICNyYWt1dGVuTGltaXRlZElkX2Fyb3VuZENhcnQgZGl2LnNob3BCa217CndpZHRoOiAzMDZweCAhaW1wb3J0YW50OwpwYWRkaW5nLWxlZnQ6IDBweCAhaW1wb3J0YW50Owp9CmJvZHkgZGl2LnNob3BCb29rbWFya0FyZWEgZGl2LnNob3BCa20gYS5hZGRTaG9wQmttIHNwYW4uc2hvcEJrbVN0YXIgewp3aWR0aDogMzA2cHggIWltcG9ydGFudDsKaGVpZ2h0OiA0OHB4ICFpbXBvcnRhbnQ7CmJhY2tncm91bmQ6IHVybChodHRwOi8vaW1hZ2UucmFrdXRlbi5jby5qcC9waW5rbW9ua2V5L2NhYmluZXQvZmF2c2hvcF9idXR0b25fYWZ0ZXIuZ2lmKSBuby1yZXBlYXQgMCAwICFpbXBvcnRhbnQ7Cn0KYm9keSBkaXYuc2hvcEJvb2ttYXJrQXJlYSBkaXYuc2hvcEJrbSBhLmFkZFNob3BCa20gewp3aWR0aDogMzA2cHggIWltcG9ydGFudDsKaGVpZ2h0OiA0OHB4ICFpbXBvcnRhbnQ7Cn0KCgovKiCCgMr9yOvBppnapM6086StpLUgKi8KaW5wdXQjdW5pdHMgewpwYWRkaW5nOiAxcHggMHB4Owp9CgovKiCkqtlJpKTO76SrpLSl3KW/pfOkzrTzpK2ktSAqLwppbnB1dCB7CmZvbnQtc2l6ZTogMTdweDsKcGFkZGluZzoxMHB4IDQwcHg7CndpZHRoOiBhdXRvOwpmb250LWZhbWlseToipdKl6aWupc69x6W0IFBybyBXMyIsICJIaXJhZ2lubyBLYWt1IEdvdGhpYyBQcm8iLCAipeGlpKXqpaoiLCBNZWlyeW8sIE9zYWthLCAio82j0yCj0KW0pbelw6WvIiwgIk1TIFBHb3RoaWMiLCBzYW5zLXNlcmlmCn0KCi8qIKG4yczGt6TLpMSkpKTGpM6GlqSkus+k76S7obml3KW/pfOkzrTzpK2ktSovCmZvbnQgaW5wdXQgewpmb250LXNpemU6IDEycHg7CnBhZGRpbmc6MnB4Owp3aWR0aDogMTUwcHg7Cn0KCi8qobjtl8S/33iSa9arsr+31qG5Ki8KLmludmVudG9yeSBpbnB1dHsKZm9udC1zaXplOiAxMnB4OwpiYWNrZ3JvdW5kOiNmZmY7Cn0KCgovKiDtl8S/33iSa9arvHvG2qXVpaml86XIpbWlpKW6Ki8KCnRkLmludmVudG9yeSBmb250e2ZvbnQtc2l6ZToxMnB4O2NvbG9yOiNmZjAwMDA7fQoKLyog7ZfEv994kmvWqyovCgojcmFrdXRlbkxpbWl0ZWRJZF9hcm91bmRDYXJ0IHNlbGVjdCB7Cm1hcmdpbjo1cHggMHB4OwpwYWRkaW5nOjVweDsKfQoKI3Jha3V0ZW5MaW1pdGVkSWRfYXJvdW5kQ2FydCBzcGFuLmNob2ljZTpiZWZvcnsKY29udGVudDogdXJsKCk7Cn0KCi8qINe3j76lq6lgpcjPwqSrpOmkzrjfpLUqLwoKZGl2ICNzY3JvbGxVcHsKYm90dG9tOiAzMHB4Owp9CgovKiCYU8zsl8rL96XQqWChoaWtqWCl76lgpckgKi8KCmRpdiNIZWFkZXJLZXl3b3JkIHsKCXBvc2l0aW9uOmFic29sdXRlOwoJdG9wOjUwcHg7LyrSu7esyc+kq6TppM7Ou9bDKi8KCWxlZnQ6MzBweDsvKtfztsukq6TppM7Ou9bDKi8KfQoKZGl2I0hlYWRlcktleXdvcmQgc3BhbiB7CgliYWNrZ3JvdW5kOiAjYmYwMDAwOwoJY29sb3I6I2ZmZjsKCWZvbnQtd2VpZ2h0OmJvbGQ7CglwYWRkaW5nOjJweCA1cHg7Cn0KCmRpdiNIZWFkZXJLZXl3b3JkIGEgewoJY29sb3I6IzAwNDRDQzsKfQoKPC9zdHlsZT4KCgoKCjwhLS0gpaKlr6W7pbWl6qlgpdGpYKXEpaulxqW0peqpYCAtLT4KPGRpdiBhbGlnbj0iY2VudGVyIj4KPGltZyBzcmM9Imh0dHA6Ly9pbWFnZS5yYWt1dGVuLmNvLmpwL3Bpbmttb25rZXkvY2FiaW5ldC9jYXRlZ29yeS9obTc2MC5qcGciIGFsdD0ipaKlr6W7pbWl6qlgpdGpYKXE0rvTRaTYIj4KPC9kaXY+CjxkaXYgYWxpZ249ImNlbnRlciI+Cgo8L2Rpdj4KPCEtLSAvpaKlr6W7pbWl6qlgpdGpYKXEpaulxqW0peqpYCAtLT4KCgo8IS0tIKW3peelw6XUpfOlsKWspaSlySAtLT4KCjwhLS0gL6W3peelw6XUpfOlsKWspaSlySAtLT4KCgoKCgo8ZGl2IGlkPSJIZWFkZXJLZXl3b3JkIj4KPHNwYW4+16LEv6TOpa2pYKXvqWClyTwvc3Bhbj4Kpaul66XIpcqpYKW4peUKuO+k0qTiCqWzqWClyqlgvfC+3wqlt6XqpbOl89DNIKXspbil8wrH0KTqzsTX1iDEvtF1IKTSpOmkrKTKCqW/pcOlu6XrCqXcpb+l8yCl6aXDpdel1qXspbkKPC9kaXY+CjwhLS0gmFPM7JfKy/el0KlgoaGlralgpe+pYKXJRU5EIC0tPg==,peGlv6XqpcOlr6WrpempYEEgpeyltqlgpbOpYKXJzei477x+KDFtbbf5JnRpbWVzOzFtKbG+uO8gxaO47yDH0KTqidOk6iAxTYVnzruhvqTmpKal0aWxpcOlyEGMnY/qob+jusrW3L+yxMHPpM6kqrXqIKWipfOlt6XjpfOlxrmkt78=,uO+8fiDNqNicpeyluKXzILLEwc+l7KW4pfMg0M2l7KW4pfMgpdGpYKXEpc+l86XJpeGlpKXJILLEwc8g2JyJ06XPpfOlyaXhpaSlySCloqWvpbultaXqqWAgssTBz6XPpfOlyaXhpaSlySCyxMHPILyksLKlz6Xzpcml4aWkpckgpdSloqW5ILLEwc+lz6Xzpcml4aWkpckgpdal7KW5peylw6XIILLEwc+lq6Xrpcilyqlgpbil5SCyxMHPIM2o2Jylt6XqpbOl86XiqWCl66XJIKXspbil87jvvH4gILG+uO+477x+ILyapKSl7KW2qWCls6lgpckgMW1tpeyltqlgpbOpYKXJIMa9paKlr6W7pbWl6qlgIKXRqWClxCDNqNicIKSqpLmkuaThpaKlr6W7pbWl6qlgIL3wvt+l1KWipbkgzKi8iKXUpaKluSClx6Wjpbml16XspaSl7KW4pfMgt+LI6yDL2LLEpeGlv6XqpcOlr6WrpempYEEgpeyltqlgpbOpYKXJzei477x+KDFtbbf5JnRpbWVzOzFtKbG+uO8gxaO47yDH0KTqidOk6iAxTYVnzruhvqTmpKal0aWxpcOlyEGMnY/qob8=,ob6k5qSmpdGlsaXDpchBjJ2P6qG/oaOl4aW/peqlw6Wvpaul6algQSCl7KW2qWCls6lgpcnN6LjvvH4oMW1tt/kmdGltZXM7MW0psb647yDFo7jvIMfQpOqJ06TqIDFNhWfOu6G+pOakpqXRpbGlw6XIQYydj+qhvw==[rn]
25-29638,aHR0cDovL3RzaG9wLnIxMHMuanAvcGlua21vbmtleS9jYWJpbmV0L2hhbmRtYWRlL2htLTEtOTAtbWF0b21lMG4xLmpwZz9maXRpbj03MDA6NzAw,OTYuMDAwMA==,,yNXTw8a362rYmz/OxLe/vt8/ytbcvyA+IMrW3L8/pa+l6aXVpcg/yfq12CA+ILLDv3CyxMHPID4gpNKk4g==,peylrqXlpempYKWrpempYEEgpeyltqlgpbOpYKXJzei477x+KDEuNW1tt/mhwTFtKbG+uO8gxaO47yDH0KTqidOk6iAxTYVnzruhvqTmpKal0aWxpcOlyEGMnY/qob8=,ob6k5qSmpdGlsaXDpchBjJ2P6qG/,PGNlbnRlcj4KPGRpdj4KCjwvZGl2Pgo8L2NlbnRlcj48YnI+CiAgICAgICAgPGRpdiBhbGlnbj0iY2VudGVyIj4KPHRhYmxlIGNlbGxzcGFjaW5nPSIxIiBjZWxscGFkZGluZz0iNSIgd2lkdGg9IjYwMCIgYmdjb2xvcj0iIzAwMDAwMCIgYWxpZ249ImNlbnRlciI+PFRCT0RZPgoKPFRSPgogICAgICA8dGQgYmdjb2xvcj0iI2YwZjBmMCIgYWxpZ249ImNlbnRlciIgd2lkdGg9IjEyMiI+PGZvbnQgY29sb3I9IiM2NjY2NjYiIHNpemU9IjIiPsnMxrfD+zwvZm9udD48L3RkPgogICAgICA8dGQgYmdjb2xvcj0iI2ZmZmZmZiIgd2lkdGg9IjQ1NSI+PEZPTlQgY29sb3I9IzAwMDAwMCIgc2l6ZT0tMT6l7KWupeWl6algpaul6algpeyltqlgpbOpYKXJzei477x+IDEuNW1tt/k8L0ZPTlQ+PC90ZD4KICAgIDwvVFI+CjxUUj4KICAgICAgPHRkIGJnY29sb3I9IiNmMGYwZjAiIGFsaWduPSJjZW50ZXIiIHdpZHRoPSIxMjIiPjxmb250IGNvbG9yPSIjNjY2NjY2IiBzaXplPSIyIj6lq6XpqWA8L2ZvbnQ+PC90ZD4KICAgICAgPHRkIGJnY29sb3I9IiNmZmZmZmYiIHdpZHRoPSI0NTUiPjxGT05UIGNvbG9yPSMwMDAwMDAiIHNpemU9LTE+CqWkpail7algL6Wqpeyl86W4L6XspcOlyS+lv6lgpbOlpKW6L6XqqWCl1aWwpeqpYKXzL6Xcpcil66WwpeqpYKXzL6XZpdOpYKXUpfOlry+l6aXZpfOlwKlgL6W5paulpKXWpeupYC+l0KWkpaql7KXDpcgvpcCpYKWvpdGpYKXXpesvpdal66lgLwqlv6XzL6XZqWCluKXlL6XWpemlw6Wvo6il7KWupeWl6algo6kvpcCpYKWvpb+l86XWpemlpqXzL6W/pfOl1qXppaal8y+l6aWkpcilv6Xzpdal6aWmpfMvpdul76Wkpcgvpaql1aXbpe+lpKXIPC9GT05UPjxicj4KLSotKi0qLSotKi0qLSotKjxicj4KuO+k0qTiMS41bW23+aXspa6l5aXpqWClq6XpqWA8YnI+Csv7pM7Jq6TPpLOkwaTpPGJyPgotKi0qLSotKi0qLSotKi0qPGJyPgo8L3RkPgogICAgPC9UUj4KPFRSPgogICAgICA8dGQgYmdjb2xvcj0iI2YwZjBmMCIgYWxpZ249ImNlbnRlciIgd2lkdGg9IjEyMiI+PGZvbnQgY29sb3I9IiM2NjY2NjYiIHNpemU9IjIiPqW1paSluii8cyk8L2ZvbnQ+PC90ZD4KICAgICAgPHRkIGJnY29sb3I9IiNmZmZmZmYiIHdpZHRoPSI0NTUiPjxGT05UIGNvbG9yPSMwMDAwMDAgCnNpemU9LTE+t/mjujEuNW1tL+lMo7oxbTwvRk9OVD48L3RkPgogICAgPC9UUj4KPFRSPgogICAgICA8dGQgYmdjb2xvcj0iI2YwZjBmMCIgYWxpZ249ImNlbnRlciIgd2lkdGg9IjEyMiI+PGZvbnQgY29sb3I9IiM2NjY2NjYiIHNpemU9IjIiPsnMxrfUlLyaPC9mb250PjwvdGQ+CiAgICAgIDx0ZCBiZ2NvbG9yPSIjZmZmZmZmIiB3aWR0aD0iNDU1Ij48Rk9OVCBjb2xvcj0jMDAwMDAwIApzaXplPS0xPjxiPjFthWfOu6THpM7YnInTpMekuaGjPC9iPjxicj4KICAgICAgPGI+0X3K/YKApMektNmPyOukzoj2us+kx6StpOukwKSxMW2FZ867pMelq6XDpciku6S6pMuktNmPyOuCgMr9t9akzulMpLWkx6Sqy82k6qS1pLukxqSkpL+kwKSkpMakqqTqpN6kuaGjPC9iPjxicj4KCiAgICAgIDxicj4Ko7yjvMD9o76jvjxicj4KM4KApLTZj8jrpM6I9rrPPz8/MW2hwTOxvqTHpM+kyqSvM22hwTGxvqTHpM6wa8vNpMekuaGjPC9GT05UPiA8YnI+CiAgICAgIDxicj4KICAgICAgPGZvbnQgc2l6ZT0iLTEiPqH5taukt9TajuzXtJtypMuk6KTDpMakz8nP05vS1M3ipMekzqSqveyksaTLpMqk64j2us+k4qS0pLakpKTepLmho6S9pM7rSKTPpLOkwaTppKuk6aS030K9aqS1pLukxqSkpL+kwKSkpMakqqTqpN6kuaGjIDxicj4KICAgICAg0+ik4aS0wcuz0KSkpL+kwKStpN6kuaTopKakqu6KpKSkpKS/pLek3qS5oaM8L2ZvbnQ+ICAgICAgPC90ZD4KICAgIDwvVFI+CjxUUj4KICAgICAgPHRkIGJnY29sb3I9IiNmMGYwZjAiIGFsaWduPSJjZW50ZXIiIHdpZHRoPSIxMjIiPjxmb250IGNvbG9yPSIjNjY2NjY2IiBzaXplPSIyIj7L2LLEPC9mb250PjwvdGQ+CiAgICAgIDx0ZCBiZ2NvbG9yPSIjZmZmZmZmIiB3aWR0aD0iNDU1Ij48Rk9OVCBjb2xvcj0jMDAwMDAwIApzaXplPS0xPsWjuO88L0ZPTlQ+PC90ZD4KICAgIDwvVFI+CjxUUj4KICAgICAgPHRkIGJnY29sb3I9IiNmMGYwZjAiIGFsaWduPSJjZW50ZXIiIHdpZHRoPSIxMjIiPjxmb250IGNvbG9yPSIjNjY2NjY2IiBzaXplPSIyIj7J+q5iufo8L2ZvbnQ+PC90ZD4KICAgICAgPHRkIGJnY29sb3I9IiNmZmZmZmYiIHdpZHRoPSI0NTUiPjxGT05UIGNvbG9yPSMwMDAwMDAgCnNpemU9LTE+bWFkZSBpbiBpbmRpYTwvRk9OVD48L3RkPgogICAgPC9UUj4KPFRSPgogICAgICA8dGQgYmdjb2xvcj0iI2YwZjBmMCIgYWxpZ249ImNlbnRlciIgd2lkdGg9IjEyMiI+PGZvbnQgY29sb3I9IiM2NjY2NjYiIHNpemU9IjIiPoLkv7w8L2ZvbnQ+PC90ZD4KICAgICAgPHRkIGJnY29sb3I9IiNmZmZmZmYiIHdpZHRoPSI0NTUiPjxmb250IGNvbG9yPSIjZmYwMDAwIiBzaXplPSItMSI+CqH5pKrKuaSkpM5QQ61ovrOky6TopOqMZ+tIpM6kqsmrpMiukKTKpOuI9rrPpKyktKS2pKSk3qS5pM6kx9PopOGktMHLs9Ckr6TApLWkpKTepLuhozxicj4KofnFo7jvtsDM2KTOz+Ok6qTkpbel76Gipeil7LXIpKykoqTriPa6z6TipLSktqSkpN6kuaSszOzIu8vYssSkzqTKpOmkx6TPpM7OtqTHpLmkzqTH1/PTm6TOwO3TyaTLpOik67e1xrc/vbuTUaTPpKrK3KSxpLekxqSqpOqk3qS7pPOhozxicj4K0+ik4aS0wcuz0KTOpKakqKS02Y/I66SkpL+kwKStpN6kuaTopKakqu6KpKSkpKS/pLek3qS5oaM8L2ZvbnQ+PC90ZD4KICAgIDwvVFI+CjwvdGJvZHk+PC90YWJsZT48L2Rpdj4KPGJyPjxicj4KPGRpdj4KCjwvZGl2Pgo8YnI+PGJyPgo8ZGl2IGFsaWduPSJjZW50ZXIiPgo8aW1nIHNyYz0iaHR0cDovL2ltYWdlLnJha3V0ZW4uY28uanAvcGlua21vbmtleS9jYWJpbmV0L2NhdGVnb3J5LzYwMGJuci1jb3JkLmpwZyIgYm9yZGVyPSIwIj48YnI+PGJyPgo8aW1nIHNyYz0iaHR0cDovL2ltYWdlLnJha3V0ZW4uY28uanAvcGlua21vbmtleS9jYWJpbmV0L2NhdGVnb3J5LzYwMC1obS1lbmRwYXJ0cy5qcGciIGJvcmRlcj0iMCI+PGJyPjxicj4KPC9kaXY+PHN0eWxlPgoKLyrJzMa3pdqpYKW4Ki8KCnNwYW4ucHJpY2UxIHsKCWRpc3BsYXk6IGJsb2NrICFpbXBvcnRhbnQ7Cglmb250LXNpemU6IDEycHggIWltcG9ydGFudDsKCWNvbG9yOiAjZmYwMDAwICFpbXBvcnRhbnQ7Cgl2ZXJ0aWNhbC1hbGlnbjogYm90dG9tICFpbXBvcnRhbnQ7CglsaW5lLWhlaWdodDogMS4yZW0gIWltcG9ydGFudDsKCXBhZGRpbmctdG9wOiAwLjZlbSAhaW1wb3J0YW50OwoJcGFkZGluZy1yaWdodDogMWVtICFpbXBvcnRhbnQ7Cn0KCnNwYW4ucHJpY2UyIHsKCWZvbnQtc2l6ZTogMjBweCAhaW1wb3J0YW50OwoJZm9udC13ZWlnaHQ6IGJvbGQgIWltcG9ydGFudDsKCWNvbG9yOiAjZmYwMDAwICFpbXBvcnRhbnQ7Cgl2ZXJ0aWNhbC1hbGlnbjogYm90dG9tICFpbXBvcnRhbnQ7CglsaW5lLWhlaWdodDogMS4yZW0haW1wb3J0YW50Owp9CgovKiCkqprdpMvI66TqyczGt7XH5Wi7rc/xieS4/CAqLwpib2R5ICNyYWt1dGVuTGltaXRlZElkX2Fyb3VuZENhcnQgZGl2LmJrbXsKd2lkdGg6IDMwNnB4ICFpbXBvcnRhbnQ7Cn0KYm9keSBkaXYuYm9va21hcmtBcmVhIGRpdi5ia20gYS5hZGRCa20gc3Bhbi5ia21TdGFyIHsKd2lkdGg6IDMwNnB4ICFpbXBvcnRhbnQ7CmhlaWdodDogNDhweCAhaW1wb3J0YW50OwpiYWNrZ3JvdW5kOiB1cmwoaHR0cDovL2ltYWdlLnJha3V0ZW4uY28uanAvcGlua21vbmtleS9jYWJpbmV0L2Zhdl9idXR0b25fYWZ0ZXIyLmdpZikgbm8tcmVwZWF0IDAgMCAhaW1wb3J0YW50Owp9CmJvZHkgZGl2LmJvb2ttYXJrQXJlYSBkaXYuYmttIGEuYWRkQmttIHsKd2lkdGg6IDMwNnB4ICFpbXBvcnRhbnQ7CmhlaWdodDogNDhweCAhaW1wb3J0YW50Owp9CgovKiCkqprdpMvI66Tqpbel56XDpde1x+Vou63P8YnkuPwgKi8KYm9keSAjcmFrdXRlbkxpbWl0ZWRJZF9hcm91bmRDYXJ0IGRpdi5zaG9wQmttewp3aWR0aDogMzA2cHggIWltcG9ydGFudDsKcGFkZGluZy1sZWZ0OiAwcHggIWltcG9ydGFudDsKfQpib2R5IGRpdi5zaG9wQm9va21hcmtBcmVhIGRpdi5zaG9wQmttIGEuYWRkU2hvcEJrbSBzcGFuLnNob3BCa21TdGFyIHsKd2lkdGg6IDMwNnB4ICFpbXBvcnRhbnQ7CmhlaWdodDogNDhweCAhaW1wb3J0YW50OwpiYWNrZ3JvdW5kOiB1cmwoaHR0cDovL2ltYWdlLnJha3V0ZW4uY28uanAvcGlua21vbmtleS9jYWJpbmV0L2ZhdnNob3BfYnV0dG9uX2FmdGVyLmdpZikgbm8tcmVwZWF0IDAgMCAhaW1wb3J0YW50Owp9CmJvZHkgZGl2LnNob3BCb29rbWFya0FyZWEgZGl2LnNob3BCa20gYS5hZGRTaG9wQmttIHsKd2lkdGg6IDMwNnB4ICFpbXBvcnRhbnQ7CmhlaWdodDogNDhweCAhaW1wb3J0YW50Owp9CgoKLyoggoDK/cjrwaaZ2qTOtPOkraS1ICovCmlucHV0I3VuaXRzIHsKcGFkZGluZzogMXB4IDBweDsKfQoKLyogpKrZSaSkzu+kq6S0pdylv6XzpM6086StpLUgKi8KaW5wdXQgewpmb250LXNpemU6IDE3cHg7CnBhZGRpbmc6MTBweCA0MHB4Owp3aWR0aDogYXV0bzsKZm9udC1mYW1pbHk6IqXSpemlrqXOvceltCBQcm8gVzMiLCAiSGlyYWdpbm8gS2FrdSBHb3RoaWMgUHJvIiwgIqXhpaSl6qWqIiwgTWVpcnlvLCBPc2FrYSwgIqPNo9Mgo9CltKW3pcOlryIsICJNUyBQR290aGljIiwgc2Fucy1zZXJpZgp9CgovKiChuMnMxreky6TEpKSkxqTOhpakpLrPpO+ku6G5pdylv6XzpM6086StpLUqLwpmb250IGlucHV0IHsKZm9udC1zaXplOiAxMnB4OwpwYWRkaW5nOjJweDsKd2lkdGg6IDE1MHB4Owp9CgovKqG47ZfEv994kmvWq7K/t9ahuSovCi5pbnZlbnRvcnkgaW5wdXR7CmZvbnQtc2l6ZTogMTJweDsKYmFja2dyb3VuZDojZmZmOwp9CgoKLyog7ZfEv994kmvWq7x7xtql1aWppfOlyKW1paSluiovCgp0ZC5pbnZlbnRvcnkgZm9udHtmb250LXNpemU6MTJweDtjb2xvcjojZmYwMDAwO30KCi8qIO2XxL/feJJr1qsqLwoKI3Jha3V0ZW5MaW1pdGVkSWRfYXJvdW5kQ2FydCBzZWxlY3QgewptYXJnaW46NXB4IDBweDsKcGFkZGluZzo1cHg7Cn0KCiNyYWt1dGVuTGltaXRlZElkX2Fyb3VuZENhcnQgc3Bhbi5jaG9pY2U6YmVmb3J7CmNvbnRlbnQ6IHVybCgpOwp9CgovKiDXt4++paupYKXIz8Kkq6TppM6436S1Ki8KCmRpdiAjc2Nyb2xsVXB7CmJvdHRvbTogMzBweDsKfQoKLyogmFPM7JfKy/el0KlgoaGlralgpe+pYKXJICovCgpkaXYjSGVhZGVyS2V5d29yZCB7Cglwb3NpdGlvbjphYnNvbHV0ZTsKCXRvcDo1MHB4Oy8q0ru3rMnPpKuk6aTOzrvWwyovCglsZWZ0OjMwcHg7LyrX87bLpKuk6aTOzrvWwyovCn0KCmRpdiNIZWFkZXJLZXl3b3JkIHNwYW4gewoJYmFja2dyb3VuZDogI2JmMDAwMDsKCWNvbG9yOiNmZmY7Cglmb250LXdlaWdodDpib2xkOwoJcGFkZGluZzoycHggNXB4Owp9CgpkaXYjSGVhZGVyS2V5d29yZCBhIHsKCWNvbG9yOiMwMDQ0Q0M7Cn0KCjwvc3R5bGU+CgoKCgo8IS0tIKWipa+lu6W1peqpYKXRqWClxKWrpcaltKXqqWAgLS0+CjxkaXYgYWxpZ249ImNlbnRlciI+CjxpbWcgc3JjPSJodHRwOi8vaW1hZ2UucmFrdXRlbi5jby5qcC9waW5rbW9ua2V5L2NhYmluZXQvY2F0ZWdvcnkvaG03NjAuanBnIiBhbHQ9IqWipa+lu6W1peqpYKXRqWClxNK700Wk2CI+CjwvZGl2Pgo8ZGl2IGFsaWduPSJjZW50ZXIiPgoKPC9kaXY+CjwhLS0gL6Wipa+lu6W1peqpYKXRqWClxKWrpcaltKXqqWAgLS0+CgoKPCEtLSClt6XnpcOl1KXzpbClrKWkpckgLS0+Cgo8IS0tIC+lt6XnpcOl1KXzpbClrKWkpckgLS0+CgoKCgoKPGRpdiBpZD0iSGVhZGVyS2V5d29yZCI+CjxzcGFuPteixL+kzqWtqWCl76lgpck8L3NwYW4+CqWrpeulyKXKqWCluKXlCrjvpNKk4gqls6lgpcqpYL3wvt8Kpbel6qWzpfPQzSCl7KW4pfMKx9Ck6s7E19YgxL7RdSCk0qTppKykygqlv6XDpbul6wql3KW/pfMgpemlw6XXpdal7KW5CjwvZGl2Pgo8IS0tIJhTzOyXysv3pdCpYKGhpa2pYKXvqWClyUVORCAtLT4=,peylrqXlpempYKWrpempYEEgpeyltqlgpbOpYKXJzei477x+KDEuNW1tt/kmdGltZXM7MW0psb647yDFo7jvIMfQpOqJ06TqIDFNhWfOu6G+pOakpqXRpbGlw6XIQYydj+qhv6O6ytbcv7LEwc+kzqSqteogpaKl86W3peOl86XGuaS3vw==,uO+8fiDNqNicpeyluKXzILLEwc+l7KW4pfMg0M2l7KW4pfMgpdGpYKXEpc+l86XJpeGlpKXJILLEwc8g2JyJ06XPpfOlyaXhpaSlySCloqWvpbultaXqqWAgssTBz6XPpfOlyaXhpaSlySCyxMHPILyksLKlz6Xzpcml4aWkpckgpdSloqW5ILLEwc+lz6Xzpcml4aWkpckgpdal7KW5peylw6XIILLEwc+lq6Xrpcilyqlgpbil5SCyxMHPIM2o2Jylt6XqpbOl86XiqWCl66XJIKXspbil87jvvH4gILG+uO+477x+ILyapKSl7KW2qWCls6lgpckgMW1tpeyltqlgpbOpYKXJIMa9paKlr6W7pbWl6qlgIKXRqWClxCDNqNicIKSqpLmkuaThpaKlr6W7pbWl6qlgIL3wvt+l1KWipbkgzKi8iKXUpaKluSClx6Wjpbml16XspaSl7KW4pfMgt+LI6yDL2LLEpeylrqXlpempYKWrpempYEEgpeyltqlgpbOpYKXJzei477x+KDEuNW1tt/kmdGltZXM7MW0psb647yDFo7jvIMfQpOqJ06TqIDFNhWfOu6G+pOakpqXRpbGlw6XIQYydj+qhvw==,ob6k5qSmpdGlsaXDpchBjJ2P6qG/oaOl7KWupeWl6algpaul6algQSCl7KW2qWCls6lgpcnN6LjvvH4oMS41bW23+SZ0aW1lczsxbSmxvrjvIMWjuO8gx9Ck6onTpOogMU2FZ867ob6k5qSmpdGlsaXDpchBjJ2P6qG/[rn]
25-29639,aHR0cDovL3RzaG9wLnIxMHMuanAvcGlua21vbmtleS9jYWJpbmV0L2hhbmRtYWRlMDQvaG0tMTMtOS1jbmV3LmpwZz9maXRpbj03MDA6NzAw,ODAuMDAwMA==,,yNXTw8a362rYmz/OxLe/vt8/ytbcvyA+IMrW3L8/pa+l6aXVpcg/yfq12CA+ILLDv3CyxMHPID4gpNKk4g==,peylrqXlpempYKWrpempYCCl7KW2qWCls6lgpcnN6LjvvH4oMW1tt/mhwTFtKbG+uO8gxaO47yDH0KTqidOk6iAxTYVnzruhvqTmpKal0aWxpcOlyEGMnY/qob8=,ob6k5qSmpdGlsaXDpchBjJ2P6qG/,PHRhYmxlIGNlbGxzcGFjaW5nPSIxIiBjZWxscGFkZGluZz0iNiIgYWxpZ249ImNlbnRlciIgYmdjb2xvcj0iIzY2NjY2NiIgd2lkdGg9IjEwMCUiPgo8dGJvZHk+PHRyPjx0ZCBiZ2NvbG9yPSIjZmZmZmZmIj4KPGZvbnQgY29sb3I9IiM2NjY2NjYiIHNpemU9IjIiPrTzwb/Xos7EpMukxKStpN6kt6TGpb+lpKXfpfOlsKSspO+k66Sv2Y/I68r9pPKktNPD0uKkx6StpMqkpIj2us+krKTepOyky6S0pLakpKTepLmhozxicj4K1+Ok6qTKpKS31qTLpMSkraTepLekxqTPyOu6ybTOtdqkzrBry82kx6S0z+DVhKS1pLukxqSkpL+kwKSvpLOkyKSspKKk6qTepLmkzqTHpLTA7b3ipM6k26TJpKruiqSkpLek3qS5oaM8L2ZvbnQ+CjwvdGQ+PC90cj4KPC90Ym9keT48L3RhYmxlPgo8YnI+PGJyPjxjZW50ZXI+CjxkaXY+Cgo8L2Rpdj4KPC9jZW50ZXI+PGJyPgogICAgICAgIDxkaXYgYWxpZ249ImNlbnRlciI+Cjx0YWJsZSBjZWxsc3BhY2luZz0iMSIgY2VsbHBhZGRpbmc9IjUiIHdpZHRoPSI2MDAiIGJnY29sb3I9IiMwMDAwMDAiIGFsaWduPSJjZW50ZXIiPjxUQk9EWT4KCjxUUj4KICAgICAgPHRkIGJnY29sb3I9IiNmMGYwZjAiIGFsaWduPSJjZW50ZXIiIHdpZHRoPSIxMjIiPjxmb250IGNvbG9yPSIjNjY2NjY2IiBzaXplPSIyIj7JzMa3w/s8L2ZvbnQ+PC90ZD4KICAgICAgPHRkIGJnY29sb3I9IiNmZmZmZmYiIHdpZHRoPSI0NTUiPjxGT05UIGNvbG9yPSMwMDAwMDAiIHNpemU9LTE+peylrqXlpempYKWrpempYKXspbapYKWzqWClyc3ouO+8fiAxLjBtbbf5PC9GT05UPjwvdGQ+CiAgICA8L1RSPgo8VFI+CiAgICAgIDx0ZCBiZ2NvbG9yPSIjZjBmMGYwIiBhbGlnbj0iY2VudGVyIiB3aWR0aD0iMTIyIj48Zm9udCBjb2xvcj0iIzY2NjY2NiIgc2l6ZT0iMiI+paul6algPC9mb250PjwvdGQ+CiAgICAgIDx0ZCBiZ2NvbG9yPSIjZmZmZmZmIiB3aWR0aD0iNDU1Ij48Rk9OVCBjb2xvcj0jMDAwMDAwIiBzaXplPS0xPgqlqqXqqWCl1qWwpeqpYKXzL6XAqWClr6WwpeqpYKXzL6Wmpaml66XKpcOlyKXWpemlpqXzL6XppaSlyKWwpeypYC+l6aXUpbml1qXrqWAvpaqpYKW3peOl86XWpeupYDxicj4KLSotKi0qLSotKi0qLSotKjxicj4KuO+k0qTiMW1tt/ml7KWupeWl6algpaul6algPGJyPgrL+6TOyaukz6SzpMGk6Txicj4KLSotKi0qLSotKi0qLSotKjxicj48L0ZPTlQ+PC90ZD4KICAgIDwvVFI+CjxUUj4KICAgICAgPHRkIGJnY29sb3I9IiNmMGYwZjAiIGFsaWduPSJjZW50ZXIiIHdpZHRoPSIxMjIiPjxmb250IGNvbG9yPSIjNjY2NjY2IiBzaXplPSIyIj6ltaWkpboovHMpPC9mb250PjwvdGQ+CiAgICAgIDx0ZCBiZ2NvbG9yPSIjZmZmZmZmIiB3aWR0aD0iNDU1Ij48Rk9OVCBjb2xvcj0jMDAwMDAwIApzaXplPS0xPrf5o7oxLjBtbS/pTKO6MW08L0ZPTlQ+PC90ZD4KICAgIDwvVFI+CjxUUj4KICAgICAgPHRkIGJnY29sb3I9IiNmMGYwZjAiIGFsaWduPSJjZW50ZXIiIHdpZHRoPSIxMjIiPjxmb250IGNvbG9yPSIjNjY2NjY2IiBzaXplPSIyIj7JzMa31JS8mjwvZm9udD48L3RkPgogICAgICA8dGQgYmdjb2xvcj0iI2ZmZmZmZiIgd2lkdGg9IjQ1NSI+PEZPTlQgY29sb3I9IzAwMDAwMCAKc2l6ZT0tMT48Yj4xbYVnzrukx6TO2JyJ06THpLmhozwvYj48YnI+CiAgICAgIDxiPtF9yv2CgKTHpLTZj8jrpM6I9rrPpMekraTrpMCksTFthWfOu6THpaulw6XIpLukuqTLpLTZj8jrgoDK/bfWpM7pTKS1pMekqsvNpOqktaS7pMakpKS/pMCkpKTGpKqk6qTepLmhozwvYj48YnI+CgogICAgICA8YnI+CqO8o7zA/aO+o748YnI+CjOCgKS02Y/I66TOiPa6zz8/PzFtocEzsb6kx6TPpMqkrzNtocExsb6kx6TOsGvLzaTHpLmhozwvRk9OVD4gPGJyPgogICAgICA8YnI+CiAgICAgIDxmb250IHNpemU9Ii0xIj6h+bWrpLfU2o7s17SbcqTLpOikw6TGpM/Jz9Ob0tTN4qTHpM6kqr3spLGky6TKpOuI9rrPpOKktKS2pKSk3qS5oaOkvaTO60ikz6SzpMGk6aSrpOmktN9CvWqktaS7pMakpKS/pMCkpKTGpKqk6qTepLmhoyA8YnI+CiAgICAgINPopOGktMHLs9CkpKS/pMCkraTepLmk6KSmpKruiqSkpKSkv6S3pN6kuaGjPC9mb250PiAgICAgIDwvdGQ+CiAgICA8L1RSPgo8VFI+CiAgICAgIDx0ZCBiZ2NvbG9yPSIjZjBmMGYwIiBhbGlnbj0iY2VudGVyIiB3aWR0aD0iMTIyIj48Zm9udCBjb2xvcj0iIzY2NjY2NiIgc2l6ZT0iMiI+y9iyxDwvZm9udD48L3RkPgogICAgICA8dGQgYmdjb2xvcj0iI2ZmZmZmZiIgd2lkdGg9IjQ1NSI+PEZPTlQgY29sb3I9IzAwMDAwMCAKc2l6ZT0tMT7Fo7jvPC9GT05UPjwvdGQ+CiAgICA8L1RSPgo8VFI+CiAgICAgIDx0ZCBiZ2NvbG9yPSIjZjBmMGYwIiBhbGlnbj0iY2VudGVyIiB3aWR0aD0iMTIyIj48Zm9udCBjb2xvcj0iIzY2NjY2NiIgc2l6ZT0iMiI+yfquYrn6PC9mb250PjwvdGQ+CiAgICAgIDx0ZCBiZ2NvbG9yPSIjZmZmZmZmIiB3aWR0aD0iNDU1Ij48Rk9OVCBjb2xvcj0jMDAwMDAwIApzaXplPS0xPm1hZGUgaW4gaW5kaWE8L0ZPTlQ+PC90ZD4KICAgIDwvVFI+CjxUUj4KICAgICAgPHRkIGJnY29sb3I9IiNmMGYwZjAiIGFsaWduPSJjZW50ZXIiIHdpZHRoPSIxMjIiPjxmb250IGNvbG9yPSIjNjY2NjY2IiBzaXplPSIyIj6C5L+8PC9mb250PjwvdGQ+CiAgICAgIDx0ZCBiZ2NvbG9yPSIjZmZmZmZmIiB3aWR0aD0iNDU1Ij48Zm9udCBjb2xvcj0iI2ZmMDAwMCIgc2l6ZT0iLTEiPgqh+aSqyrmkpKTOUEOtaL6zpMuk6KTqjGfrSKTOpKrJq6TIrpCkyqTriPa6z6SspLSktqSkpN6kuaTOpMfT6KThpLTBy7PQpK+kwKS1pKSk3qS7oaM8YnI+CqH5uqPN4srLyOuk7KTO0XXGt6TOpL+k4aSqyauhotDOpMqkycrLyOuk7JVyxtqk5KXtpcOlyKTLpOik6sj0uMmkzrLurpCkrKSipOuI9rrPpKyktKS2pKSk3qS5oaM8YnI+CqH5xaO477bAzNikzs/jpOqk5KW3pe+hoqXopey1yKSspKKk64j2us+k4qS0pLakpKTepLmkrMzsyLvL2LLEpM6kyqTppMekz6TOzrakx6S5pM6kx9fz05ukzsDt08mky6TopOu3tca3P727k1Gkz6SqytyksaS3pMakqqTqpN6ku6TzoaM8YnI+CtPopOGktMHLs9CkzqSmpKiktNmPyOukpKS/pMCkraTepLmk6KSmpKruiqSkpKSkv6S3pN6kuaGjPC9mb250PjwvdGQ+CiAgICA8L1RSPgo8L3Rib2R5PjwvdGFibGU+PC9kaXY+Cjxicj48YnI+CjxkaXY+Cgo8L2Rpdj4KPGJyPjxicj4KPGRpdiBhbGlnbj0iY2VudGVyIj4KPGltZyBzcmM9Imh0dHA6Ly9pbWFnZS5yYWt1dGVuLmNvLmpwL3Bpbmttb25rZXkvY2FiaW5ldC9jYXRlZ29yeS82MDBibnItY29yZC5qcGciIGJvcmRlcj0iMCI+PGJyPjxicj4KPGltZyBzcmM9Imh0dHA6Ly9pbWFnZS5yYWt1dGVuLmNvLmpwL3Bpbmttb25rZXkvY2FiaW5ldC9jYXRlZ29yeS82MDAtaG0tZW5kcGFydHMuanBnIiBib3JkZXI9IjAiPjxicj48YnI+CjwvZGl2PjxzdHlsZT4KCi8qyczGt6XaqWCluCovCgpzcGFuLnByaWNlMSB7CglkaXNwbGF5OiBibG9jayAhaW1wb3J0YW50OwoJZm9udC1zaXplOiAxMnB4ICFpbXBvcnRhbnQ7Cgljb2xvcjogI2ZmMDAwMCAhaW1wb3J0YW50OwoJdmVydGljYWwtYWxpZ246IGJvdHRvbSAhaW1wb3J0YW50OwoJbGluZS1oZWlnaHQ6IDEuMmVtICFpbXBvcnRhbnQ7CglwYWRkaW5nLXRvcDogMC42ZW0gIWltcG9ydGFudDsKCXBhZGRpbmctcmlnaHQ6IDFlbSAhaW1wb3J0YW50Owp9CgpzcGFuLnByaWNlMiB7Cglmb250LXNpemU6IDIwcHggIWltcG9ydGFudDsKCWZvbnQtd2VpZ2h0OiBib2xkICFpbXBvcnRhbnQ7Cgljb2xvcjogI2ZmMDAwMCAhaW1wb3J0YW50OwoJdmVydGljYWwtYWxpZ246IGJvdHRvbSAhaW1wb3J0YW50OwoJbGluZS1oZWlnaHQ6IDEuMmVtIWltcG9ydGFudDsKfQoKLyogpKqa3aTLyOuk6snMxre1x+Vou63P8YnkuPwgKi8KYm9keSAjcmFrdXRlbkxpbWl0ZWRJZF9hcm91bmRDYXJ0IGRpdi5ia217CndpZHRoOiAzMDZweCAhaW1wb3J0YW50Owp9CmJvZHkgZGl2LmJvb2ttYXJrQXJlYSBkaXYuYmttIGEuYWRkQmttIHNwYW4uYmttU3RhciB7CndpZHRoOiAzMDZweCAhaW1wb3J0YW50OwpoZWlnaHQ6IDQ4cHggIWltcG9ydGFudDsKYmFja2dyb3VuZDogdXJsKGh0dHA6Ly9pbWFnZS5yYWt1dGVuLmNvLmpwL3Bpbmttb25rZXkvY2FiaW5ldC9mYXZfYnV0dG9uX2FmdGVyMi5naWYpIG5vLXJlcGVhdCAwIDAgIWltcG9ydGFudDsKfQpib2R5IGRpdi5ib29rbWFya0FyZWEgZGl2LmJrbSBhLmFkZEJrbSB7CndpZHRoOiAzMDZweCAhaW1wb3J0YW50OwpoZWlnaHQ6IDQ4cHggIWltcG9ydGFudDsKfQoKLyogpKqa3aTLyOuk6qW3peelw6XXtcflaLutz/GJ5Lj8ICovCmJvZHkgI3Jha3V0ZW5MaW1pdGVkSWRfYXJvdW5kQ2FydCBkaXYuc2hvcEJrbXsKd2lkdGg6IDMwNnB4ICFpbXBvcnRhbnQ7CnBhZGRpbmctbGVmdDogMHB4ICFpbXBvcnRhbnQ7Cn0KYm9keSBkaXYuc2hvcEJvb2ttYXJrQXJlYSBkaXYuc2hvcEJrbSBhLmFkZFNob3BCa20gc3Bhbi5zaG9wQmttU3RhciB7CndpZHRoOiAzMDZweCAhaW1wb3J0YW50OwpoZWlnaHQ6IDQ4cHggIWltcG9ydGFudDsKYmFja2dyb3VuZDogdXJsKGh0dHA6Ly9pbWFnZS5yYWt1dGVuLmNvLmpwL3Bpbmttb25rZXkvY2FiaW5ldC9mYXZzaG9wX2J1dHRvbl9hZnRlci5naWYpIG5vLXJlcGVhdCAwIDAgIWltcG9ydGFudDsKfQpib2R5IGRpdi5zaG9wQm9va21hcmtBcmVhIGRpdi5zaG9wQmttIGEuYWRkU2hvcEJrbSB7CndpZHRoOiAzMDZweCAhaW1wb3J0YW50OwpoZWlnaHQ6IDQ4cHggIWltcG9ydGFudDsKfQoKCi8qIIKAyv3I68GmmdqkzrTzpK2ktSAqLwppbnB1dCN1bml0cyB7CnBhZGRpbmc6IDFweCAwcHg7Cn0KCi8qIKSq2UmkpM7vpKuktKXcpb+l86TOtPOkraS1ICovCmlucHV0IHsKZm9udC1zaXplOiAxN3B4OwpwYWRkaW5nOjEwcHggNDBweDsKd2lkdGg6IGF1dG87CmZvbnQtZmFtaWx5OiKl0qXppa6lzr3HpbQgUHJvIFczIiwgIkhpcmFnaW5vIEtha3UgR290aGljIFBybyIsICKl4aWkpeqlqiIsIE1laXJ5bywgT3Nha2EsICKjzaPTIKPQpbSlt6XDpa8iLCAiTVMgUEdvdGhpYyIsIHNhbnMtc2VyaWYKfQoKLyogobjJzMa3pMukxKSkpMakzoaWpKS6z6TvpLuhuaXcpb+l86TOtPOkraS1Ki8KZm9udCBpbnB1dCB7CmZvbnQtc2l6ZTogMTJweDsKcGFkZGluZzoycHg7CndpZHRoOiAxNTBweDsKfQoKLyqhuO2XxL/feJJr1quyv7fWobkqLwouaW52ZW50b3J5IGlucHV0ewpmb250LXNpemU6IDEycHg7CmJhY2tncm91bmQ6I2ZmZjsKfQoKCi8qIO2XxL/feJJr1qu8e8bapdWlqaXzpciltaWkpboqLwoKdGQuaW52ZW50b3J5IGZvbnR7Zm9udC1zaXplOjEycHg7Y29sb3I6I2ZmMDAwMDt9CgovKiDtl8S/33iSa9arKi8KCiNyYWt1dGVuTGltaXRlZElkX2Fyb3VuZENhcnQgc2VsZWN0IHsKbWFyZ2luOjVweCAwcHg7CnBhZGRpbmc6NXB4Owp9CgojcmFrdXRlbkxpbWl0ZWRJZF9hcm91bmRDYXJ0IHNwYW4uY2hvaWNlOmJlZm9yewpjb250ZW50OiB1cmwoKTsKfQoKLyog17ePvqWrqWClyM/CpKuk6aTOuN+ktSovCgpkaXYgI3Njcm9sbFVwewpib3R0b206IDMwcHg7Cn0KCi8qIJhTzOyXysv3pdCpYKGhpa2pYKXvqWClySAqLwoKZGl2I0hlYWRlcktleXdvcmQgewoJcG9zaXRpb246YWJzb2x1dGU7Cgl0b3A6NTBweDsvKtK7t6zJz6SrpOmkzs671sMqLwoJbGVmdDozMHB4Oy8q1/O2y6SrpOmkzs671sMqLwp9CgpkaXYjSGVhZGVyS2V5d29yZCBzcGFuIHsKCWJhY2tncm91bmQ6ICNiZjAwMDA7Cgljb2xvcjojZmZmOwoJZm9udC13ZWlnaHQ6Ym9sZDsKCXBhZGRpbmc6MnB4IDVweDsKfQoKZGl2I0hlYWRlcktleXdvcmQgYSB7Cgljb2xvcjojMDA0NENDOwp9Cgo8L3N0eWxlPgoKCgoKPCEtLSCloqWvpbultaXqqWCl0algpcSlq6XGpbSl6qlgIC0tPgo8ZGl2IGFsaWduPSJjZW50ZXIiPgo8aW1nIHNyYz0iaHR0cDovL2ltYWdlLnJha3V0ZW4uY28uanAvcGlua21vbmtleS9jYWJpbmV0L2NhdGVnb3J5L2htNzYwLmpwZyIgYWx0PSKloqWvpbultaXqqWCl0algpcTSu9NFpNgiPgo8L2Rpdj4KPGRpdiBhbGlnbj0iY2VudGVyIj4KCjwvZGl2Pgo8IS0tIC+loqWvpbultaXqqWCl0algpcSlq6XGpbSl6qlgIC0tPgoKCjwhLS0gpbel56XDpdSl86WwpaylpKXJIC0tPgoKPCEtLSAvpbel56XDpdSl86WwpaylpKXJIC0tPgoKCgoKCjxkaXYgaWQ9IkhlYWRlcktleXdvcmQiPgo8c3Bhbj7XosS/pM6lralgpe+pYKXJPC9zcGFuPgqlq6Xrpcilyqlgpbil5Qq476TSpOIKpbOpYKXKqWC98L7fCqW3peqls6Xz0M0gpeyluKXzCsfQpOrOxNfWIMS+0XUgpNKk6aSspMoKpb+lw6W7pesKpdylv6XzIKXppcOl16XWpeyluQo8L2Rpdj4KPCEtLSCYU8zsl8rL96XQqWChoaWtqWCl76lgpclFTkQgLS0+,peylrqXlpempYKWrpempYCCl7KW2qWCls6lgpcnN6LjvvH4oMW1tt/kmdGltZXM7MW0psb647yDFo7jvIMfQpOqJ06TqIDFNhWfOu6G+pOakpqXRpbGlw6XIQYydj+qhv6O6ytbcv7LEwc+kzqSqteogpaKl86W3peOl86XGuaS3vw==,uO+8fiDNqNicpeyluKXzILLEwc+l7KW4pfMg0M2l7KW4pfMgpdGpYKXEpc+l86XJpeGlpKXJILLEwc8g2JyJ06XPpfOlyaXhpaSlySCloqWvpbultaXqqWAgssTBz6XPpfOlyaXhpaSlySCyxMHPILyksLKlz6Xzpcml4aWkpckgpdSloqW5ILLEwc+lz6Xzpcml4aWkpckgpdal7KW5peylw6XIILLEwc+lq6Xrpcilyqlgpbil5SCyxMHPIM2o2Jylt6XqpbOl86XiqWCl66XJIKXspbil87jvvH4gILG+uO+477x+ILyapKSl7KW2qWCls6lgpckgMW1tpeyltqlgpbOpYKXJIMa9paKlr6W7pbWl6qlgIKXRqWClxCDNqNicIKSqpLmkuaThpaKlr6W7pbWl6qlgIL3wvt+l1KWipbkgzKi8iKXUpaKluSClx6Wjpbml16XspaSl7KW4pfMgt+LI6yDL2LLEpeylrqXlpempYKWrpempYCCl7KW2qWCls6lgpcnN6LjvvH4oMW1tt/kmdGltZXM7MW0psb647yDFo7jvIMfQpOqJ06TqIDFNhWfOu6G+pOakpqXRpbGlw6XIQYydj+qhvw==,ob6k5qSmpdGlsaXDpchBjJ2P6qG/oaOl7KWupeWl6algpaul6algIKXspbapYKWzqWClyc3ouO+8figxbW23+SZ0aW1lczsxbSmxvrjvIMWjuO8gx9Ck6onTpOogMU2FZ867ob6k5qSmpdGlsaXDpchBjJ2P6qG/[rn]
25-29640,aHR0cDovL3RzaG9wLnIxMHMuanAvcGlua21vbmtleS9jYWJpbmV0L2hhbmRtYWRlL2htLTEtODQtbWF0b21lMC5qcGc/Zml0aW49NzAwOjcwMA==,MTM2LjAwMDA=,,yNXTw8a362rYmz/OxLe/vt8/ytbcvyA+IMrW3L8/pa+l6aXVpcg/yfq12CA+ILLDv3CyxMHPID4gpNKk4g==,peylrqXlpempYKWrpempYKXspbapYKWzqWClyc3ouO+8figzbW23+aHBMW0psb647yDFo7jvIMfQpOqJ06TqIDFNhWfOu6G+pOakpqXRpbGlw6XIQYydj+qhvw==,ob6k5qSmpdGlsaXDpchBjJ2P6qG/,PGNlbnRlcj4KPGRpdj4KCjwvZGl2Pgo8L2NlbnRlcj48YnI+CiAgICAgICAgPGRpdiBhbGlnbj0iY2VudGVyIj4KPHRhYmxlIGNlbGxzcGFjaW5nPSIxIiBjZWxscGFkZGluZz0iNSIgd2lkdGg9IjYwMCIgYmdjb2xvcj0iIzAwMDAwMCIgYWxpZ249ImNlbnRlciI+PFRCT0RZPgoKPFRSPgogICAgICA8dGQgYmdjb2xvcj0iI2YwZjBmMCIgYWxpZ249ImNlbnRlciIgd2lkdGg9IjEyMiI+PGZvbnQgY29sb3I9IiM2NjY2NjYiIHNpemU9IjIiPsnMxrfD+zwvZm9udD48L3RkPgogICAgICA8dGQgYmdjb2xvcj0iI2ZmZmZmZiIgd2lkdGg9IjQ1NSI+PEZPTlQgY29sb3I9IzAwMDAwMCIgc2l6ZT0tMT6l7KWupeWl6algpaul6algpeyltqlgpbOpYKXJzei477x+IDMuMG1tt/k8L0ZPTlQ+PC90ZD4KICAgIDwvVFI+CjxUUj4KICAgICAgPHRkIGJnY29sb3I9IiNmMGYwZjAiIGFsaWduPSJjZW50ZXIiIHdpZHRoPSIxMjIiPjxmb250IGNvbG9yPSIjNjY2NjY2IiBzaXplPSIyIj6lq6XpqWA8L2ZvbnQ+PC90ZD4KICAgICAgPHRkIGJnY29sb3I9IiNmZmZmZmYiIHdpZHRoPSI0NTUiPjxGT05UIGNvbG9yPSMwMDAwMDAiIHNpemU9LTE+CqXppaSlyKW/pfOl1qXppaal8y+lv6Xzpdal6aWmpfMvpdal6aXDpa8opeylrqXlpempYCk8L0ZPTlQ+PC90ZD4KICAgIDwvVFI+CjxUUj4KICAgICAgPHRkIGJnY29sb3I9IiNmMGYwZjAiIGFsaWduPSJjZW50ZXIiIHdpZHRoPSIxMjIiPjxmb250IGNvbG9yPSIjNjY2NjY2IiBzaXplPSIyIj6ltaWkpboovHMpPC9mb250PjwvdGQ+CiAgICAgIDx0ZCBiZ2NvbG9yPSIjZmZmZmZmIiB3aWR0aD0iNDU1Ij48Rk9OVCBjb2xvcj0jMDAwMDAwIApzaXplPS0xPrf5o7ozLjBtbS/pTKO6MW08L0ZPTlQ+PC90ZD4KICAgIDwvVFI+CjxUUj4KICAgICAgPHRkIGJnY29sb3I9IiNmMGYwZjAiIGFsaWduPSJjZW50ZXIiIHdpZHRoPSIxMjIiPjxmb250IGNvbG9yPSIjNjY2NjY2IiBzaXplPSIyIj7JzMa31JS8mjwvZm9udD48L3RkPgogICAgICA8dGQgYmdjb2xvcj0iI2ZmZmZmZiIgd2lkdGg9IjQ1NSI+PEZPTlQgY29sb3I9IzAwMDAwMCAKc2l6ZT0tMT48Yj4xbYVnzrukx6TO2JyJ06THpLmhozwvYj48YnI+CiAgICAgIDxiPtF9yv2CgKTHpLTZj8jrpM6I9rrPpMekraTrpMCksTFthWfOu6THpaulw6XIpLukuqTLpLTZj8jrgoDK/bfWpM7pTKS1pMekqsvNpOqktaS7pMakpKS/pMCkpKTGpKqk6qTepLmhozwvYj48YnI+CgogICAgICA8YnI+CqO8o7zA/aO+o748YnI+CjOCgKS02Y/I66TOiPa6zz8/PzFtocEzsb6kx6TPpMqkrzNtocExsb6kx6TOsGvLzaTHpLmhozwvRk9OVD4gPGJyPgogICAgICA8YnI+CiAgICAgIDxmb250IHNpemU9Ii0xIj6h+bWrpLfU2o7s17SbcqTLpOikw6TGpM/Jz9Ob0tTN4qTHpM6kqr3spLGky6TKpOuI9rrPpOKktKS2pKSk3qS5oaOkvaTO60ikz6SzpMGk6aSrpOmktN9CvWqktaS7pMakpKS/pMCkpKTGpKqk6qTepLmhoyA8YnI+CiAgICAgINPopOGktMHLs9CkpKS/pMCkraTepLmk6KSmpKruiqSkpKSkv6S3pN6kuaGjPC9mb250PiAgICAgIDwvdGQ+CiAgICA8L1RSPgo8VFI+CiAgICAgIDx0ZCBiZ2NvbG9yPSIjZjBmMGYwIiBhbGlnbj0iY2VudGVyIiB3aWR0aD0iMTIyIj48Zm9udCBjb2xvcj0iIzY2NjY2NiIgc2l6ZT0iMiI+y9iyxDwvZm9udD48L3RkPgogICAgICA8dGQgYmdjb2xvcj0iI2ZmZmZmZiIgd2lkdGg9IjQ1NSI+PEZPTlQgY29sb3I9IzAwMDAwMCAKc2l6ZT0tMT7Fo7jvPC9GT05UPjwvdGQ+CiAgICA8L1RSPgo8VFI+CiAgICAgIDx0ZCBiZ2NvbG9yPSIjZjBmMGYwIiBhbGlnbj0iY2VudGVyIiB3aWR0aD0iMTIyIj48Zm9udCBjb2xvcj0iIzY2NjY2NiIgc2l6ZT0iMiI+yfquYrn6PC9mb250PjwvdGQ+CiAgICAgIDx0ZCBiZ2NvbG9yPSIjZmZmZmZmIiB3aWR0aD0iNDU1Ij48Rk9OVCBjb2xvcj0jMDAwMDAwIApzaXplPS0xPm1hZGUgaW4gaW5kaWE8L0ZPTlQ+PC90ZD4KICAgIDwvVFI+CjxUUj4KICAgICAgPHRkIGJnY29sb3I9IiNmMGYwZjAiIGFsaWduPSJjZW50ZXIiIHdpZHRoPSIxMjIiPjxmb250IGNvbG9yPSIjNjY2NjY2IiBzaXplPSIyIj6C5L+8PC9mb250PjwvdGQ+CiAgICAgIDx0ZCBiZ2NvbG9yPSIjZmZmZmZmIiB3aWR0aD0iNDU1Ij48Zm9udCBjb2xvcj0iI2ZmMDAwMCIgc2l6ZT0iLTEiPgqh+aSqyrmkpKTOUEOtaL6zpMuk6KTqjGfrSKTOpKrJq6TIrpCkyqTriPa6z6SspLSktqSkpN6kuaTOpMfT6KThpLTBy7PQpK+kwKS1pKSk3qS7oaM8YnI+CqH5xaO477bAzNikzs/jpOqk5KW3pe+hoqXopey1yKSspKKk64j2us+k4qS0pLakpKTepLmkrMzsyLvL2LLEpM6kyqTppMekz6TOzrakx6S5pM6kx9fz05ukzsDt08mky6TopOu3tca3P727k1Gkz6SqytyksaS3pMakqqTqpN6ku6TzoaM8YnI+CtPopOGktMHLs9CkzqSmpKiktNmPyOukpKS/pMCkraTepLmk6KSmpKruiqSkpKSkv6S3pN6kuaGjPC9mb250PjwvdGQ+CiAgICA8L1RSPgo8L3Rib2R5PjwvdGFibGU+PC9kaXY+Cjxicj48YnI+CjxkaXY+Cgo8L2Rpdj4KPGJyPjxicj4KPGRpdiBhbGlnbj0iY2VudGVyIj4KPGltZyBzcmM9Imh0dHA6Ly9pbWFnZS5yYWt1dGVuLmNvLmpwL3Bpbmttb25rZXkvY2FiaW5ldC9jYXRlZ29yeS82MDBibnItY29yZC5qcGciIGJvcmRlcj0iMCI+PGJyPjxicj4KPGltZyBzcmM9Imh0dHA6Ly9pbWFnZS5yYWt1dGVuLmNvLmpwL3Bpbmttb25rZXkvY2FiaW5ldC9jYXRlZ29yeS82MDAtaG0tZW5kcGFydHMuanBnIiBib3JkZXI9IjAiPjxicj48YnI+CjwvZGl2PjxzdHlsZT4KCi8qyczGt6XaqWCluCovCgpzcGFuLnByaWNlMSB7CglkaXNwbGF5OiBibG9jayAhaW1wb3J0YW50OwoJZm9udC1zaXplOiAxMnB4ICFpbXBvcnRhbnQ7Cgljb2xvcjogI2ZmMDAwMCAhaW1wb3J0YW50OwoJdmVydGljYWwtYWxpZ246IGJvdHRvbSAhaW1wb3J0YW50OwoJbGluZS1oZWlnaHQ6IDEuMmVtICFpbXBvcnRhbnQ7CglwYWRkaW5nLXRvcDogMC42ZW0gIWltcG9ydGFudDsKCXBhZGRpbmctcmlnaHQ6IDFlbSAhaW1wb3J0YW50Owp9CgpzcGFuLnByaWNlMiB7Cglmb250LXNpemU6IDIwcHggIWltcG9ydGFudDsKCWZvbnQtd2VpZ2h0OiBib2xkICFpbXBvcnRhbnQ7Cgljb2xvcjogI2ZmMDAwMCAhaW1wb3J0YW50OwoJdmVydGljYWwtYWxpZ246IGJvdHRvbSAhaW1wb3J0YW50OwoJbGluZS1oZWlnaHQ6IDEuMmVtIWltcG9ydGFudDsKfQoKLyogpKqa3aTLyOuk6snMxre1x+Vou63P8YnkuPwgKi8KYm9keSAjcmFrdXRlbkxpbWl0ZWRJZF9hcm91bmRDYXJ0IGRpdi5ia217CndpZHRoOiAzMDZweCAhaW1wb3J0YW50Owp9CmJvZHkgZGl2LmJvb2ttYXJrQXJlYSBkaXYuYmttIGEuYWRkQmttIHNwYW4uYmttU3RhciB7CndpZHRoOiAzMDZweCAhaW1wb3J0YW50OwpoZWlnaHQ6IDQ4cHggIWltcG9ydGFudDsKYmFja2dyb3VuZDogdXJsKGh0dHA6Ly9pbWFnZS5yYWt1dGVuLmNvLmpwL3Bpbmttb25rZXkvY2FiaW5ldC9mYXZfYnV0dG9uX2FmdGVyMi5naWYpIG5vLXJlcGVhdCAwIDAgIWltcG9ydGFudDsKfQpib2R5IGRpdi5ib29rbWFya0FyZWEgZGl2LmJrbSBhLmFkZEJrbSB7CndpZHRoOiAzMDZweCAhaW1wb3J0YW50OwpoZWlnaHQ6IDQ4cHggIWltcG9ydGFudDsKfQoKLyogpKqa3aTLyOuk6qW3peelw6XXtcflaLutz/GJ5Lj8ICovCmJvZHkgI3Jha3V0ZW5MaW1pdGVkSWRfYXJvdW5kQ2FydCBkaXYuc2hvcEJrbXsKd2lkdGg6IDMwNnB4ICFpbXBvcnRhbnQ7CnBhZGRpbmctbGVmdDogMHB4ICFpbXBvcnRhbnQ7Cn0KYm9keSBkaXYuc2hvcEJvb2ttYXJrQXJlYSBkaXYuc2hvcEJrbSBhLmFkZFNob3BCa20gc3Bhbi5zaG9wQmttU3RhciB7CndpZHRoOiAzMDZweCAhaW1wb3J0YW50OwpoZWlnaHQ6IDQ4cHggIWltcG9ydGFudDsKYmFja2dyb3VuZDogdXJsKGh0dHA6Ly9pbWFnZS5yYWt1dGVuLmNvLmpwL3Bpbmttb25rZXkvY2FiaW5ldC9mYXZzaG9wX2J1dHRvbl9hZnRlci5naWYpIG5vLXJlcGVhdCAwIDAgIWltcG9ydGFudDsKfQpib2R5IGRpdi5zaG9wQm9va21hcmtBcmVhIGRpdi5zaG9wQmttIGEuYWRkU2hvcEJrbSB7CndpZHRoOiAzMDZweCAhaW1wb3J0YW50OwpoZWlnaHQ6IDQ4cHggIWltcG9ydGFudDsKfQoKCi8qIIKAyv3I68GmmdqkzrTzpK2ktSAqLwppbnB1dCN1bml0cyB7CnBhZGRpbmc6IDFweCAwcHg7Cn0KCi8qIKSq2UmkpM7vpKuktKXcpb+l86TOtPOkraS1ICovCmlucHV0IHsKZm9udC1zaXplOiAxN3B4OwpwYWRkaW5nOjEwcHggNDBweDsKd2lkdGg6IGF1dG87CmZvbnQtZmFtaWx5OiKl0qXppa6lzr3HpbQgUHJvIFczIiwgIkhpcmFnaW5vIEtha3UgR290aGljIFBybyIsICKl4aWkpeqlqiIsIE1laXJ5bywgT3Nha2EsICKjzaPTIKPQpbSlt6XDpa8iLCAiTVMgUEdvdGhpYyIsIHNhbnMtc2VyaWYKfQoKLyogobjJzMa3pMukxKSkpMakzoaWpKS6z6TvpLuhuaXcpb+l86TOtPOkraS1Ki8KZm9udCBpbnB1dCB7CmZvbnQtc2l6ZTogMTJweDsKcGFkZGluZzoycHg7CndpZHRoOiAxNTBweDsKfQoKLyqhuO2XxL/feJJr1quyv7fWobkqLwouaW52ZW50b3J5IGlucHV0ewpmb250LXNpemU6IDEycHg7CmJhY2tncm91bmQ6I2ZmZjsKfQoKCi8qIO2XxL/feJJr1qu8e8bapdWlqaXzpciltaWkpboqLwoKdGQuaW52ZW50b3J5IGZvbnR7Zm9udC1zaXplOjEycHg7Y29sb3I6I2ZmMDAwMDt9CgovKiDtl8S/33iSa9arKi8KCiNyYWt1dGVuTGltaXRlZElkX2Fyb3VuZENhcnQgc2VsZWN0IHsKbWFyZ2luOjVweCAwcHg7CnBhZGRpbmc6NXB4Owp9CgojcmFrdXRlbkxpbWl0ZWRJZF9hcm91bmRDYXJ0IHNwYW4uY2hvaWNlOmJlZm9yewpjb250ZW50OiB1cmwoKTsKfQoKLyog17ePvqWrqWClyM/CpKuk6aTOuN+ktSovCgpkaXYgI3Njcm9sbFVwewpib3R0b206IDMwcHg7Cn0KCi8qIJhTzOyXysv3pdCpYKGhpa2pYKXvqWClySAqLwoKZGl2I0hlYWRlcktleXdvcmQgewoJcG9zaXRpb246YWJzb2x1dGU7Cgl0b3A6NTBweDsvKtK7t6zJz6SrpOmkzs671sMqLwoJbGVmdDozMHB4Oy8q1/O2y6SrpOmkzs671sMqLwp9CgpkaXYjSGVhZGVyS2V5d29yZCBzcGFuIHsKCWJhY2tncm91bmQ6ICNiZjAwMDA7Cgljb2xvcjojZmZmOwoJZm9udC13ZWlnaHQ6Ym9sZDsKCXBhZGRpbmc6MnB4IDVweDsKfQoKZGl2I0hlYWRlcktleXdvcmQgYSB7Cgljb2xvcjojMDA0NENDOwp9Cgo8L3N0eWxlPgoKCgoKPCEtLSCloqWvpbultaXqqWCl0algpcSlq6XGpbSl6qlgIC0tPgo8ZGl2IGFsaWduPSJjZW50ZXIiPgo8aW1nIHNyYz0iaHR0cDovL2ltYWdlLnJha3V0ZW4uY28uanAvcGlua21vbmtleS9jYWJpbmV0L2NhdGVnb3J5L2htNzYwLmpwZyIgYWx0PSKloqWvpbultaXqqWCl0algpcTSu9NFpNgiPgo8L2Rpdj4KPGRpdiBhbGlnbj0iY2VudGVyIj4KCjwvZGl2Pgo8IS0tIC+loqWvpbultaXqqWCl0algpcSlq6XGpbSl6qlgIC0tPgoKCjwhLS0gpbel56XDpdSl86WwpaylpKXJIC0tPgoKPCEtLSAvpbel56XDpdSl86WwpaylpKXJIC0tPgoKCgoKCjxkaXYgaWQ9IkhlYWRlcktleXdvcmQiPgo8c3Bhbj7XosS/pM6lralgpe+pYKXJPC9zcGFuPgqlq6Xrpcilyqlgpbil5Qq476TSpOIKpbOpYKXKqWC98L7fCqW3peqls6Xz0M0gpeyluKXzCsfQpOrOxNfWIMS+0XUgpNKk6aSspMoKpb+lw6W7pesKpdylv6XzIKXppcOl16XWpeyluQo8L2Rpdj4KPCEtLSCYU8zsl8rL96XQqWChoaWtqWCl76lgpclFTkQgLS0+,peylrqXlpempYKWrpempYKXspbapYKWzqWClyc3ouO+8figzbW23+SZ0aW1lczsxbSmxvrjvIMWjuO8gx9Ck6onTpOogMU2FZ867ob6k5qSmpdGlsaXDpchBjJ2P6qG/o7rK1ty/ssTBz6TOpKq16iCloqXzpbel46Xzpca5pLe/,uO+8fiDNqNicpeyluKXzILLEwc+l7KW4pfMg0M2l7KW4pfMgpdGpYKXEpc+l86XJpeGlpKXJILLEwc8g2JyJ06XPpfOlyaXhpaSlySCloqWvpbultaXqqWAgssTBz6XPpfOlyaXhpaSlySCyxMHPILyksLKlz6Xzpcml4aWkpckgpdSloqW5ILLEwc+lz6Xzpcml4aWkpckgpdal7KW5peylw6XIILLEwc+lq6Xrpcilyqlgpbil5SCyxMHPIM2o2Jylt6XqpbOl86XiqWCl66XJIKXspbil87jvvH4gILG+uO+477x+ILyapKSl7KW2qWCls6lgpckgMW1tpeyltqlgpbOpYKXJIMa9paKlr6W7pbWl6qlgIKXRqWClxCDNqNicIKSqpLmkuaThpaKlr6W7pbWl6qlgIL3wvt+l1KWipbkgzKi8iKXUpaKluSClx6Wjpbml16XspaSl7KW4pfMgt+LI6yDL2LLEpeylrqXlpempYKWrpempYKXspbapYKWzqWClyc3ouO+8figzbW23+SZ0aW1lczsxbSmxvrjvIMWjuO8gx9Ck6onTpOogMU2FZ867ob6k5qSmpdGlsaXDpchBjJ2P6qG/,ob6k5qSmpdGlsaXDpchBjJ2P6qG/oaOl7KWupeWl6algpaul6algpeyltqlgpbOpYKXJzei477x+KDNtbbf5JnRpbWVzOzFtKbG+uO8gxaO47yDH0KTqidOk6iAxTYVnzruhvqTmpKal0aWxpcOlyEGMnY/qob8=[rn]
25-29641,aHR0cDovL3RzaG9wLnIxMHMuanAvcGlua21vbmtleS9jYWJpbmV0L2hhbmRtYWRlL2hlYmk0LmpwZz9maXRpbj03MDA6NzAw,MzY1LjYwMDA=,,yNXTw8a362rYmz/OxLe/vt8/ytbcvyA+IMrW3L8/pa+l6aXVpcg/yfq12CA+ILLDv3CyxMHPID4gpNKk4g==,pe+l86W1paSlyaW5pcalw6XBpeyltqlgpbOpYKXJoaG476TSpOLMq83oob6k5qSmpdGlsaXDpchBjJ2P6qG/,ob6k5qSmpdGlsaXDpchBjJ2P6qG/,PGRpdiBhbGlnbj0iY2VudGVyIj4KPHRhYmxlIGNlbGxzcGFjaW5nPSIyIiBiZ2NvbG9yPSIjZmYwMDAwIiBjZWxscGFkZGluZz0iNSIgd2lkdGg9IjEwMCUiPgo8dGJvZHk+PHRyPgogICAgICA8dGQgYmdjb2xvcj0iI2ZmZmZmZiI+PHA+PGZvbnQgc2l6ZT0iLTEiIGNvbG9yPSIjZmYwMDAwIj6hvqS02Y/I68ewpMux2KS6pKrVaaTfpK+kwKS1pKShvzxicj4KICAgICAgICAgICAgPGJyPgogICAgICAgIDwvZm9udD48Zm9udCBzaXplPSItMSIgY29sb3I9IiMwMDAwMDAiPqH5MaGisb7Rdca3pM81MGNthWfOu6THpM7YnInTpMekuaGjPGJyPgogICAgICAgIDxicj4KICAgICAgICChvsD9o7qhuDFNobnZj8jrz6PN+6TOiPa6z6G/oaHXos7Eyv3Bv6G4o7KhuaTIpMqk6qTepLmhozxicj4KICAgICAgICA8YnI+CiAgICAgICAgofnJzMa3pM7M2NDUpMuk6KTqoaK476TypMSkyqSuus+k76S7pL++QKSuxL+krLqspN6k7KTriPa6z6SspLSktqSkpN6kuaGjPGJyPgogICAgICAgIMzYpMuhotF9yv3Bv6TypLTXos7E7ZSkraTepLekv4j2us+kz6Gi1sKkt7e9pMqkpMnMxrekyKTKpOqk3qS5oaM8YnI+CiAgICAgICAgPGJyPgogICAgICAgIKH5MqGipceltqWkpfOkzqSipOvJzMa3pM+lq6XDpcikuaTr6UyktaTLpOikw6TGsfqk5MSjmJSkzrP2t72krInkpO+kw6TGpK2k3qS5oaM8YnI+CiAgICAgICAgPGJyPgogICAgICAgIKH5sb6476TyyrnTw6S3pMakpKTepLmkzqTHtsDM2KTOz+Ok6qSspLSktqSkpN6kuaGjpN6kv6GiPC9mb250Pjxmb250IHNpemU9Ii0xIiBjb2xvcj0iIzAwMDAwMCI+0KGktaTKpbel76Tkpeil7KGipbmlxqXDpcGkzsLSpOy1yKSspLSktqSkpN6kuaGjPGJyPgogICAgICAgIDxicj4KICAgICAgICAgIKH5M6GipL2kzsv7oaKktLK7w/ekyrXjoaKkqoaWpKS6z6TvpLukz8/C05uk3qTHoaKkqoaWpKS6z6TvpLukr6TApLWkpKGjPGJyPgogICAgICAgICAgob6kqoaWpKS6z6TvpLvPyKO6MDc0Mi0zMC00NDY3ob88L2ZvbnQ+PGJyPgogICAgICAgICAgICA8YnI+CiAgICAgICAgICAgIDxmb250IHNpemU9Ii0xIiBjb2xvcj0iI2ZmMDAwMCI+0+ik4aGiyc/Tm8TayN2k8qS0wcuz0KTOyc+hoqS016LOxO2UpLGk3qS5pOikpqGipOik7aS3pK+kqu6KpKSkpKS/pLek3qS5oaM8L2ZvbnQ+PC9wPgo8L3RkPgo8L3RyPjwvdGJvZHk+PC90YWJsZT48L2Rpdj4KPGJyPjxicj4KPGRpdiBjbGFzcz0iaXRlbURlc2MiPgo8ZGl2IGNsYXNzPSJpdGVtVGFibGUiPgoKPHRhYmxlPgo8Y2FwdGlvbj7JzMa3pMukxKSkpMY8L2NhcHRpb24+Cjx0cj4KPHRoPjxzcGFuPsnMxrfD+zwvc3Bhbj48L3RoPgo8dGQ+pc+l86XJpeGlpKXJ08PGtyDFwLPm7pCl16XqpfOlyCCl76XzpbWlpKXJpbmlxqXDpcGl7KW2qWCls6lgpcmhobjvpNKk4i8gpdal6aWmpfOl0aWkpb2l8y/J36GhRCDH0KTqidOk6qOoNTBjbYVnzrspPC90ZD4KPC90cj4KPHRyPgo8dGg+PHNwYW4+pbWlpKW6KLxzKTwvc3Bhbj48L3RoPgo8dGQ+KLxzKSC3+aO6MTBtbS+68aTfo7o1bW08L3RkPgo8L3RyPgo8dHI+Cjx0aD48c3Bhbj7L2LLEPC9zcGFuPjwvdGg+Cjx0ZD6xvrjvPC90ZD4KPC90cj4KPHRyPgo8dGg+PHNwYW4+1K2uYrn6PC9zcGFuPjwvdGg+Cjx0ZD6lpKXzpck8L3RkPgo8L3RyPgo8dHI+Cjx0aD48c3Bhbj6C5KGhv7w8L3NwYW4+PC90aD4KPHRkIHN0eWxlPSJjb2xvcjogI2YwMDsiPiCh+aXRpb2ls6XzpM6taL6z17SbcqTLpOik6qGijGfrSKTOpKrJq6TIrpCkyqTriPa6z6SspLSktqSkpN6kuaTOpMfT6KThpLTBy7PQpK+kwKS1pKSk3qS7oaM8YnIgLz4KICAgICAgICAgIKH5t7XGt6GivbuTUcDt08mkzoydz/OkyKTPpMqk6qTepLuk86Gj0+ik4aS0wcuz0KSvpMCktaSkpN6ku6GjPC90ZD4KPC90cj4KPC90YWJsZT4KPC9kaXY+CjwvZGl2PjxzdHlsZT4KCi8qyczGt6XaqWCluCovCgpzcGFuLnByaWNlMSB7CglkaXNwbGF5OiBibG9jayAhaW1wb3J0YW50OwoJZm9udC1zaXplOiAxMnB4ICFpbXBvcnRhbnQ7Cgljb2xvcjogI2ZmMDAwMCAhaW1wb3J0YW50OwoJdmVydGljYWwtYWxpZ246IGJvdHRvbSAhaW1wb3J0YW50OwoJbGluZS1oZWlnaHQ6IDEuMmVtICFpbXBvcnRhbnQ7CglwYWRkaW5nLXRvcDogMC42ZW0gIWltcG9ydGFudDsKCXBhZGRpbmctcmlnaHQ6IDFlbSAhaW1wb3J0YW50Owp9CgpzcGFuLnByaWNlMiB7Cglmb250LXNpemU6IDIwcHggIWltcG9ydGFudDsKCWZvbnQtd2VpZ2h0OiBib2xkICFpbXBvcnRhbnQ7Cgljb2xvcjogI2ZmMDAwMCAhaW1wb3J0YW50OwoJdmVydGljYWwtYWxpZ246IGJvdHRvbSAhaW1wb3J0YW50OwoJbGluZS1oZWlnaHQ6IDEuMmVtIWltcG9ydGFudDsKfQoKLyogpKqa3aTLyOuk6snMxre1x+Vou63P8YnkuPwgKi8KYm9keSAjcmFrdXRlbkxpbWl0ZWRJZF9hcm91bmRDYXJ0IGRpdi5ia217CndpZHRoOiAzMDZweCAhaW1wb3J0YW50Owp9CmJvZHkgZGl2LmJvb2ttYXJrQXJlYSBkaXYuYmttIGEuYWRkQmttIHNwYW4uYmttU3RhciB7CndpZHRoOiAzMDZweCAhaW1wb3J0YW50OwpoZWlnaHQ6IDQ4cHggIWltcG9ydGFudDsKYmFja2dyb3VuZDogdXJsKGh0dHA6Ly9pbWFnZS5yYWt1dGVuLmNvLmpwL3Bpbmttb25rZXkvY2FiaW5ldC9mYXZfYnV0dG9uX2FmdGVyMi5naWYpIG5vLXJlcGVhdCAwIDAgIWltcG9ydGFudDsKfQpib2R5IGRpdi5ib29rbWFya0FyZWEgZGl2LmJrbSBhLmFkZEJrbSB7CndpZHRoOiAzMDZweCAhaW1wb3J0YW50OwpoZWlnaHQ6IDQ4cHggIWltcG9ydGFudDsKfQoKLyogpKqa3aTLyOuk6qW3peelw6XXtcflaLutz/GJ5Lj8ICovCmJvZHkgI3Jha3V0ZW5MaW1pdGVkSWRfYXJvdW5kQ2FydCBkaXYuc2hvcEJrbXsKd2lkdGg6IDMwNnB4ICFpbXBvcnRhbnQ7CnBhZGRpbmctbGVmdDogMHB4ICFpbXBvcnRhbnQ7Cn0KYm9keSBkaXYuc2hvcEJvb2ttYXJrQXJlYSBkaXYuc2hvcEJrbSBhLmFkZFNob3BCa20gc3Bhbi5zaG9wQmttU3RhciB7CndpZHRoOiAzMDZweCAhaW1wb3J0YW50OwpoZWlnaHQ6IDQ4cHggIWltcG9ydGFudDsKYmFja2dyb3VuZDogdXJsKGh0dHA6Ly9pbWFnZS5yYWt1dGVuLmNvLmpwL3Bpbmttb25rZXkvY2FiaW5ldC9mYXZzaG9wX2J1dHRvbl9hZnRlci5naWYpIG5vLXJlcGVhdCAwIDAgIWltcG9ydGFudDsKfQpib2R5IGRpdi5zaG9wQm9va21hcmtBcmVhIGRpdi5zaG9wQmttIGEuYWRkU2hvcEJrbSB7CndpZHRoOiAzMDZweCAhaW1wb3J0YW50OwpoZWlnaHQ6IDQ4cHggIWltcG9ydGFudDsKfQoKCi8qIIKAyv3I68GmmdqkzrTzpK2ktSAqLwppbnB1dCN1bml0cyB7CnBhZGRpbmc6IDFweCAwcHg7Cn0KCi8qIKSq2UmkpM7vpKuktKXcpb+l86TOtPOkraS1ICovCmlucHV0IHsKZm9udC1zaXplOiAxN3B4OwpwYWRkaW5nOjEwcHggNDBweDsKd2lkdGg6IGF1dG87CmZvbnQtZmFtaWx5OiKl0qXppa6lzr3HpbQgUHJvIFczIiwgIkhpcmFnaW5vIEtha3UgR290aGljIFBybyIsICKl4aWkpeqlqiIsIE1laXJ5bywgT3Nha2EsICKjzaPTIKPQpbSlt6XDpa8iLCAiTVMgUEdvdGhpYyIsIHNhbnMtc2VyaWYKfQoKLyogobjJzMa3pMukxKSkpMakzoaWpKS6z6TvpLuhuaXcpb+l86TOtPOkraS1Ki8KZm9udCBpbnB1dCB7CmZvbnQtc2l6ZTogMTJweDsKcGFkZGluZzoycHg7CndpZHRoOiAxNTBweDsKfQoKLyqhuO2XxL/feJJr1quyv7fWobkqLwouaW52ZW50b3J5IGlucHV0ewpmb250LXNpemU6IDEycHg7CmJhY2tncm91bmQ6I2ZmZjsKfQoKCi8qIO2XxL/feJJr1qu8e8bapdWlqaXzpciltaWkpboqLwoKdGQuaW52ZW50b3J5IGZvbnR7Zm9udC1zaXplOjEycHg7Y29sb3I6I2ZmMDAwMDt9CgovKiDtl8S/33iSa9arKi8KCiNyYWt1dGVuTGltaXRlZElkX2Fyb3VuZENhcnQgc2VsZWN0IHsKbWFyZ2luOjVweCAwcHg7CnBhZGRpbmc6NXB4Owp9CgojcmFrdXRlbkxpbWl0ZWRJZF9hcm91bmRDYXJ0IHNwYW4uY2hvaWNlOmJlZm9yewpjb250ZW50OiB1cmwoKTsKfQoKLyog17ePvqWrqWClyM/CpKuk6aTOuN+ktSovCgpkaXYgI3Njcm9sbFVwewpib3R0b206IDMwcHg7Cn0KCi8qIJhTzOyXysv3pdCpYKGhpa2pYKXvqWClySAqLwoKZGl2I0hlYWRlcktleXdvcmQgewoJcG9zaXRpb246YWJzb2x1dGU7Cgl0b3A6NTBweDsvKtK7t6zJz6SrpOmkzs671sMqLwoJbGVmdDozMHB4Oy8q1/O2y6SrpOmkzs671sMqLwp9CgpkaXYjSGVhZGVyS2V5d29yZCBzcGFuIHsKCWJhY2tncm91bmQ6ICNiZjAwMDA7Cgljb2xvcjojZmZmOwoJZm9udC13ZWlnaHQ6Ym9sZDsKCXBhZGRpbmc6MnB4IDVweDsKfQoKZGl2I0hlYWRlcktleXdvcmQgYSB7Cgljb2xvcjojMDA0NENDOwp9Cgo8L3N0eWxlPgoKCgoKPCEtLSCloqWvpbultaXqqWCl0algpcSlq6XGpbSl6qlgIC0tPgo8ZGl2IGFsaWduPSJjZW50ZXIiPgo8aW1nIHNyYz0iaHR0cDovL2ltYWdlLnJha3V0ZW4uY28uanAvcGlua21vbmtleS9jYWJpbmV0L2NhdGVnb3J5L2htNzYwLmpwZyIgYWx0PSKloqWvpbultaXqqWCl0algpcTSu9NFpNgiPgo8L2Rpdj4KPGRpdiBhbGlnbj0iY2VudGVyIj4KCjwvZGl2Pgo8IS0tIC+loqWvpbultaXqqWCl0algpcSlq6XGpbSl6qlgIC0tPgoKCjwhLS0gpbel56XDpdSl86WwpaylpKXJIC0tPgoKPCEtLSAvpbel56XDpdSl86WwpaylpKXJIC0tPgoKCgoKCjxkaXYgaWQ9IkhlYWRlcktleXdvcmQiPgo8c3Bhbj7XosS/pM6lralgpe+pYKXJPC9zcGFuPgqlq6Xrpcilyqlgpbil5Qq476TSpOIKpbOpYKXKqWC98L7fCqW3peqls6Xz0M0gpeyluKXzCsfQpOrOxNfWIMS+0XUgpNKk6aSspMoKpb+lw6W7pesKpdylv6XzIKXppcOl16XWpeyluQo8L2Rpdj4KPCEtLSCYU8zsl8rL96XQqWChoaWtqWCl76lgpclFTkQgLS0+,pe+l86W1paSlyaW5pcalw6XBpeyltqlgpbOpYKXJoaG476TSpOLMq83oob6k5qSmpdGlsaXDpchBjJ2P6qG/o7rK1ty/ssTBz6TOpKq16iCloqXzpbel46Xzpca5pLe/,uO+8fiDNqNicpeyluKXzILLEwc+l7KW4pfMg0M2l7KW4pfMgpdGpYKXEpc+l86XJpeGlpKXJILLEwc8g2JyJ06XPpfOlyaXhpaSlySCloqWvpbultaXqqWAgssTBz6XPpfOlyaXhpaSlySCyxMHPILyksLKlz6Xzpcml4aWkpckgpdSloqW5ILLEwc+lz6Xzpcml4aWkpckgpdal7KW5peylw6XIILLEwc+lq6Xrpcilyqlgpbil5SCyxMHPIM2o2Jylt6XqpbOl86XiqWCl66XJIKXspbil87jvvH4gILG+uO+477x+ILyapKSl7KW2qWCls6lgpckgMW1tpeyltqlgpbOpYKXJIMa9paKlr6W7pbWl6qlgIKXRqWClxCDNqNicIKSqpLmkuaThpaKlr6W7pbWl6qlgIL3wvt+l1KWipbkgzKi8iKXUpaKluSClx6Wjpbml16XspaSl7KW4pfMgt+LI6yDL2LLEpe+l86W1paSlyaW5pcalw6XBpeyltqlgpbOpYKXJoaG476TSpOLMq83oob6k5qSmpdGlsaXDpchBjJ2P6qG/,ob6k5qSmpdGlsaXDpchBjJ2P6qG/oaOl76XzpbWlpKXJpbmlxqXDpcGl7KW2qWCls6lgpcmhobjvpNKk4syrzeihvqTmpKal0aWxpcOlyEGMnY/qob8=[rn]
25-29642,aHR0cDovL3RzaG9wLnIxMHMuanAvcGlua21vbmtleS9jYWJpbmV0L2hhbmRtYWRlL2htLTItMzEuanBnP2ZpdGluPTcwMDo3MDA=,MzY1LjYwMDA=,,yNXTw8a362rYmz/OxLe/vt8/ytbcvyA+IMrW3L8/pa+l6aXVpcg/yfq12CA+ILLDv3CyxMHPID4gpNKk4g==,pe+l86W1paSlyaW5pcalw6XBpeyltqlgpbOpYKXJILjvpNKk4syrzeggnHWkpqTNpOog/Fwgx9Ck6onTpOogNTBjbYVnzrsopaKl86XGpaOpYKWv1Xspob6k5qSmpdGlsaXDpchBjJ2P6qG/,ob6k5qSmpdGlsaXDpchBjJ2P6qG/,PGRpdiBhbGlnbj0iY2VudGVyIj4KPHRhYmxlIGNlbGxzcGFjaW5nPSIyIiBiZ2NvbG9yPSIjZmYwMDAwIiBjZWxscGFkZGluZz0iNSIgd2lkdGg9IjEwMCUiPgo8dGJvZHk+PHRyPgogICAgICA8dGQgYmdjb2xvcj0iI2ZmZmZmZiI+PHA+PGZvbnQgc2l6ZT0iLTEiIGNvbG9yPSIjZmYwMDAwIj6hvqS02Y/I68ewpMux2KS6pKrVaaTfpK+kwKS1pKShvzxicj4KICAgICAgICAgICAgPGJyPgogICAgICAgIDwvZm9udD48Zm9udCBzaXplPSItMSIgY29sb3I9IiMwMDAwMDAiPqH5MaGisb7Rdca3pM81MGNthWfOu6THpM7YnInTpMekuaGjPGJyPgogICAgICAgIDxicj4KICAgICAgICChvsD9o7qhuDFNobnZj8jrz6PN+6TOiPa6z6G/oaHXos7Eyv3Bv6G4o7KhuaTIpMqk6qTepLmhozxicj4KICAgICAgICA8YnI+CiAgICAgICAgofnJzMa3pM7M2NDUpMuk6KTqoaK476TypMSkyqSuus+k76S7pL++QKSuxL+krLqspN6k7KTriPa6z6SspLSktqSkpN6kuaGjPGJyPgogICAgICAgIMzYpMuhotF9yv3Bv6TypLTXos7E7ZSkraTepLekv4j2us+kz6Gi1sKkt7e9pMqkpMnMxrekyKTKpOqk3qS5oaM8YnI+CiAgICAgICAgPGJyPgogICAgICAgIKH5MqGipceltqWkpfOkzqSipOvJzMa3pM+lq6XDpcikuaTr6UyktaTLpOikw6TGsfqk5MSjmJSkzrP2t72krInkpO+kw6TGpK2k3qS5oaM8YnI+CiAgICAgICAgPGJyPgogICAgICAgIKH5sb6476TyyrnTw6S3pMakpKTepLmkzqTHtsDM2KTOz+Ok6qSspLSktqSkpN6kuaGjpN6kv6GiPC9mb250Pjxmb250IHNpemU9Ii0xIiBjb2xvcj0iIzAwMDAwMCI+0KGktaTKpbel76Tkpeil7KGipbmlxqXDpcGkzsLSpOy1yKSspLSktqSkpN6kuaGjPGJyPgogICAgICAgIDxicj4KICAgICAgICAgIKH5M6GipL2kzsv7oaKktLK7w/ekyrXjoaKkqoaWpKS6z6TvpLukz8/C05uk3qTHoaKkqoaWpKS6z6TvpLukr6TApLWkpKGjPGJyPgogICAgICAgICAgob6kqoaWpKS6z6TvpLvPyKO6MDc0Mi0zMC00NDY3ob88L2ZvbnQ+PGJyPgogICAgICAgICAgICA8YnI+CiAgICAgICAgICAgIDxmb250IHNpemU9Ii0xIiBjb2xvcj0iI2ZmMDAwMCI+0+ik4aGiyc/Tm8TayN2k8qS0wcuz0KTOyc+hoqS016LOxO2UpLGk3qS5pOikpqGipOik7aS3pK+kqu6KpKSkpKS/pLek3qS5oaM8L2ZvbnQ+PC9wPgo8L3RkPgo8L3RyPjwvdGJvZHk+PC90YWJsZT48L2Rpdj4KPGJyPjxicj4KPGRpdiBjbGFzcz0iaXRlbURlc2MiPgo8ZGl2IGNsYXNzPSJpdGVtVGFibGUiPgoKPHRhYmxlPgo8Y2FwdGlvbj7JzMa3pMukxKSkpMY8L2NhcHRpb24+Cjx0cj4KPHRoPjxzcGFuPsnMxrfD+zwvc3Bhbj48L3RoPgo8dGQ+pc+l86XJpeGlpKXJ08PGtyCl76XzpbWlpKXJpbmlxqXDpcGl7KW2qWCls6lgpcmhobjvpNKk4i+cdaSmpM2k6qGh/Fwgx9Ck6onTpOqjqDUwY22FZ867PC90ZD4KPC90cj4KPHRyPgo8dGg+PHNwYW4+pbWlpKW6KLxzKTwvc3Bhbj48L3RoPgo8dGQ+KLxzKSC3+aO6OC41bW0vuvGk36O6NW1tPC90ZD4KPC90cj4KPHRyPgo8dGg+PHNwYW4+y9iyxDwvc3Bhbj48L3RoPgo8dGQ+sb647zwvdGQ+CjwvdHI+Cjx0cj4KPHRoPjxzcGFuPtStrmK5+jwvc3Bhbj48L3RoPgo8dGQ+paSl86XJPC90ZD4KPC90cj4KPHRyPgo8dGg+PHNwYW4+guShob+8PC9zcGFuPjwvdGg+Cjx0ZCBzdHlsZT0iY29sb3I6ICNmMDA7Ij4gofml0aW9pbOl86TOrWi+s9e0m3Kky6TopOqhooxn60ikzqSqyaukyK6QpMqk64j2us+krKS0pLakpKTepLmkzqTH0+ik4aS0wcuz0KSvpMCktaSkpN6ku6GjPGJyIC8+CiAgICAgICAgICCh+be1xrehor27k1HA7dPJpM6Mnc/zpMikz6TKpOqk3qS7pPOho9PopOGktMHLs9Ckr6TApLWkpKTepLuhozwvdGQ+CjwvdHI+CjwvdGFibGU+CjwvZGl2Pgo8L2Rpdj48c3R5bGU+CgovKsnMxrel2qlgpbgqLwoKc3Bhbi5wcmljZTEgewoJZGlzcGxheTogYmxvY2sgIWltcG9ydGFudDsKCWZvbnQtc2l6ZTogMTJweCAhaW1wb3J0YW50OwoJY29sb3I6ICNmZjAwMDAgIWltcG9ydGFudDsKCXZlcnRpY2FsLWFsaWduOiBib3R0b20gIWltcG9ydGFudDsKCWxpbmUtaGVpZ2h0OiAxLjJlbSAhaW1wb3J0YW50OwoJcGFkZGluZy10b3A6IDAuNmVtICFpbXBvcnRhbnQ7CglwYWRkaW5nLXJpZ2h0OiAxZW0gIWltcG9ydGFudDsKfQoKc3Bhbi5wcmljZTIgewoJZm9udC1zaXplOiAyMHB4ICFpbXBvcnRhbnQ7Cglmb250LXdlaWdodDogYm9sZCAhaW1wb3J0YW50OwoJY29sb3I6ICNmZjAwMDAgIWltcG9ydGFudDsKCXZlcnRpY2FsLWFsaWduOiBib3R0b20gIWltcG9ydGFudDsKCWxpbmUtaGVpZ2h0OiAxLjJlbSFpbXBvcnRhbnQ7Cn0KCi8qIKSqmt2ky8jrpOrJzMa3tcflaLutz/GJ5Lj8ICovCmJvZHkgI3Jha3V0ZW5MaW1pdGVkSWRfYXJvdW5kQ2FydCBkaXYuYmttewp3aWR0aDogMzA2cHggIWltcG9ydGFudDsKfQpib2R5IGRpdi5ib29rbWFya0FyZWEgZGl2LmJrbSBhLmFkZEJrbSBzcGFuLmJrbVN0YXIgewp3aWR0aDogMzA2cHggIWltcG9ydGFudDsKaGVpZ2h0OiA0OHB4ICFpbXBvcnRhbnQ7CmJhY2tncm91bmQ6IHVybChodHRwOi8vaW1hZ2UucmFrdXRlbi5jby5qcC9waW5rbW9ua2V5L2NhYmluZXQvZmF2X2J1dHRvbl9hZnRlcjIuZ2lmKSBuby1yZXBlYXQgMCAwICFpbXBvcnRhbnQ7Cn0KYm9keSBkaXYuYm9va21hcmtBcmVhIGRpdi5ia20gYS5hZGRCa20gewp3aWR0aDogMzA2cHggIWltcG9ydGFudDsKaGVpZ2h0OiA0OHB4ICFpbXBvcnRhbnQ7Cn0KCi8qIKSqmt2ky8jrpOqlt6XnpcOl17XH5Wi7rc/xieS4/CAqLwpib2R5ICNyYWt1dGVuTGltaXRlZElkX2Fyb3VuZENhcnQgZGl2LnNob3BCa217CndpZHRoOiAzMDZweCAhaW1wb3J0YW50OwpwYWRkaW5nLWxlZnQ6IDBweCAhaW1wb3J0YW50Owp9CmJvZHkgZGl2LnNob3BCb29rbWFya0FyZWEgZGl2LnNob3BCa20gYS5hZGRTaG9wQmttIHNwYW4uc2hvcEJrbVN0YXIgewp3aWR0aDogMzA2cHggIWltcG9ydGFudDsKaGVpZ2h0OiA0OHB4ICFpbXBvcnRhbnQ7CmJhY2tncm91bmQ6IHVybChodHRwOi8vaW1hZ2UucmFrdXRlbi5jby5qcC9waW5rbW9ua2V5L2NhYmluZXQvZmF2c2hvcF9idXR0b25fYWZ0ZXIuZ2lmKSBuby1yZXBlYXQgMCAwICFpbXBvcnRhbnQ7Cn0KYm9keSBkaXYuc2hvcEJvb2ttYXJrQXJlYSBkaXYuc2hvcEJrbSBhLmFkZFNob3BCa20gewp3aWR0aDogMzA2cHggIWltcG9ydGFudDsKaGVpZ2h0OiA0OHB4ICFpbXBvcnRhbnQ7Cn0KCgovKiCCgMr9yOvBppnapM6086StpLUgKi8KaW5wdXQjdW5pdHMgewpwYWRkaW5nOiAxcHggMHB4Owp9CgovKiCkqtlJpKTO76SrpLSl3KW/pfOkzrTzpK2ktSAqLwppbnB1dCB7CmZvbnQtc2l6ZTogMTdweDsKcGFkZGluZzoxMHB4IDQwcHg7CndpZHRoOiBhdXRvOwpmb250LWZhbWlseToipdKl6aWupc69x6W0IFBybyBXMyIsICJIaXJhZ2lubyBLYWt1IEdvdGhpYyBQcm8iLCAipeGlpKXqpaoiLCBNZWlyeW8sIE9zYWthLCAio82j0yCj0KW0pbelw6WvIiwgIk1TIFBHb3RoaWMiLCBzYW5zLXNlcmlmCn0KCi8qIKG4yczGt6TLpMSkpKTGpM6GlqSkus+k76S7obml3KW/pfOkzrTzpK2ktSovCmZvbnQgaW5wdXQgewpmb250LXNpemU6IDEycHg7CnBhZGRpbmc6MnB4Owp3aWR0aDogMTUwcHg7Cn0KCi8qobjtl8S/33iSa9arsr+31qG5Ki8KLmludmVudG9yeSBpbnB1dHsKZm9udC1zaXplOiAxMnB4OwpiYWNrZ3JvdW5kOiNmZmY7Cn0KCgovKiDtl8S/33iSa9arvHvG2qXVpaml86XIpbWlpKW6Ki8KCnRkLmludmVudG9yeSBmb250e2ZvbnQtc2l6ZToxMnB4O2NvbG9yOiNmZjAwMDA7fQoKLyog7ZfEv994kmvWqyovCgojcmFrdXRlbkxpbWl0ZWRJZF9hcm91bmRDYXJ0IHNlbGVjdCB7Cm1hcmdpbjo1cHggMHB4OwpwYWRkaW5nOjVweDsKfQoKI3Jha3V0ZW5MaW1pdGVkSWRfYXJvdW5kQ2FydCBzcGFuLmNob2ljZTpiZWZvcnsKY29udGVudDogdXJsKCk7Cn0KCi8qINe3j76lq6lgpcjPwqSrpOmkzrjfpLUqLwoKZGl2ICNzY3JvbGxVcHsKYm90dG9tOiAzMHB4Owp9CgovKiCYU8zsl8rL96XQqWChoaWtqWCl76lgpckgKi8KCmRpdiNIZWFkZXJLZXl3b3JkIHsKCXBvc2l0aW9uOmFic29sdXRlOwoJdG9wOjUwcHg7LyrSu7esyc+kq6TppM7Ou9bDKi8KCWxlZnQ6MzBweDsvKtfztsukq6TppM7Ou9bDKi8KfQoKZGl2I0hlYWRlcktleXdvcmQgc3BhbiB7CgliYWNrZ3JvdW5kOiAjYmYwMDAwOwoJY29sb3I6I2ZmZjsKCWZvbnQtd2VpZ2h0OmJvbGQ7CglwYWRkaW5nOjJweCA1cHg7Cn0KCmRpdiNIZWFkZXJLZXl3b3JkIGEgewoJY29sb3I6IzAwNDRDQzsKfQoKPC9zdHlsZT4KCgoKCjwhLS0gpaKlr6W7pbWl6qlgpdGpYKXEpaulxqW0peqpYCAtLT4KPGRpdiBhbGlnbj0iY2VudGVyIj4KPGltZyBzcmM9Imh0dHA6Ly9pbWFnZS5yYWt1dGVuLmNvLmpwL3Bpbmttb25rZXkvY2FiaW5ldC9jYXRlZ29yeS9obTc2MC5qcGciIGFsdD0ipaKlr6W7pbWl6qlgpdGpYKXE0rvTRaTYIj4KPC9kaXY+CjxkaXYgYWxpZ249ImNlbnRlciI+Cgo8L2Rpdj4KPCEtLSAvpaKlr6W7pbWl6qlgpdGpYKXEpaulxqW0peqpYCAtLT4KCgo8IS0tIKW3peelw6XUpfOlsKWspaSlySAtLT4KCjwhLS0gL6W3peelw6XUpfOlsKWspaSlySAtLT4KCgoKCgo8ZGl2IGlkPSJIZWFkZXJLZXl3b3JkIj4KPHNwYW4+16LEv6TOpa2pYKXvqWClyTwvc3Bhbj4Kpaul66XIpcqpYKW4peUKuO+k0qTiCqWzqWClyqlgvfC+3wqlt6XqpbOl89DNIKXspbil8wrH0KTqzsTX1iDEvtF1IKTSpOmkrKTKCqW/pcOlu6XrCqXcpb+l8yCl6aXDpdel1qXspbkKPC9kaXY+CjwhLS0gmFPM7JfKy/el0KlgoaGlralgpe+pYKXJRU5EIC0tPg==,pe+l86W1paSlyaW5pcalw6XBpeyltqlgpbOpYKXJILjvpNKk4syrzeggnHWkpqTNpOog/Fwgx9Ck6onTpOogNTBjbYVnzrsopaKl86XGpaOpYKWv1Xspob6k5qSmpdGlsaXDpchBjJ2P6qG/o7rK1ty/ssTBz6TOpKq16iCloqXzpbel46Xzpca5pLe/,uO+8fiDNqNicpeyluKXzILLEwc+l7KW4pfMg0M2l7KW4pfMgpdGpYKXEpc+l86XJpeGlpKXJILLEwc8g2JyJ06XPpfOlyaXhpaSlySCloqWvpbultaXqqWAgssTBz6XPpfOlyaXhpaSlySCyxMHPILyksLKlz6Xzpcml4aWkpckgpdSloqW5ILLEwc+lz6Xzpcml4aWkpckgpdal7KW5peylw6XIILLEwc+lq6Xrpcilyqlgpbil5SCyxMHPIM2o2Jylt6XqpbOl86XiqWCl66XJIKXspbil87jvvH4gILG+uO+477x+ILyapKSl7KW2qWCls6lgpckgMW1tpeyltqlgpbOpYKXJIMa9paKlr6W7pbWl6qlgIKXRqWClxCDNqNicIKSqpLmkuaThpaKlr6W7pbWl6qlgIL3wvt+l1KWipbkgzKi8iKXUpaKluSClx6Wjpbml16XspaSl7KW4pfMgt+LI6yDL2LLEpe+l86W1paSlyaW5pcalw6XBpeyltqlgpbOpYKXJILjvpNKk4syrzeggnHWkpqTNpOog/Fwgx9Ck6onTpOogNTBjbYVnzrsopaKl86XGpaOpYKWv1Xspob6k5qSmpdGlsaXDpchBjJ2P6qG/,ob6k5qSmpdGlsaXDpchBjJ2P6qG/oaOl76XzpbWlpKXJpbmlxqXDpcGl7KW2qWCls6lgpckguO+k0qTizKvN6CCcdaSmpM2k6iD8XCDH0KTqidOk6iA1MGNthWfOuyiloqXzpcalo6lgpa/VeymhvqTmpKal0aWxpcOlyEGMnY/qob8=[rn]
25-29643,aHR0cDovL3RzaG9wLnIxMHMuanAvcGlua21vbmtleS9jYWJpbmV0L2hhbmRtYWRlMDQvaG0tMjQtNTUtYy5qcGc/Zml0aW49NzAwOjcwMA==,MTEyLjAwMDA=,,yNXTw8a362rYmz/OxLe/vt8/ytbcvyA+IMrW3L8/pa+l6aXVpcg/yfq12CA+ILLDv3CyxMHPID4gpNKk4g==,peylrqXlpempYKWrpempYEKl7KW2qWCls6lgpcnN6LjvvH4oMm1tt/mhwTFtKbG+uO8gxaO47yDH0KTqidOk6iAxTYVnzruhvqTmpKal0aWxpcOlyEGMnY/qob8=,ob6k5qSmpdGlsaXDpchBjJ2P6qG/,PGNlbnRlcj4KPGRpdj4KCjwvZGl2Pgo8L2NlbnRlcj4KPGRpdiBjbGFzcz0iaXRlbURlc2MiPgoKCjxkaXYgY2xhc3M9Iml0ZW1UYWJsZSI+Cgo8dGFibGU+CjxjYXB0aW9uPsnMxreky6TEpKSkxjwvY2FwdGlvbj4KCjx0cj4KPHRoPjxzcGFuPsnMxrfD+zwvc3Bhbj48L3RoPgo8dGQ+peylrqXlpempYKWrpempYKXspbapYKWzqWClyc3ouO+8fiAyLjBtbbf5PC90ZD4KPC90cj4KPHRyPgo8dGg+PHNwYW4+paul6algPC9zcGFuPjwvdGg+Cjx0ZD6l6aWkpcilsKXsqWAvpeml1KW5pdal66lgL6WqqWClt6XjpfOl1qXrqWA8YnI+PGJyPgotKi0qLSotKi0qLSotKi0qPGJyPgq476TSpOIybW23+aXspa6l5aXpqWClq6XpqWA8YnI+Csv7pM7Jq6TPo76jvqSzpMGk6aO+o748YnI+Ci0qLSotKi0qLSotKi0qLSo8YnI+PGJyPgo8L3RkPgo8L3RyPgo8dHI+Cjx0aD48c3Bhbj6ltaWkpboovHMpPC9zcGFuPjwvdGg+Cjx0ZD63+aO6Mi4wbW0v6UyjujFtPGJyPgo8L3RkPgo8L3RyPgo8dHI+Cjx0aD48c3Bhbj6lu6XDpcjE2sjdPC9zcGFuPjwvdGg+Cjx0ZD48Yj4xbYVnzrukx6TO2JyJ06THpLmhozwvYj48YnI+CiAgICAgIDxiPtF9yv2CgKTHpLTZj8jrpM6I9rrPpMekraTrpMCksTFthWfOu6THpaulw6XIpLukuqTLpLTZj8jrgoDK/bfWpM7pTKS1pMekqsvNpOqktaS7pMakpKS/pMCkpKTGpKqk6qTepLmhozwvYj48YnI+CgogICAgICA8YnI+CqO8o7zA/aO+o748YnI+CjOCgKS02Y/I66TOiPa6zz8/PzFtocEzsb6kx6TPpMqkrzNtocExsb6kx6TOsGvLzaTHpLmhozwvRk9OVD4gPGJyPgogICAgICA8YnI+CiAgICAgIDxmb250IHNpemU9Ii0xIj6h+bWrpLfU2o7s17SbcqTLpOikw6TGpM/Jz9Ob0tTN4qTHpM6kqr3spLGky6TKpOuI9rrPpOKktKS2pKSk3qS5oaOkvaTO60ikz6SzpMGk6aSrpOmktN9CvWqktaS7pMakpKS/pMCkpKTGpKqk6qTepLmhoyA8YnI+CiAgICAgINPopOGktMHLs9CkpKS/pMCkraTepLmk6KSmpKruiqSkpKSkv6S3pN6kuaGjPC9mb250PiAKPGJyPjxicj4gICAgIAotLS0tLS0tLS0tLS0tLS0tLS0tLS0tLS0tLS0tLS0tLS0tLS0tLTxicj48YnI+Cgql7algpeukx6TO2JyJ06TPPj6ks6TBpOk+Pjxicj48YnI+CgotLS0tLS0tLS0tLS0tLS0tLS0tLS0tLS0tLS0tLS0tLS0tLS0tLTxicj48YnI+PC90ZD4KPC90cj4KPHRyPgo8dGg+PHNwYW4+y9iyxDwvc3Bhbj48L3RoPgo8dGQ+xaO47zwvdGQ+CjwvdHI+Cjx0cj4KPHRoPjxzcGFuPsn6rmK5+jwvc3Bhbj48L3RoPgo8dGQ+bWFkZSBpbiBpbmRpYTwvdGQ+CjwvdHI+Cjx0cj4KPHRoPjxzcGFuPoLkoaG/vDwvc3Bhbj48L3RoPgo8dGQgc3R5bGU9ImNvbG9yOiAjZjAwOyI+ofmkqsq5pKSkzlBDrWi+s6TLpOik6oxn60ikzqSqyaukyK6QpMqk64j2us+krKS0pLakpKTepLmkzqTH0+ik4aS0wcuz0KSvpMCktaSkpN6ku6GjPGJyPgqh+cWjuO+2wMzYpM7P46TqpOSlt6XvoaKl6KXstcikrKSipOuI9rrPpOKktKS2pKSk3qS5pKzM7Mi7y9iyxKTOpMqk6aTHpM+kzs62pMekuaTOpMfX89ObpM7A7dPJpMuk6KTrt7XGtz+9u5NRpM+kqsrcpLGkt6TGpKqk6qTepLuk86GjPGJyPgrT6KThpLTBy7PQpM6kpqSopLTZj8jrpKSkv6TApK2k3qS5pOikpqSq7oqkpKSkpL+kt6TepLmhozwvdGQ+CjwvdHI+CgoKPC90YWJsZT4KCjwvZGl2Pgo8L2Rpdj4KPGJyPjxicj4KPGRpdiBhbGlnbj0iY2VudGVyIj4KPGltZyBzcmM9Imh0dHA6Ly9pbWFnZS5yYWt1dGVuLmNvLmpwL3Bpbmttb25rZXkvY2FiaW5ldC9jYXRlZ29yeS82MDBibnItY29yZC5qcGciIGJvcmRlcj0iMCI+PGJyPjxicj4KPGltZyBzcmM9Imh0dHA6Ly9pbWFnZS5yYWt1dGVuLmNvLmpwL3Bpbmttb25rZXkvY2FiaW5ldC9jYXRlZ29yeS82MDAtaG0tZW5kcGFydHMuanBnIiBib3JkZXI9IjAiPjxicj48YnI+CjwvZGl2PjxzdHlsZT4KCi8qyczGt6XaqWCluCovCgpzcGFuLnByaWNlMSB7CglkaXNwbGF5OiBibG9jayAhaW1wb3J0YW50OwoJZm9udC1zaXplOiAxMnB4ICFpbXBvcnRhbnQ7Cgljb2xvcjogI2ZmMDAwMCAhaW1wb3J0YW50OwoJdmVydGljYWwtYWxpZ246IGJvdHRvbSAhaW1wb3J0YW50OwoJbGluZS1oZWlnaHQ6IDEuMmVtICFpbXBvcnRhbnQ7CglwYWRkaW5nLXRvcDogMC42ZW0gIWltcG9ydGFudDsKCXBhZGRpbmctcmlnaHQ6IDFlbSAhaW1wb3J0YW50Owp9CgpzcGFuLnByaWNlMiB7Cglmb250LXNpemU6IDIwcHggIWltcG9ydGFudDsKCWZvbnQtd2VpZ2h0OiBib2xkICFpbXBvcnRhbnQ7Cgljb2xvcjogI2ZmMDAwMCAhaW1wb3J0YW50OwoJdmVydGljYWwtYWxpZ246IGJvdHRvbSAhaW1wb3J0YW50OwoJbGluZS1oZWlnaHQ6IDEuMmVtIWltcG9ydGFudDsKfQoKLyogpKqa3aTLyOuk6snMxre1x+Vou63P8YnkuPwgKi8KYm9keSAjcmFrdXRlbkxpbWl0ZWRJZF9hcm91bmRDYXJ0IGRpdi5ia217CndpZHRoOiAzMDZweCAhaW1wb3J0YW50Owp9CmJvZHkgZGl2LmJvb2ttYXJrQXJlYSBkaXYuYmttIGEuYWRkQmttIHNwYW4uYmttU3RhciB7CndpZHRoOiAzMDZweCAhaW1wb3J0YW50OwpoZWlnaHQ6IDQ4cHggIWltcG9ydGFudDsKYmFja2dyb3VuZDogdXJsKGh0dHA6Ly9pbWFnZS5yYWt1dGVuLmNvLmpwL3Bpbmttb25rZXkvY2FiaW5ldC9mYXZfYnV0dG9uX2FmdGVyMi5naWYpIG5vLXJlcGVhdCAwIDAgIWltcG9ydGFudDsKfQpib2R5IGRpdi5ib29rbWFya0FyZWEgZGl2LmJrbSBhLmFkZEJrbSB7CndpZHRoOiAzMDZweCAhaW1wb3J0YW50OwpoZWlnaHQ6IDQ4cHggIWltcG9ydGFudDsKfQoKLyogpKqa3aTLyOuk6qW3peelw6XXtcflaLutz/GJ5Lj8ICovCmJvZHkgI3Jha3V0ZW5MaW1pdGVkSWRfYXJvdW5kQ2FydCBkaXYuc2hvcEJrbXsKd2lkdGg6IDMwNnB4ICFpbXBvcnRhbnQ7CnBhZGRpbmctbGVmdDogMHB4ICFpbXBvcnRhbnQ7Cn0KYm9keSBkaXYuc2hvcEJvb2ttYXJrQXJlYSBkaXYuc2hvcEJrbSBhLmFkZFNob3BCa20gc3Bhbi5zaG9wQmttU3RhciB7CndpZHRoOiAzMDZweCAhaW1wb3J0YW50OwpoZWlnaHQ6IDQ4cHggIWltcG9ydGFudDsKYmFja2dyb3VuZDogdXJsKGh0dHA6Ly9pbWFnZS5yYWt1dGVuLmNvLmpwL3Bpbmttb25rZXkvY2FiaW5ldC9mYXZzaG9wX2J1dHRvbl9hZnRlci5naWYpIG5vLXJlcGVhdCAwIDAgIWltcG9ydGFudDsKfQpib2R5IGRpdi5zaG9wQm9va21hcmtBcmVhIGRpdi5zaG9wQmttIGEuYWRkU2hvcEJrbSB7CndpZHRoOiAzMDZweCAhaW1wb3J0YW50OwpoZWlnaHQ6IDQ4cHggIWltcG9ydGFudDsKfQoKCi8qIIKAyv3I68GmmdqkzrTzpK2ktSAqLwppbnB1dCN1bml0cyB7CnBhZGRpbmc6IDFweCAwcHg7Cn0KCi8qIKSq2UmkpM7vpKuktKXcpb+l86TOtPOkraS1ICovCmlucHV0IHsKZm9udC1zaXplOiAxN3B4OwpwYWRkaW5nOjEwcHggNDBweDsKd2lkdGg6IGF1dG87CmZvbnQtZmFtaWx5OiKl0qXppa6lzr3HpbQgUHJvIFczIiwgIkhpcmFnaW5vIEtha3UgR290aGljIFBybyIsICKl4aWkpeqlqiIsIE1laXJ5bywgT3Nha2EsICKjzaPTIKPQpbSlt6XDpa8iLCAiTVMgUEdvdGhpYyIsIHNhbnMtc2VyaWYKfQoKLyogobjJzMa3pMukxKSkpMakzoaWpKS6z6TvpLuhuaXcpb+l86TOtPOkraS1Ki8KZm9udCBpbnB1dCB7CmZvbnQtc2l6ZTogMTJweDsKcGFkZGluZzoycHg7CndpZHRoOiAxNTBweDsKfQoKLyqhuO2XxL/feJJr1quyv7fWobkqLwouaW52ZW50b3J5IGlucHV0ewpmb250LXNpemU6IDEycHg7CmJhY2tncm91bmQ6I2ZmZjsKfQoKCi8qIO2XxL/feJJr1qu8e8bapdWlqaXzpciltaWkpboqLwoKdGQuaW52ZW50b3J5IGZvbnR7Zm9udC1zaXplOjEycHg7Y29sb3I6I2ZmMDAwMDt9CgovKiDtl8S/33iSa9arKi8KCiNyYWt1dGVuTGltaXRlZElkX2Fyb3VuZENhcnQgc2VsZWN0IHsKbWFyZ2luOjVweCAwcHg7CnBhZGRpbmc6NXB4Owp9CgojcmFrdXRlbkxpbWl0ZWRJZF9hcm91bmRDYXJ0IHNwYW4uY2hvaWNlOmJlZm9yewpjb250ZW50OiB1cmwoKTsKfQoKLyog17ePvqWrqWClyM/CpKuk6aTOuN+ktSovCgpkaXYgI3Njcm9sbFVwewpib3R0b206IDMwcHg7Cn0KCi8qIJhTzOyXysv3pdCpYKGhpa2pYKXvqWClySAqLwoKZGl2I0hlYWRlcktleXdvcmQgewoJcG9zaXRpb246YWJzb2x1dGU7Cgl0b3A6NTBweDsvKtK7t6zJz6SrpOmkzs671sMqLwoJbGVmdDozMHB4Oy8q1/O2y6SrpOmkzs671sMqLwp9CgpkaXYjSGVhZGVyS2V5d29yZCBzcGFuIHsKCWJhY2tncm91bmQ6ICNiZjAwMDA7Cgljb2xvcjojZmZmOwoJZm9udC13ZWlnaHQ6Ym9sZDsKCXBhZGRpbmc6MnB4IDVweDsKfQoKZGl2I0hlYWRlcktleXdvcmQgYSB7Cgljb2xvcjojMDA0NENDOwp9Cgo8L3N0eWxlPgoKCgoKPCEtLSCloqWvpbultaXqqWCl0algpcSlq6XGpbSl6qlgIC0tPgo8ZGl2IGFsaWduPSJjZW50ZXIiPgo8aW1nIHNyYz0iaHR0cDovL2ltYWdlLnJha3V0ZW4uY28uanAvcGlua21vbmtleS9jYWJpbmV0L2NhdGVnb3J5L2htNzYwLmpwZyIgYWx0PSKloqWvpbultaXqqWCl0algpcTSu9NFpNgiPgo8L2Rpdj4KPGRpdiBhbGlnbj0iY2VudGVyIj4KCjwvZGl2Pgo8IS0tIC+loqWvpbultaXqqWCl0algpcSlq6XGpbSl6qlgIC0tPgoKCjwhLS0gpbel56XDpdSl86WwpaylpKXJIC0tPgoKPCEtLSAvpbel56XDpdSl86WwpaylpKXJIC0tPgoKCgoKCjxkaXYgaWQ9IkhlYWRlcktleXdvcmQiPgo8c3Bhbj7XosS/pM6lralgpe+pYKXJPC9zcGFuPgqlq6Xrpcilyqlgpbil5Qq476TSpOIKpbOpYKXKqWC98L7fCqW3peqls6Xz0M0gpeyluKXzCsfQpOrOxNfWIMS+0XUgpNKk6aSspMoKpb+lw6W7pesKpdylv6XzIKXppcOl16XWpeyluQo8L2Rpdj4KPCEtLSCYU8zsl8rL96XQqWChoaWtqWCl76lgpclFTkQgLS0+,peylrqXlpempYKWrpempYEKl7KW2qWCls6lgpcnN6LjvvH4oMm1tt/kmdGltZXM7MW0psb647yDFo7jvIMfQpOqJ06TqIDFNhWfOu6G+pOakpqXRpbGlw6XIQYydj+qhv6O6ytbcv7LEwc+kzqSqteogpaKl86W3peOl86XGuaS3vw==,uO+8fiDNqNicpeyluKXzILLEwc+l7KW4pfMg0M2l7KW4pfMgpdGpYKXEpc+l86XJpeGlpKXJILLEwc8g2JyJ06XPpfOlyaXhpaSlySCloqWvpbultaXqqWAgssTBz6XPpfOlyaXhpaSlySCyxMHPILyksLKlz6Xzpcml4aWkpckgpdSloqW5ILLEwc+lz6Xzpcml4aWkpckgpdal7KW5peylw6XIILLEwc+lq6Xrpcilyqlgpbil5SCyxMHPIM2o2Jylt6XqpbOl86XiqWCl66XJIKXspbil87jvvH4gILG+uO+477x+ILyapKSl7KW2qWCls6lgpckgMW1tpeyltqlgpbOpYKXJIMa9paKlr6W7pbWl6qlgIKXRqWClxCDNqNicIKSqpLmkuaThpaKlr6W7pbWl6qlgIL3wvt+l1KWipbkgzKi8iKXUpaKluSClx6Wjpbml16XspaSl7KW4pfMgt+LI6yDL2LLEpeylrqXlpempYKWrpempYEKl7KW2qWCls6lgpcnN6LjvvH4oMm1tt/kmdGltZXM7MW0psb647yDFo7jvIMfQpOqJ06TqIDFNhWfOu6G+pOakpqXRpbGlw6XIQYydj+qhvw==,ob6k5qSmpdGlsaXDpchBjJ2P6qG/oaOl7KWupeWl6algpaul6algQqXspbapYKWzqWClyc3ouO+8figybW23+SZ0aW1lczsxbSmxvrjvIMWjuO8gx9Ck6onTpOogMU2FZ867ob6k5qSmpdGlsaXDpchBjJ2P6qG/[rn]
25-29644,aHR0cDovL3RzaG9wLnIxMHMuanAvcGlua21vbmtleS9jYWJpbmV0L2hhbmRtYWRlL2htLTEtNzAtbWF0b21lMG4xLmpwZz9maXRpbj03MDA6NzAw,MTEyLjAwMDA=,,yNXTw8a362rYmz/OxLe/vt8/ytbcvyA+IMrW3L8/pa+l6aXVpcg/yfq12CA+ILLDv3CyxMHPID4gpNKk4g==,peGlv6XqpcOlr6WrpempYEEgpeyltqlgpbOpYKXJzei477x+KDJtbbf5ocExbSmxvrjvIMWjuO8gx9Ck6onTpOogMU2FZ867ob6k5qSmpdGlsaXDpchBjJ2P6qG/,ob6k5qSmpdGlsaXDpchBjJ2P6qG/,PGNlbnRlcj4KPGRpdj4KCjwvZGl2Pgo8L2NlbnRlcj48YnI+CiAgICAgICAgPGRpdiBhbGlnbj0iY2VudGVyIj4KPHRhYmxlIGNlbGxzcGFjaW5nPSIxIiBjZWxscGFkZGluZz0iNSIgd2lkdGg9IjYwMCIgYmdjb2xvcj0iIzAwMDAwMCIgYWxpZ249ImNlbnRlciI+PFRCT0RZPgoKPFRSPgogICAgICA8dGQgYmdjb2xvcj0iI2YwZjBmMCIgYWxpZ249ImNlbnRlciIgd2lkdGg9IjEyMiI+PGZvbnQgY29sb3I9IiM2NjY2NjYiIHNpemU9IjIiPsnMxrfD+zwvZm9udD48L3RkPgogICAgICA8dGQgYmdjb2xvcj0iI2ZmZmZmZiIgd2lkdGg9IjQ1NSI+PEZPTlQgY29sb3I9IzAwMDAwMCIgc2l6ZT0tMT6l4aW/peqlw6Wvpaul6algpeyltqlgpbOpYKXJzei477x+IDIuMG1tt/k8L0ZPTlQ+PC90ZD4KICAgIDwvVFI+CjxUUj4KICAgICAgPHRkIGJnY29sb3I9IiNmMGYwZjAiIGFsaWduPSJjZW50ZXIiIHdpZHRoPSIxMjIiPjxmb250IGNvbG9yPSIjNjY2NjY2IiBzaXplPSIyIj6lq6XpqWA8L2ZvbnQ+PC90ZD4KICAgICAgPHRkIGJnY29sb3I9IiNmZmZmZmYiIHdpZHRoPSI0NTUiPjxGT05UIGNvbG9yPSMwMDAwMDAiIHNpemU9LTE+CqXhpb+l6qXDpa+l1KlgpbOlw6WvpbCl6qlgpfMvpeGlv6XqpcOlr6XfpfOlyKWwpeqpYKXzL6Xhpb+l6qXDpa+l6aWkpcilsKXqqWCl8y+l4aW/peqlw6Wvpd+l6qW/peqpYKWwpeqpYKXzL6Xhpb+l6qXDpa+lqqXqqWCl1qWwpeqpYKXzL6Xhpb+l6qXDpa+lsKXqqWCl8y+l1qXtpfOlui+l4aW/peqlw6WvpaupYKWtL6Xhpb+l6qXDpa+lv6XzL6Xhpb+l6qXDpa8gpbel66XQqWAvpeGlv6XqpcOlr6WqpdWl26XvpaSlyC+l4aW/peqlw6WvpbSpYKXrpckvpeGlv6XqpcOlr6WipaSl3KXqqWAvpeGlv6XqpcOlr6WipaSluaXWpeupYDwvRk9OVD48L3RkPgogICAgPC9UUj4KPFRSPgogICAgICA8dGQgYmdjb2xvcj0iI2YwZjBmMCIgYWxpZ249ImNlbnRlciIgd2lkdGg9IjEyMiI+PGZvbnQgY29sb3I9IiM2NjY2NjYiIHNpemU9IjIiPqW1paSluii8cyk8L2ZvbnQ+PC90ZD4KICAgICAgPHRkIGJnY29sb3I9IiNmZmZmZmYiIHdpZHRoPSI0NTUiPjxGT05UIGNvbG9yPSMwMDAwMDAgCnNpemU9LTE+t/mjujIuMG1tL+lMo7oxbTwvRk9OVD48L3RkPgogICAgPC9UUj4KPFRSPgogICAgICA8dGQgYmdjb2xvcj0iI2YwZjBmMCIgYWxpZ249ImNlbnRlciIgd2lkdGg9IjEyMiI+PGZvbnQgY29sb3I9IiM2NjY2NjYiIHNpemU9IjIiPsnMxrfUlLyaPC9mb250PjwvdGQ+CiAgICAgIDx0ZCBiZ2NvbG9yPSIjZmZmZmZmIiB3aWR0aD0iNDU1Ij48Rk9OVCBjb2xvcj0jMDAwMDAwIApzaXplPS0xPjxiPjFthWfOu6THpM7YnInTpMekuaGjPC9iPjxicj4KICAgICAgPGI+0X3K/YKApMektNmPyOukzoj2us+kx6StpOukwKSxMW2FZ867pMelq6XDpciku6S6pMuktNmPyOuCgMr9t9akzulMpLWkx6Sqy82k6qS1pLukxqSkpL+kwKSkpMakqqTqpN6kuaGjPC9iPjxicj4KCiAgICAgIDxicj4Ko7yjvMD9o76jvjxicj4KM4KApLTZj8jrpM6I9rrPPz8/MW2hwTOxvqTHpM+kyqSvM22hwTGxvqTHpM6wa8vNpMekuaGjPC9GT05UPiA8YnI+CiAgICAgIDxicj4KICAgICAgPGZvbnQgc2l6ZT0iLTEiPqH5taukt9TajuzXtJtypMuk6KTDpMakz8nP05vS1M3ipMekzqSqveyksaTLpMqk64j2us+k4qS0pLakpKTepLmho6S9pM7rSKTPpLOkwaTppKuk6aS030K9aqS1pLukxqSkpL+kwKSkpMakqqTqpN6kuaGjIDxicj4KICAgICAg0+ik4aS0wcuz0KSkpL+kwKStpN6kuaTopKakqu6KpKSkpKS/pLek3qS5oaM8L2ZvbnQ+ICAgICAgPC90ZD4KICAgIDwvVFI+CjxUUj4KICAgICAgPHRkIGJnY29sb3I9IiNmMGYwZjAiIGFsaWduPSJjZW50ZXIiIHdpZHRoPSIxMjIiPjxmb250IGNvbG9yPSIjNjY2NjY2IiBzaXplPSIyIj7L2LLEPC9mb250PjwvdGQ+CiAgICAgIDx0ZCBiZ2NvbG9yPSIjZmZmZmZmIiB3aWR0aD0iNDU1Ij48Rk9OVCBjb2xvcj0jMDAwMDAwIApzaXplPS0xPsWjuO88L0ZPTlQ+PC90ZD4KICAgIDwvVFI+CjxUUj4KICAgICAgPHRkIGJnY29sb3I9IiNmMGYwZjAiIGFsaWduPSJjZW50ZXIiIHdpZHRoPSIxMjIiPjxmb250IGNvbG9yPSIjNjY2NjY2IiBzaXplPSIyIj7J+q5iufo8L2ZvbnQ+PC90ZD4KICAgICAgPHRkIGJnY29sb3I9IiNmZmZmZmYiIHdpZHRoPSI0NTUiPjxGT05UIGNvbG9yPSMwMDAwMDAgCnNpemU9LTE+bWFkZSBpbiBpbmRpYTwvRk9OVD48L3RkPgogICAgPC9UUj4KPFRSPgogICAgICA8dGQgYmdjb2xvcj0iI2YwZjBmMCIgYWxpZ249ImNlbnRlciIgd2lkdGg9IjEyMiI+PGZvbnQgY29sb3I9IiM2NjY2NjYiIHNpemU9IjIiPoLkv7w8L2ZvbnQ+PC90ZD4KICAgICAgPHRkIGJnY29sb3I9IiNmZmZmZmYiIHdpZHRoPSI0NTUiPjxmb250IGNvbG9yPSIjZmYwMDAwIiBzaXplPSItMSI+CqH5pKrKuaSkpM5QQ61ovrOky6TopOqMZ+tIpM6kqsmrpMiukKTKpOuI9rrPpKyktKS2pKSk3qS5pM6kx9PopOGktMHLs9Ckr6TApLWkpKTepLuhozxicj4KofnFo7jvtsDM2KTOz+Ok6qTkpbel76Gipeil7LXIpKykoqTriPa6z6TipLSktqSkpN6kuaSszOzIu8vYssSkzqTKpOmkx6TPpM7OtqTHpLmkzqTH1/PTm6TOwO3TyaTLpOik67e1xrc/vbuTUaTPpKrK3KSxpLekxqSqpOqk3qS7pPOhozxicj4K0+ik4aS0wcuz0KTOpKakqKS02Y/I66SkpL+kwKStpN6kuaTopKakqu6KpKSkpKS/pLek3qS5oaM8L2ZvbnQ+PC90ZD4KICAgIDwvVFI+CjwvdGJvZHk+PC90YWJsZT48L2Rpdj4KPGJyPjxicj4KPGRpdj4KCjwvZGl2Pgo8YnI+PGJyPgo8ZGl2IGFsaWduPSJjZW50ZXIiPgo8aW1nIHNyYz0iaHR0cDovL2ltYWdlLnJha3V0ZW4uY28uanAvcGlua21vbmtleS9jYWJpbmV0L2NhdGVnb3J5LzYwMGJuci1jb3JkLmpwZyIgYm9yZGVyPSIwIj48YnI+PGJyPgo8aW1nIHNyYz0iaHR0cDovL2ltYWdlLnJha3V0ZW4uY28uanAvcGlua21vbmtleS9jYWJpbmV0L2NhdGVnb3J5LzYwMC1obS1lbmRwYXJ0cy5qcGciIGJvcmRlcj0iMCI+PGJyPjxicj4KPC9kaXY+PHN0eWxlPgoKLyrJzMa3pdqpYKW4Ki8KCnNwYW4ucHJpY2UxIHsKCWRpc3BsYXk6IGJsb2NrICFpbXBvcnRhbnQ7Cglmb250LXNpemU6IDEycHggIWltcG9ydGFudDsKCWNvbG9yOiAjZmYwMDAwICFpbXBvcnRhbnQ7Cgl2ZXJ0aWNhbC1hbGlnbjogYm90dG9tICFpbXBvcnRhbnQ7CglsaW5lLWhlaWdodDogMS4yZW0gIWltcG9ydGFudDsKCXBhZGRpbmctdG9wOiAwLjZlbSAhaW1wb3J0YW50OwoJcGFkZGluZy1yaWdodDogMWVtICFpbXBvcnRhbnQ7Cn0KCnNwYW4ucHJpY2UyIHsKCWZvbnQtc2l6ZTogMjBweCAhaW1wb3J0YW50OwoJZm9udC13ZWlnaHQ6IGJvbGQgIWltcG9ydGFudDsKCWNvbG9yOiAjZmYwMDAwICFpbXBvcnRhbnQ7Cgl2ZXJ0aWNhbC1hbGlnbjogYm90dG9tICFpbXBvcnRhbnQ7CglsaW5lLWhlaWdodDogMS4yZW0haW1wb3J0YW50Owp9CgovKiCkqprdpMvI66TqyczGt7XH5Wi7rc/xieS4/CAqLwpib2R5ICNyYWt1dGVuTGltaXRlZElkX2Fyb3VuZENhcnQgZGl2LmJrbXsKd2lkdGg6IDMwNnB4ICFpbXBvcnRhbnQ7Cn0KYm9keSBkaXYuYm9va21hcmtBcmVhIGRpdi5ia20gYS5hZGRCa20gc3Bhbi5ia21TdGFyIHsKd2lkdGg6IDMwNnB4ICFpbXBvcnRhbnQ7CmhlaWdodDogNDhweCAhaW1wb3J0YW50OwpiYWNrZ3JvdW5kOiB1cmwoaHR0cDovL2ltYWdlLnJha3V0ZW4uY28uanAvcGlua21vbmtleS9jYWJpbmV0L2Zhdl9idXR0b25fYWZ0ZXIyLmdpZikgbm8tcmVwZWF0IDAgMCAhaW1wb3J0YW50Owp9CmJvZHkgZGl2LmJvb2ttYXJrQXJlYSBkaXYuYmttIGEuYWRkQmttIHsKd2lkdGg6IDMwNnB4ICFpbXBvcnRhbnQ7CmhlaWdodDogNDhweCAhaW1wb3J0YW50Owp9CgovKiCkqprdpMvI66Tqpbel56XDpde1x+Vou63P8YnkuPwgKi8KYm9keSAjcmFrdXRlbkxpbWl0ZWRJZF9hcm91bmRDYXJ0IGRpdi5zaG9wQmttewp3aWR0aDogMzA2cHggIWltcG9ydGFudDsKcGFkZGluZy1sZWZ0OiAwcHggIWltcG9ydGFudDsKfQpib2R5IGRpdi5zaG9wQm9va21hcmtBcmVhIGRpdi5zaG9wQmttIGEuYWRkU2hvcEJrbSBzcGFuLnNob3BCa21TdGFyIHsKd2lkdGg6IDMwNnB4ICFpbXBvcnRhbnQ7CmhlaWdodDogNDhweCAhaW1wb3J0YW50OwpiYWNrZ3JvdW5kOiB1cmwoaHR0cDovL2ltYWdlLnJha3V0ZW4uY28uanAvcGlua21vbmtleS9jYWJpbmV0L2ZhdnNob3BfYnV0dG9uX2FmdGVyLmdpZikgbm8tcmVwZWF0IDAgMCAhaW1wb3J0YW50Owp9CmJvZHkgZGl2LnNob3BCb29rbWFya0FyZWEgZGl2LnNob3BCa20gYS5hZGRTaG9wQmttIHsKd2lkdGg6IDMwNnB4ICFpbXBvcnRhbnQ7CmhlaWdodDogNDhweCAhaW1wb3J0YW50Owp9CgoKLyoggoDK/cjrwaaZ2qTOtPOkraS1ICovCmlucHV0I3VuaXRzIHsKcGFkZGluZzogMXB4IDBweDsKfQoKLyogpKrZSaSkzu+kq6S0pdylv6XzpM6086StpLUgKi8KaW5wdXQgewpmb250LXNpemU6IDE3cHg7CnBhZGRpbmc6MTBweCA0MHB4Owp3aWR0aDogYXV0bzsKZm9udC1mYW1pbHk6IqXSpemlrqXOvceltCBQcm8gVzMiLCAiSGlyYWdpbm8gS2FrdSBHb3RoaWMgUHJvIiwgIqXhpaSl6qWqIiwgTWVpcnlvLCBPc2FrYSwgIqPNo9Mgo9CltKW3pcOlryIsICJNUyBQR290aGljIiwgc2Fucy1zZXJpZgp9CgovKiChuMnMxreky6TEpKSkxqTOhpakpLrPpO+ku6G5pdylv6XzpM6086StpLUqLwpmb250IGlucHV0IHsKZm9udC1zaXplOiAxMnB4OwpwYWRkaW5nOjJweDsKd2lkdGg6IDE1MHB4Owp9CgovKqG47ZfEv994kmvWq7K/t9ahuSovCi5pbnZlbnRvcnkgaW5wdXR7CmZvbnQtc2l6ZTogMTJweDsKYmFja2dyb3VuZDojZmZmOwp9CgoKLyog7ZfEv994kmvWq7x7xtql1aWppfOlyKW1paSluiovCgp0ZC5pbnZlbnRvcnkgZm9udHtmb250LXNpemU6MTJweDtjb2xvcjojZmYwMDAwO30KCi8qIO2XxL/feJJr1qsqLwoKI3Jha3V0ZW5MaW1pdGVkSWRfYXJvdW5kQ2FydCBzZWxlY3QgewptYXJnaW46NXB4IDBweDsKcGFkZGluZzo1cHg7Cn0KCiNyYWt1dGVuTGltaXRlZElkX2Fyb3VuZENhcnQgc3Bhbi5jaG9pY2U6YmVmb3J7CmNvbnRlbnQ6IHVybCgpOwp9CgovKiDXt4++paupYKXIz8Kkq6TppM6436S1Ki8KCmRpdiAjc2Nyb2xsVXB7CmJvdHRvbTogMzBweDsKfQoKLyogmFPM7JfKy/el0KlgoaGlralgpe+pYKXJICovCgpkaXYjSGVhZGVyS2V5d29yZCB7Cglwb3NpdGlvbjphYnNvbHV0ZTsKCXRvcDo1MHB4Oy8q0ru3rMnPpKuk6aTOzrvWwyovCglsZWZ0OjMwcHg7LyrX87bLpKuk6aTOzrvWwyovCn0KCmRpdiNIZWFkZXJLZXl3b3JkIHNwYW4gewoJYmFja2dyb3VuZDogI2JmMDAwMDsKCWNvbG9yOiNmZmY7Cglmb250LXdlaWdodDpib2xkOwoJcGFkZGluZzoycHggNXB4Owp9CgpkaXYjSGVhZGVyS2V5d29yZCBhIHsKCWNvbG9yOiMwMDQ0Q0M7Cn0KCjwvc3R5bGU+CgoKCgo8IS0tIKWipa+lu6W1peqpYKXRqWClxKWrpcaltKXqqWAgLS0+CjxkaXYgYWxpZ249ImNlbnRlciI+CjxpbWcgc3JjPSJodHRwOi8vaW1hZ2UucmFrdXRlbi5jby5qcC9waW5rbW9ua2V5L2NhYmluZXQvY2F0ZWdvcnkvaG03NjAuanBnIiBhbHQ9IqWipa+lu6W1peqpYKXRqWClxNK700Wk2CI+CjwvZGl2Pgo8ZGl2IGFsaWduPSJjZW50ZXIiPgoKPC9kaXY+CjwhLS0gL6Wipa+lu6W1peqpYKXRqWClxKWrpcaltKXqqWAgLS0+CgoKPCEtLSClt6XnpcOl1KXzpbClrKWkpckgLS0+Cgo8IS0tIC+lt6XnpcOl1KXzpbClrKWkpckgLS0+CgoKCgoKPGRpdiBpZD0iSGVhZGVyS2V5d29yZCI+CjxzcGFuPteixL+kzqWtqWCl76lgpck8L3NwYW4+CqWrpeulyKXKqWCluKXlCrjvpNKk4gqls6lgpcqpYL3wvt8Kpbel6qWzpfPQzSCl7KW4pfMKx9Ck6s7E19YgxL7RdSCk0qTppKykygqlv6XDpbul6wql3KW/pfMgpemlw6XXpdal7KW5CjwvZGl2Pgo8IS0tIJhTzOyXysv3pdCpYKGhpa2pYKXvqWClyUVORCAtLT4=,peGlv6XqpcOlr6WrpempYEEgpeyltqlgpbOpYKXJzei477x+KDJtbbf5JnRpbWVzOzFtKbG+uO8gxaO47yDH0KTqidOk6iAxTYVnzruhvqTmpKal0aWxpcOlyEGMnY/qob+jusrW3L+yxMHPpM6kqrXqIKWipfOlt6XjpfOlxrmkt78=,uO+8fiDNqNicpeyluKXzILLEwc+l7KW4pfMg0M2l7KW4pfMgpdGpYKXEpc+l86XJpeGlpKXJILLEwc8g2JyJ06XPpfOlyaXhpaSlySCloqWvpbultaXqqWAgssTBz6XPpfOlyaXhpaSlySCyxMHPILyksLKlz6Xzpcml4aWkpckgpdSloqW5ILLEwc+lz6Xzpcml4aWkpckgpdal7KW5peylw6XIILLEwc+lq6Xrpcilyqlgpbil5SCyxMHPIM2o2Jylt6XqpbOl86XiqWCl66XJIKXspbil87jvvH4gILG+uO+477x+ILyapKSl7KW2qWCls6lgpckgMW1tpeyltqlgpbOpYKXJIMa9paKlr6W7pbWl6qlgIKXRqWClxCDNqNicIKSqpLmkuaThpaKlr6W7pbWl6qlgIL3wvt+l1KWipbkgzKi8iKXUpaKluSClx6Wjpbml16XspaSl7KW4pfMgt+LI6yDL2LLEpeGlv6XqpcOlr6WrpempYEEgpeyltqlgpbOpYKXJzei477x+KDJtbbf5JnRpbWVzOzFtKbG+uO8gxaO47yDH0KTqidOk6iAxTYVnzruhvqTmpKal0aWxpcOlyEGMnY/qob8=,ob6k5qSmpdGlsaXDpchBjJ2P6qG/oaOl4aW/peqlw6Wvpaul6algQSCl7KW2qWCls6lgpcnN6LjvvH4oMm1tt/kmdGltZXM7MW0psb647yDFo7jvIMfQpOqJ06TqIDFNhWfOu6G+pOakpqXRpbGlw6XIQYydj+qhvw==[rn]
25-29645,aHR0cDovL3RzaG9wLnIxMHMuanAvcGlua21vbmtleS9jYWJpbmV0L2hhbmRtYWRlMDIvaG0tMS03OS1tYXRvbWUwbi5qcGc/Zml0aW49NzAwOjcwMA==,ODAuMDAwMA==,,yNXTw8a362rYmz/OxLe/vt8/ytbcvyA+IMrW3L8/pa+l6aXVpcg/yfq12CA+ILLDv3CyxMHPID4gpNKk4g==,peylrqXlpempYKWrpempYCCl7KW2qWCls6lgpcnN6LjvvH4oMW1tt/mhwTFtKbG+uO8gxaO47yDH0KTqidOk6iAxTYVnzruhvqTmpKal0aWxpcOlyEGMnY/qob8=,ob6k5qSmpdGlsaXDpchBjJ2P6qG/,PGNlbnRlcj4KPGRpdj4KCjwvZGl2Pgo8L2NlbnRlcj48YnI+CiAgICAgICAgPGRpdiBhbGlnbj0iY2VudGVyIj4KPHRhYmxlIGNlbGxzcGFjaW5nPSIxIiBjZWxscGFkZGluZz0iNSIgd2lkdGg9IjYwMCIgYmdjb2xvcj0iIzAwMDAwMCIgYWxpZ249ImNlbnRlciI+PFRCT0RZPgoKPFRSPgogICAgICA8dGQgYmdjb2xvcj0iI2YwZjBmMCIgYWxpZ249ImNlbnRlciIgd2lkdGg9IjEyMiI+PGZvbnQgY29sb3I9IiM2NjY2NjYiIHNpemU9IjIiPsnMxrfD+zwvZm9udD48L3RkPgogICAgICA8dGQgYmdjb2xvcj0iI2ZmZmZmZiIgd2lkdGg9IjQ1NSI+PEZPTlQgY29sb3I9IzAwMDAwMCIgc2l6ZT0tMT6l7KWupeWl6algpaul6algpeyltqlgpbOpYKXJzei477x+IDEuMG1tt/k8L0ZPTlQ+PC90ZD4KICAgIDwvVFI+CjxUUj4KICAgICAgPHRkIGJnY29sb3I9IiNmMGYwZjAiIGFsaWduPSJjZW50ZXIiIHdpZHRoPSIxMjIiPjxmb250IGNvbG9yPSIjNjY2NjY2IiBzaXplPSIyIj6lq6XpqWA8L2ZvbnQ+PC90ZD4KICAgICAgPHRkIGJnY29sb3I9IiNmZmZmZmYiIHdpZHRoPSI0NTUiPjxGT05UIGNvbG9yPSMwMDAwMDAiIHNpemU9LTE+CqWkpail7algL6Wqpeyl86W4L6XspcOlyS+lv6lgpbOlpKW6L6XqqWCl1aWwpeqpYKXzL6Xcpcil66WwpeqpYKXzL6XZpdOpYKXUpfOlry+l6aXZpfOlwKlgL6W5paulpKXWpeupYC+l0KWkpaql7KXDpcgvpcCpYKWvpdGpYKXXpesvpdal66lgLwqlv6XzL6XZqWCluKXlL6XWpemlw6Wvo6il7KWupeWl6algo6kvpcCpYKWvpb+l86XWpemlpqXzL6W/pfOl1qXppaal8y+l6aWkpcilv6Xzpdal6aWmpfMvpdul76WkpcgvpbepYKWwpeqpYKXzPGJyPgotKi0qLSotKi0qLSotKi0qPGJyPgq476TSpOIxbW23+aXspa6l5aXpqWClq6XpqWA8YnI+Csv7pM7Jq6TPpLOkwaTpPGJyPgotKi0qLSotKi0qLSotKi0qPGJyPgo8L0ZPTlQ+PC90ZD4KICAgIDwvVFI+CjxUUj4KICAgICAgPHRkIGJnY29sb3I9IiNmMGYwZjAiIGFsaWduPSJjZW50ZXIiIHdpZHRoPSIxMjIiPjxmb250IGNvbG9yPSIjNjY2NjY2IiBzaXplPSIyIj6ltaWkpboovHMpPC9mb250PjwvdGQ+CiAgICAgIDx0ZCBiZ2NvbG9yPSIjZmZmZmZmIiB3aWR0aD0iNDU1Ij48Rk9OVCBjb2xvcj0jMDAwMDAwIApzaXplPS0xPrf5o7oxLjBtbS/pTKO6MW08L0ZPTlQ+PC90ZD4KICAgIDwvVFI+CjxUUj4KICAgICAgPHRkIGJnY29sb3I9IiNmMGYwZjAiIGFsaWduPSJjZW50ZXIiIHdpZHRoPSIxMjIiPjxmb250IGNvbG9yPSIjNjY2NjY2IiBzaXplPSIyIj7JzMa31JS8mjwvZm9udD48L3RkPgogICAgICA8dGQgYmdjb2xvcj0iI2ZmZmZmZiIgd2lkdGg9IjQ1NSI+PEZPTlQgY29sb3I9IzAwMDAwMCAKc2l6ZT0tMT48Yj4xbYVnzrukx6TO2JyJ06THpLmhozwvYj48YnI+CiAgICAgIDxiPtF9yv2CgKTHpLTZj8jrpM6I9rrPpMekraTrpMCksTFthWfOu6THpaulw6XIpLukuqTLpLTZj8jrgoDK/bfWpM7pTKS1pMekqsvNpOqktaS7pMakpKS/pMCkpKTGpKqk6qTepLmhozwvYj48YnI+CgogICAgICA8YnI+CqO8o7zA/aO+o748YnI+CjOCgKS02Y/I66TOiPa6zz8/PzFtocEzsb6kx6TPpMqkrzNtocExsb6kx6TOsGvLzaTHpLmhozwvRk9OVD4gPGJyPgogICAgICA8YnI+CiAgICAgIDxmb250IHNpemU9Ii0xIj6h+bWrpLfU2o7s17SbcqTLpOikw6TGpM/Jz9Ob0tTN4qTHpM6kqr3spLGky6TKpOuI9rrPpOKktKS2pKSk3qS5oaOkvaTO60ikz6SzpMGk6aSrpOmktN9CvWqktaS7pMakpKS/pMCkpKTGpKqk6qTepLmhoyA8YnI+CiAgICAgINPopOGktMHLs9CkpKS/pMCkraTepLmk6KSmpKruiqSkpKSkv6S3pN6kuaGjPC9mb250PiAgICAgIDwvdGQ+CiAgICA8L1RSPgo8VFI+CiAgICAgIDx0ZCBiZ2NvbG9yPSIjZjBmMGYwIiBhbGlnbj0iY2VudGVyIiB3aWR0aD0iMTIyIj48Zm9udCBjb2xvcj0iIzY2NjY2NiIgc2l6ZT0iMiI+y9iyxDwvZm9udD48L3RkPgogICAgICA8dGQgYmdjb2xvcj0iI2ZmZmZmZiIgd2lkdGg9IjQ1NSI+PEZPTlQgY29sb3I9IzAwMDAwMCAKc2l6ZT0tMT7Fo7jvPC9GT05UPjwvdGQ+CiAgICA8L1RSPgo8VFI+CiAgICAgIDx0ZCBiZ2NvbG9yPSIjZjBmMGYwIiBhbGlnbj0iY2VudGVyIiB3aWR0aD0iMTIyIj48Zm9udCBjb2xvcj0iIzY2NjY2NiIgc2l6ZT0iMiI+yfquYrn6PC9mb250PjwvdGQ+CiAgICAgIDx0ZCBiZ2NvbG9yPSIjZmZmZmZmIiB3aWR0aD0iNDU1Ij48Rk9OVCBjb2xvcj0jMDAwMDAwIApzaXplPS0xPm1hZGUgaW4gaW5kaWE8L0ZPTlQ+PC90ZD4KICAgIDwvVFI+CjxUUj4KICAgICAgPHRkIGJnY29sb3I9IiNmMGYwZjAiIGFsaWduPSJjZW50ZXIiIHdpZHRoPSIxMjIiPjxmb250IGNvbG9yPSIjNjY2NjY2IiBzaXplPSIyIj6C5L+8PC9mb250PjwvdGQ+CiAgICAgIDx0ZCBiZ2NvbG9yPSIjZmZmZmZmIiB3aWR0aD0iNDU1Ij48Zm9udCBjb2xvcj0iI2ZmMDAwMCIgc2l6ZT0iLTEiPgqh+aSqyrmkpKTOUEOtaL6zpMuk6KTqjGfrSKTOpKrJq6TIrpCkyqTriPa6z6SspLSktqSkpN6kuaTOpMfT6KThpLTBy7PQpK+kwKS1pKSk3qS7oaM8YnI+CqH5xaO477bAzNikzs/jpOqk5KW3pe+hoqXopey1yKSspKKk64j2us+k4qS0pLakpKTepLmkrMzsyLvL2LLEpM6kyqTppMekz6TOzrakx6S5pM6kx9fz05ukzsDt08mky6TopOu3tca3P727k1Gkz6SqytyksaS3pMakqqTqpN6ku6TzoaM8YnI+CtPopOGktMHLs9CkzqSmpKiktNmPyOukpKS/pMCkraTepLmk6KSmpKruiqSkpKSkv6S3pN6kuaGjPC9mb250PjwvdGQ+CiAgICA8L1RSPgo8L3Rib2R5PjwvdGFibGU+PC9kaXY+Cjxicj48YnI+CjxkaXY+Cgo8L2Rpdj4KPGJyPjxicj4KPGRpdiBhbGlnbj0iY2VudGVyIj4KPGltZyBzcmM9Imh0dHA6Ly9pbWFnZS5yYWt1dGVuLmNvLmpwL3Bpbmttb25rZXkvY2FiaW5ldC9jYXRlZ29yeS82MDBibnItY29yZC5qcGciIGJvcmRlcj0iMCI+PGJyPjxicj4KPGltZyBzcmM9Imh0dHA6Ly9pbWFnZS5yYWt1dGVuLmNvLmpwL3Bpbmttb25rZXkvY2FiaW5ldC9jYXRlZ29yeS82MDAtaG0tZW5kcGFydHMuanBnIiBib3JkZXI9IjAiPjxicj48YnI+CjwvZGl2PjxzdHlsZT4KCi8qyczGt6XaqWCluCovCgpzcGFuLnByaWNlMSB7CglkaXNwbGF5OiBibG9jayAhaW1wb3J0YW50OwoJZm9udC1zaXplOiAxMnB4ICFpbXBvcnRhbnQ7Cgljb2xvcjogI2ZmMDAwMCAhaW1wb3J0YW50OwoJdmVydGljYWwtYWxpZ246IGJvdHRvbSAhaW1wb3J0YW50OwoJbGluZS1oZWlnaHQ6IDEuMmVtICFpbXBvcnRhbnQ7CglwYWRkaW5nLXRvcDogMC42ZW0gIWltcG9ydGFudDsKCXBhZGRpbmctcmlnaHQ6IDFlbSAhaW1wb3J0YW50Owp9CgpzcGFuLnByaWNlMiB7Cglmb250LXNpemU6IDIwcHggIWltcG9ydGFudDsKCWZvbnQtd2VpZ2h0OiBib2xkICFpbXBvcnRhbnQ7Cgljb2xvcjogI2ZmMDAwMCAhaW1wb3J0YW50OwoJdmVydGljYWwtYWxpZ246IGJvdHRvbSAhaW1wb3J0YW50OwoJbGluZS1oZWlnaHQ6IDEuMmVtIWltcG9ydGFudDsKfQoKLyogpKqa3aTLyOuk6snMxre1x+Vou63P8YnkuPwgKi8KYm9keSAjcmFrdXRlbkxpbWl0ZWRJZF9hcm91bmRDYXJ0IGRpdi5ia217CndpZHRoOiAzMDZweCAhaW1wb3J0YW50Owp9CmJvZHkgZGl2LmJvb2ttYXJrQXJlYSBkaXYuYmttIGEuYWRkQmttIHNwYW4uYmttU3RhciB7CndpZHRoOiAzMDZweCAhaW1wb3J0YW50OwpoZWlnaHQ6IDQ4cHggIWltcG9ydGFudDsKYmFja2dyb3VuZDogdXJsKGh0dHA6Ly9pbWFnZS5yYWt1dGVuLmNvLmpwL3Bpbmttb25rZXkvY2FiaW5ldC9mYXZfYnV0dG9uX2FmdGVyMi5naWYpIG5vLXJlcGVhdCAwIDAgIWltcG9ydGFudDsKfQpib2R5IGRpdi5ib29rbWFya0FyZWEgZGl2LmJrbSBhLmFkZEJrbSB7CndpZHRoOiAzMDZweCAhaW1wb3J0YW50OwpoZWlnaHQ6IDQ4cHggIWltcG9ydGFudDsKfQoKLyogpKqa3aTLyOuk6qW3peelw6XXtcflaLutz/GJ5Lj8ICovCmJvZHkgI3Jha3V0ZW5MaW1pdGVkSWRfYXJvdW5kQ2FydCBkaXYuc2hvcEJrbXsKd2lkdGg6IDMwNnB4ICFpbXBvcnRhbnQ7CnBhZGRpbmctbGVmdDogMHB4ICFpbXBvcnRhbnQ7Cn0KYm9keSBkaXYuc2hvcEJvb2ttYXJrQXJlYSBkaXYuc2hvcEJrbSBhLmFkZFNob3BCa20gc3Bhbi5zaG9wQmttU3RhciB7CndpZHRoOiAzMDZweCAhaW1wb3J0YW50OwpoZWlnaHQ6IDQ4cHggIWltcG9ydGFudDsKYmFja2dyb3VuZDogdXJsKGh0dHA6Ly9pbWFnZS5yYWt1dGVuLmNvLmpwL3Bpbmttb25rZXkvY2FiaW5ldC9mYXZzaG9wX2J1dHRvbl9hZnRlci5naWYpIG5vLXJlcGVhdCAwIDAgIWltcG9ydGFudDsKfQpib2R5IGRpdi5zaG9wQm9va21hcmtBcmVhIGRpdi5zaG9wQmttIGEuYWRkU2hvcEJrbSB7CndpZHRoOiAzMDZweCAhaW1wb3J0YW50OwpoZWlnaHQ6IDQ4cHggIWltcG9ydGFudDsKfQoKCi8qIIKAyv3I68GmmdqkzrTzpK2ktSAqLwppbnB1dCN1bml0cyB7CnBhZGRpbmc6IDFweCAwcHg7Cn0KCi8qIKSq2UmkpM7vpKuktKXcpb+l86TOtPOkraS1ICovCmlucHV0IHsKZm9udC1zaXplOiAxN3B4OwpwYWRkaW5nOjEwcHggNDBweDsKd2lkdGg6IGF1dG87CmZvbnQtZmFtaWx5OiKl0qXppa6lzr3HpbQgUHJvIFczIiwgIkhpcmFnaW5vIEtha3UgR290aGljIFBybyIsICKl4aWkpeqlqiIsIE1laXJ5bywgT3Nha2EsICKjzaPTIKPQpbSlt6XDpa8iLCAiTVMgUEdvdGhpYyIsIHNhbnMtc2VyaWYKfQoKLyogobjJzMa3pMukxKSkpMakzoaWpKS6z6TvpLuhuaXcpb+l86TOtPOkraS1Ki8KZm9udCBpbnB1dCB7CmZvbnQtc2l6ZTogMTJweDsKcGFkZGluZzoycHg7CndpZHRoOiAxNTBweDsKfQoKLyqhuO2XxL/feJJr1quyv7fWobkqLwouaW52ZW50b3J5IGlucHV0ewpmb250LXNpemU6IDEycHg7CmJhY2tncm91bmQ6I2ZmZjsKfQoKCi8qIO2XxL/feJJr1qu8e8bapdWlqaXzpciltaWkpboqLwoKdGQuaW52ZW50b3J5IGZvbnR7Zm9udC1zaXplOjEycHg7Y29sb3I6I2ZmMDAwMDt9CgovKiDtl8S/33iSa9arKi8KCiNyYWt1dGVuTGltaXRlZElkX2Fyb3VuZENhcnQgc2VsZWN0IHsKbWFyZ2luOjVweCAwcHg7CnBhZGRpbmc6NXB4Owp9CgojcmFrdXRlbkxpbWl0ZWRJZF9hcm91bmRDYXJ0IHNwYW4uY2hvaWNlOmJlZm9yewpjb250ZW50OiB1cmwoKTsKfQoKLyog17ePvqWrqWClyM/CpKuk6aTOuN+ktSovCgpkaXYgI3Njcm9sbFVwewpib3R0b206IDMwcHg7Cn0KCi8qIJhTzOyXysv3pdCpYKGhpa2pYKXvqWClySAqLwoKZGl2I0hlYWRlcktleXdvcmQgewoJcG9zaXRpb246YWJzb2x1dGU7Cgl0b3A6NTBweDsvKtK7t6zJz6SrpOmkzs671sMqLwoJbGVmdDozMHB4Oy8q1/O2y6SrpOmkzs671sMqLwp9CgpkaXYjSGVhZGVyS2V5d29yZCBzcGFuIHsKCWJhY2tncm91bmQ6ICNiZjAwMDA7Cgljb2xvcjojZmZmOwoJZm9udC13ZWlnaHQ6Ym9sZDsKCXBhZGRpbmc6MnB4IDVweDsKfQoKZGl2I0hlYWRlcktleXdvcmQgYSB7Cgljb2xvcjojMDA0NENDOwp9Cgo8L3N0eWxlPgoKCgoKPCEtLSCloqWvpbultaXqqWCl0algpcSlq6XGpbSl6qlgIC0tPgo8ZGl2IGFsaWduPSJjZW50ZXIiPgo8aW1nIHNyYz0iaHR0cDovL2ltYWdlLnJha3V0ZW4uY28uanAvcGlua21vbmtleS9jYWJpbmV0L2NhdGVnb3J5L2htNzYwLmpwZyIgYWx0PSKloqWvpbultaXqqWCl0algpcTSu9NFpNgiPgo8L2Rpdj4KPGRpdiBhbGlnbj0iY2VudGVyIj4KCjwvZGl2Pgo8IS0tIC+loqWvpbultaXqqWCl0algpcSlq6XGpbSl6qlgIC0tPgoKCjwhLS0gpbel56XDpdSl86WwpaylpKXJIC0tPgoKPCEtLSAvpbel56XDpdSl86WwpaylpKXJIC0tPgoKCgoKCjxkaXYgaWQ9IkhlYWRlcktleXdvcmQiPgo8c3Bhbj7XosS/pM6lralgpe+pYKXJPC9zcGFuPgqlq6Xrpcilyqlgpbil5Qq476TSpOIKpbOpYKXKqWC98L7fCqW3peqls6Xz0M0gpeyluKXzCsfQpOrOxNfWIMS+0XUgpNKk6aSspMoKpb+lw6W7pesKpdylv6XzIKXppcOl16XWpeyluQo8L2Rpdj4KPCEtLSCYU8zsl8rL96XQqWChoaWtqWCl76lgpclFTkQgLS0+,peylrqXlpempYKWrpempYCCl7KW2qWCls6lgpcnN6LjvvH4oMW1tt/kmdGltZXM7MW0psb647yDFo7jvIMfQpOqJ06TqIDFNhWfOu6G+pOakpqXRpbGlw6XIQYydj+qhv6O6ytbcv7LEwc+kzqSqteogpaKl86W3peOl86XGuaS3vw==,uO+8fiDNqNicpeyluKXzILLEwc+l7KW4pfMg0M2l7KW4pfMgpdGpYKXEpc+l86XJpeGlpKXJILLEwc8g2JyJ06XPpfOlyaXhpaSlySCloqWvpbultaXqqWAgssTBz6XPpfOlyaXhpaSlySCyxMHPILyksLKlz6Xzpcml4aWkpckgpdSloqW5ILLEwc+lz6Xzpcml4aWkpckgpdal7KW5peylw6XIILLEwc+lq6Xrpcilyqlgpbil5SCyxMHPIM2o2Jylt6XqpbOl86XiqWCl66XJIKXspbil87jvvH4gILG+uO+477x+ILyapKSl7KW2qWCls6lgpckgMW1tpeyltqlgpbOpYKXJIMa9paKlr6W7pbWl6qlgIKXRqWClxCDNqNicIKSqpLmkuaThpaKlr6W7pbWl6qlgIL3wvt+l1KWipbkgzKi8iKXUpaKluSClx6Wjpbml16XspaSl7KW4pfMgt+LI6yDL2LLEpeylrqXlpempYKWrpempYCCl7KW2qWCls6lgpcnN6LjvvH4oMW1tt/kmdGltZXM7MW0psb647yDFo7jvIMfQpOqJ06TqIDFNhWfOu6G+pOakpqXRpbGlw6XIQYydj+qhvw==,ob6k5qSmpdGlsaXDpchBjJ2P6qG/oaOl7KWupeWl6algpaul6algIKXspbapYKWzqWClyc3ouO+8figxbW23+SZ0aW1lczsxbSmxvrjvIMWjuO8gx9Ck6onTpOogMU2FZ867ob6k5qSmpdGlsaXDpchBjJ2P6qG/[rn]
25-29646,aHR0cDovL3RzaG9wLnIxMHMuanAvcGlua21vbmtleS9jYWJpbmV0L2hhbmRtYWRlMDIvaG0tMTEtNjQtYzguanBnP2ZpdGluPTcwMDo3MDA=,MTM2LjAwMDA=,,yNXTw8a362rYmz/OxLe/vt8/ytbcvyA+IMrW3L8/pa+l6aXVpcg/yfq12CA+ILLDv3CyxMHPID4gpNKk4g==,peylrqXlpempYKWrpempYKXspbapYKWzqWClyc3ouO+8fqOoM21tt/mhwTFto6ml26XvpaSlyLG+uO8gxaO47yDH0KTqidOk6iAxTYVnzruhvqTmpKal0aWxpcOlyEGMnY/qob8=,ob6k5qSmpdGlsaXDpchBjJ2P6qG/,PHRhYmxlIGNlbGxzcGFjaW5nPSIxIiBjZWxscGFkZGluZz0iNiIgYWxpZ249ImNlbnRlciIgYmdjb2xvcj0iIzY2NjY2NiIgd2lkdGg9IjEwMCUiPgo8dGJvZHk+PHRyPjx0ZCBiZ2NvbG9yPSIjZmZmZmZmIj4KPGZvbnQgY29sb3I9IiM2NjY2NjYiIHNpemU9IjIiPrTzwb/Xos7EpMukxKStpN6kt6TGpb+lpKXfpfOlsKSspO+k66Sv2Y/I68r9pPKktNPD0uKkx6StpMqkpIj2us+krKTepOyky6S0pLakpKTepLmhozxicj4K1+Ok6qTKpKS31qTLpMSkraTepLekxqTPyOu6ybTOtdqkzrBry82kx6S0z+DVhKS1pLukxqSkpL+kwKSvpLOkyKSspKKk6qTepLmkzqTHpLTA7b3ipM6k26TJpKruiqSkpLek3qS5oaM8L2ZvbnQ+CjwvdGQ+PC90cj4KPC90Ym9keT48L3RhYmxlPgo8YnI+PGJyPjxjZW50ZXI+CjxkaXY+Cgo8L2Rpdj4KPC9jZW50ZXI+PGJyPgo8ZGl2IGNsYXNzPSJpdGVtRGVzYyI+CjxkaXYgY2xhc3M9Iml0ZW1UYWJsZSI+Cgo8dGFibGU+CjxjYXB0aW9uPsnMxreky6TEpKSkxjwvY2FwdGlvbj4KCjx0cj4KPHRoPjxzcGFuPsnMxrfD+zwvc3Bhbj48L3RoPgo8dGQ+peylrqXlpempYKWrpempYKXspbapYKWzqWClyc3ouO+8fiAzLjBtbbf5PC90ZD4KPC90cj4KPHRyPgo8dGg+PHNwYW4+paul6algPC9zcGFuPjwvdGg+Cjx0ZD6l26XvpaSlyDwvdGQ+CjwvdHI+Cjx0cj4KPHRoPjxzcGFuPqW1paSlujwvc3Bhbj48L3RoPgo8dGQ+KLxzKbf5o7ozLjBtbS/pTKO6MW08L3RkPgo8L3RyPgo8dHI+Cjx0aD48c3Bhbj7L2CAgssQ8L3NwYW4+PC90aD4KPHRkPsWjuO88L3RkPgo8L3RyPgo8dHI+Cjx0aD48c3Bhbj7JzMa31JS8mjwvc3Bhbj48L3RoPgo8dGQ+PGI+MW2FZ867pMekzticidOkx6S5oaM8L2I+PGJyPgogIDxiPtF9yv2CgKTHpLTZj8jrpM6I9rrPpMekraTrpMCksTFthWfOu6THpaulw6XIpLukuqTLpLTZj8jrgoDK/bfWpM7pTKS1pMekqsvNpOqktaS7pMakpKS/pMCkpKTGpKqk6qTepLmhozwvYj48YnI+CiAgPGJyPgqjvKO8wP2jvqO+PGJyPgozgoCktNmPyOukzoj2us8/Pz8xbaHBM7G+pMekz6TKpK8zbaHBMbG+pMekzrBry82kx6S5oaMgPGJyPgo8YnI+CqH5taukt9TajuzXtJtypMuk6KTDpMakz8nP05vS1M3ipMekzqSqveyksaTLpMqk64j2us+k4qS0pLakpKTepLmho6S9pM7rSKTPpLOkwaTppKuk6aS030K9aqS1pLukxqSkpL+kwKSkpMakqqTqpN6kuaGjIDxicj4K0+ik4aS0wcuz0KSkpL+kwKStpN6kuaTopKakqu6KpKSkpKS/pLek3qS5oaM8L3RkPgo8L3RyPgo8dHI+Cjx0aD48c3Bhbj7J+q5iufo8L3NwYW4+PC90aD4KPHRkPtbQufo8L3RkPgo8L3RyPgo8dHI+Cjx0aD48c3Bhbj6C5KGhv7w8L3NwYW4+PC90aD4KPHRkIHN0eWxlPSJjb2xvcjogI2YwMDsiPqH5pKrKuaSkpM5QQ61ovrOky6TopOqMZ+tIpM6kqsmrpMiukKTKpOuI9rrPpKyktKS2pKSk3qS5pM6kx9PopOGktMHLs9Ckr6TApLWkpKTepLuhozxicj4Kofm6o83iysvI66TspM7Rdca3pM6kv6ThpKrJq6Gi0M6kyqTJysvI66TslXLG2qTkpe2lw6XIpMuk6KTqyPS4yaTOsu6ukKSspKKk64j2us+krKS0pLakpKTepLmhozxicj4KICCh+cWjuO+2wMzYpM7P46TqpOSlt6XvoaKl6KXstcikrKSipOuI9rrPpOKktKS2pKSk3qS5pKzM7Mi7y9iyxKTOpMqk6aTHpM+kzs62pMekuaTOpMfX89ObpM7A7dPJpMuk6KTrt7XGtz+9u5NRpM+kqsrcpLGkt6TGpKqk6qTepLuk86GjCiAgICA8YnI+CiAgICDT6KThpLTBy7PQpM6kpqSopLTZj8jrpKSkv6TApK2k3qS5pOikpqSq7oqkpKSkpL+kt6TepLmhozwvdGQ+CjwvdHI+CgoKPC90YWJsZT4KPC9kaXY+CjwvZGl2PgoKPGJyPjxicj4KPGRpdj4KCjwvZGl2Pgo8YnI+PGJyPgo8ZGl2IGFsaWduPSJjZW50ZXIiPgo8aW1nIHNyYz0iaHR0cDovL2ltYWdlLnJha3V0ZW4uY28uanAvcGlua21vbmtleS9jYWJpbmV0L2NhdGVnb3J5LzYwMGJuci1jb3JkLmpwZyIgYm9yZGVyPSIwIj48YnI+PGJyPgo8aW1nIHNyYz0iaHR0cDovL2ltYWdlLnJha3V0ZW4uY28uanAvcGlua21vbmtleS9jYWJpbmV0L2NhdGVnb3J5LzYwMC1obS1lbmRwYXJ0cy5qcGciIGJvcmRlcj0iMCI+PGJyPjxicj4KPC9kaXY+PHN0eWxlPgoKLyrJzMa3pdqpYKW4Ki8KCnNwYW4ucHJpY2UxIHsKCWRpc3BsYXk6IGJsb2NrICFpbXBvcnRhbnQ7Cglmb250LXNpemU6IDEycHggIWltcG9ydGFudDsKCWNvbG9yOiAjZmYwMDAwICFpbXBvcnRhbnQ7Cgl2ZXJ0aWNhbC1hbGlnbjogYm90dG9tICFpbXBvcnRhbnQ7CglsaW5lLWhlaWdodDogMS4yZW0gIWltcG9ydGFudDsKCXBhZGRpbmctdG9wOiAwLjZlbSAhaW1wb3J0YW50OwoJcGFkZGluZy1yaWdodDogMWVtICFpbXBvcnRhbnQ7Cn0KCnNwYW4ucHJpY2UyIHsKCWZvbnQtc2l6ZTogMjBweCAhaW1wb3J0YW50OwoJZm9udC13ZWlnaHQ6IGJvbGQgIWltcG9ydGFudDsKCWNvbG9yOiAjZmYwMDAwICFpbXBvcnRhbnQ7Cgl2ZXJ0aWNhbC1hbGlnbjogYm90dG9tICFpbXBvcnRhbnQ7CglsaW5lLWhlaWdodDogMS4yZW0haW1wb3J0YW50Owp9CgovKiCkqprdpMvI66TqyczGt7XH5Wi7rc/xieS4/CAqLwpib2R5ICNyYWt1dGVuTGltaXRlZElkX2Fyb3VuZENhcnQgZGl2LmJrbXsKd2lkdGg6IDMwNnB4ICFpbXBvcnRhbnQ7Cn0KYm9keSBkaXYuYm9va21hcmtBcmVhIGRpdi5ia20gYS5hZGRCa20gc3Bhbi5ia21TdGFyIHsKd2lkdGg6IDMwNnB4ICFpbXBvcnRhbnQ7CmhlaWdodDogNDhweCAhaW1wb3J0YW50OwpiYWNrZ3JvdW5kOiB1cmwoaHR0cDovL2ltYWdlLnJha3V0ZW4uY28uanAvcGlua21vbmtleS9jYWJpbmV0L2Zhdl9idXR0b25fYWZ0ZXIyLmdpZikgbm8tcmVwZWF0IDAgMCAhaW1wb3J0YW50Owp9CmJvZHkgZGl2LmJvb2ttYXJrQXJlYSBkaXYuYmttIGEuYWRkQmttIHsKd2lkdGg6IDMwNnB4ICFpbXBvcnRhbnQ7CmhlaWdodDogNDhweCAhaW1wb3J0YW50Owp9CgovKiCkqprdpMvI66Tqpbel56XDpde1x+Vou63P8YnkuPwgKi8KYm9keSAjcmFrdXRlbkxpbWl0ZWRJZF9hcm91bmRDYXJ0IGRpdi5zaG9wQmttewp3aWR0aDogMzA2cHggIWltcG9ydGFudDsKcGFkZGluZy1sZWZ0OiAwcHggIWltcG9ydGFudDsKfQpib2R5IGRpdi5zaG9wQm9va21hcmtBcmVhIGRpdi5zaG9wQmttIGEuYWRkU2hvcEJrbSBzcGFuLnNob3BCa21TdGFyIHsKd2lkdGg6IDMwNnB4ICFpbXBvcnRhbnQ7CmhlaWdodDogNDhweCAhaW1wb3J0YW50OwpiYWNrZ3JvdW5kOiB1cmwoaHR0cDovL2ltYWdlLnJha3V0ZW4uY28uanAvcGlua21vbmtleS9jYWJpbmV0L2ZhdnNob3BfYnV0dG9uX2FmdGVyLmdpZikgbm8tcmVwZWF0IDAgMCAhaW1wb3J0YW50Owp9CmJvZHkgZGl2LnNob3BCb29rbWFya0FyZWEgZGl2LnNob3BCa20gYS5hZGRTaG9wQmttIHsKd2lkdGg6IDMwNnB4ICFpbXBvcnRhbnQ7CmhlaWdodDogNDhweCAhaW1wb3J0YW50Owp9CgoKLyoggoDK/cjrwaaZ2qTOtPOkraS1ICovCmlucHV0I3VuaXRzIHsKcGFkZGluZzogMXB4IDBweDsKfQoKLyogpKrZSaSkzu+kq6S0pdylv6XzpM6086StpLUgKi8KaW5wdXQgewpmb250LXNpemU6IDE3cHg7CnBhZGRpbmc6MTBweCA0MHB4Owp3aWR0aDogYXV0bzsKZm9udC1mYW1pbHk6IqXSpemlrqXOvceltCBQcm8gVzMiLCAiSGlyYWdpbm8gS2FrdSBHb3RoaWMgUHJvIiwgIqXhpaSl6qWqIiwgTWVpcnlvLCBPc2FrYSwgIqPNo9Mgo9CltKW3pcOlryIsICJNUyBQR290aGljIiwgc2Fucy1zZXJpZgp9CgovKiChuMnMxreky6TEpKSkxqTOhpakpLrPpO+ku6G5pdylv6XzpM6086StpLUqLwpmb250IGlucHV0IHsKZm9udC1zaXplOiAxMnB4OwpwYWRkaW5nOjJweDsKd2lkdGg6IDE1MHB4Owp9CgovKqG47ZfEv994kmvWq7K/t9ahuSovCi5pbnZlbnRvcnkgaW5wdXR7CmZvbnQtc2l6ZTogMTJweDsKYmFja2dyb3VuZDojZmZmOwp9CgoKLyog7ZfEv994kmvWq7x7xtql1aWppfOlyKW1paSluiovCgp0ZC5pbnZlbnRvcnkgZm9udHtmb250LXNpemU6MTJweDtjb2xvcjojZmYwMDAwO30KCi8qIO2XxL/feJJr1qsqLwoKI3Jha3V0ZW5MaW1pdGVkSWRfYXJvdW5kQ2FydCBzZWxlY3QgewptYXJnaW46NXB4IDBweDsKcGFkZGluZzo1cHg7Cn0KCiNyYWt1dGVuTGltaXRlZElkX2Fyb3VuZENhcnQgc3Bhbi5jaG9pY2U6YmVmb3J7CmNvbnRlbnQ6IHVybCgpOwp9CgovKiDXt4++paupYKXIz8Kkq6TppM6436S1Ki8KCmRpdiAjc2Nyb2xsVXB7CmJvdHRvbTogMzBweDsKfQoKLyogmFPM7JfKy/el0KlgoaGlralgpe+pYKXJICovCgpkaXYjSGVhZGVyS2V5d29yZCB7Cglwb3NpdGlvbjphYnNvbHV0ZTsKCXRvcDo1MHB4Oy8q0ru3rMnPpKuk6aTOzrvWwyovCglsZWZ0OjMwcHg7LyrX87bLpKuk6aTOzrvWwyovCn0KCmRpdiNIZWFkZXJLZXl3b3JkIHNwYW4gewoJYmFja2dyb3VuZDogI2JmMDAwMDsKCWNvbG9yOiNmZmY7Cglmb250LXdlaWdodDpib2xkOwoJcGFkZGluZzoycHggNXB4Owp9CgpkaXYjSGVhZGVyS2V5d29yZCBhIHsKCWNvbG9yOiMwMDQ0Q0M7Cn0KCjwvc3R5bGU+CgoKCgo8IS0tIKWipa+lu6W1peqpYKXRqWClxKWrpcaltKXqqWAgLS0+CjxkaXYgYWxpZ249ImNlbnRlciI+CjxpbWcgc3JjPSJodHRwOi8vaW1hZ2UucmFrdXRlbi5jby5qcC9waW5rbW9ua2V5L2NhYmluZXQvY2F0ZWdvcnkvaG03NjAuanBnIiBhbHQ9IqWipa+lu6W1peqpYKXRqWClxNK700Wk2CI+CjwvZGl2Pgo8ZGl2IGFsaWduPSJjZW50ZXIiPgoKPC9kaXY+CjwhLS0gL6Wipa+lu6W1peqpYKXRqWClxKWrpcaltKXqqWAgLS0+CgoKPCEtLSClt6XnpcOl1KXzpbClrKWkpckgLS0+Cgo8IS0tIC+lt6XnpcOl1KXzpbClrKWkpckgLS0+CgoKCgoKPGRpdiBpZD0iSGVhZGVyS2V5d29yZCI+CjxzcGFuPteixL+kzqWtqWCl76lgpck8L3NwYW4+CqWrpeulyKXKqWCluKXlCrjvpNKk4gqls6lgpcqpYL3wvt8Kpbel6qWzpfPQzSCl7KW4pfMKx9Ck6s7E19YgxL7RdSCk0qTppKykygqlv6XDpbul6wql3KW/pfMgpemlw6XXpdal7KW5CjwvZGl2Pgo8IS0tIJhTzOyXysv3pdCpYKGhpa2pYKXvqWClyUVORCAtLT4=,peylrqXlpempYKWrpempYKXspbapYKWzqWClyc3ouO+8fqOoM21tt/kmdGltZXM7MW2jqaXbpe+lpKXIsb647yDFo7jvIMfQpOqJ06TqIDFNhWfOu6G+pOakpqXRpbGlw6XIQYydj+qhv6O6ytbcv7LEwc+kzqSqteogpaKl86W3peOl86XGuaS3vw==,uO+8fiDNqNicpeyluKXzILLEwc+l7KW4pfMg0M2l7KW4pfMgpdGpYKXEpc+l86XJpeGlpKXJILLEwc8g2JyJ06XPpfOlyaXhpaSlySCloqWvpbultaXqqWAgssTBz6XPpfOlyaXhpaSlySCyxMHPILyksLKlz6Xzpcml4aWkpckgpdSloqW5ILLEwc+lz6Xzpcml4aWkpckgpdal7KW5peylw6XIILLEwc+lq6Xrpcilyqlgpbil5SCyxMHPIM2o2Jylt6XqpbOl86XiqWCl66XJIKXspbil87jvvH4gILG+uO+477x+ILyapKSl7KW2qWCls6lgpckgMW1tpeyltqlgpbOpYKXJIMa9paKlr6W7pbWl6qlgIKXRqWClxCDNqNicIKSqpLmkuaThpaKlr6W7pbWl6qlgIL3wvt+l1KWipbkgzKi8iKXUpaKluSClx6Wjpbml16XspaSl7KW4pfMgt+LI6yDL2LLEpeylrqXlpempYKWrpempYKXspbapYKWzqWClyc3ouO+8fqOoM21tt/kmdGltZXM7MW2jqaXbpe+lpKXIsb647yDFo7jvIMfQpOqJ06TqIDFNhWfOu6G+pOakpqXRpbGlw6XIQYydj+qhvw==,ob6k5qSmpdGlsaXDpchBjJ2P6qG/oaOl7KWupeWl6algpaul6algpeyltqlgpbOpYKXJzei477x+o6gzbW23+SZ0aW1lczsxbaOppdul76WkpcixvrjvIMWjuO8gx9Ck6onTpOogMU2FZ867ob6k5qSmpdGlsaXDpchBjJ2P6qG/[rn]
25-29647,aHR0cDovL3RzaG9wLnIxMHMuanAvcGlua21vbmtleS9jYWJpbmV0L2hhbmRtYWRlL2htLTItMzMuanBnP2ZpdGluPTcwMDo3MDA=,MzY1LjYwMDA=,,yNXTw8a362rYmz/OxLe/vt8/ytbcvyA+IMrW3L8/pa+l6aXVpcg/yfq12CA+ILLDv3CyxMHPID4gpNKk4g==,pe+l86W1paSlyaW5pcalw6XBpeyltqlgpbOpYKXJILjvpNKk4syrzeggvJql6aXhpdel6qXzpcggpdal6aWmpfMgx9Ck6onTpOogNTBjbYVnzrsoxcCz5u6Q1Xspob6k5qSmpdGlsaXDpchBjJ2P6qG/,ob6k5qSmpdGlsaXDpchBjJ2P6qG/,PGRpdiBhbGlnbj0iY2VudGVyIj4KPHRhYmxlIGNlbGxzcGFjaW5nPSIyIiBiZ2NvbG9yPSIjZmYwMDAwIiBjZWxscGFkZGluZz0iNSIgd2lkdGg9IjEwMCUiPgo8dGJvZHk+PHRyPgogICAgICA8dGQgYmdjb2xvcj0iI2ZmZmZmZiI+PHA+PGZvbnQgc2l6ZT0iLTEiIGNvbG9yPSIjZmYwMDAwIj6hvqS02Y/I68ewpMux2KS6pKrVaaTfpK+kwKS1pKShvzxicj4KICAgICAgICAgICAgPGJyPgogICAgICAgIDwvZm9udD48Zm9udCBzaXplPSItMSIgY29sb3I9IiMwMDAwMDAiPqH5MaGisb7Rdca3pM81MGNthWfOu6THpM7YnInTpMekuaGjPGJyPgogICAgICAgIDxicj4KICAgICAgICChvsD9o7qhuDFNobnZj8jrz6PN+6TOiPa6z6G/oaHXos7Eyv3Bv6G4o7KhuaTIpMqk6qTepLmhozxicj4KICAgICAgICA8YnI+CiAgICAgICAgofnJzMa3pM7M2NDUpMuk6KTqoaK476TypMSkyqSuus+k76S7pL++QKSuxL+krLqspN6k7KTriPa6z6SspLSktqSkpN6kuaGjPGJyPgogICAgICAgIMzYpMuhotF9yv3Bv6TypLTXos7E7ZSkraTepLekv4j2us+kz6Gi1sKkt7e9pMqkpMnMxrekyKTKpOqk3qS5oaM8YnI+CiAgICAgICAgPGJyPgogICAgICAgIKH5MqGipceltqWkpfOkzqSipOvJzMa3pM+lq6XDpcikuaTr6UyktaTLpOikw6TGsfqk5MSjmJSkzrP2t72krInkpO+kw6TGpK2k3qS5oaM8YnI+CiAgICAgICAgPGJyPgogICAgICAgIKH5sb6476TyyrnTw6S3pMakpKTepLmkzqTHtsDM2KTOz+Ok6qSspLSktqSkpN6kuaGjpN6kv6GiPC9mb250Pjxmb250IHNpemU9Ii0xIiBjb2xvcj0iIzAwMDAwMCI+0KGktaTKpbel76Tkpeil7KGipbmlxqXDpcGkzsLSpOy1yKSspLSktqSkpN6kuaGjPGJyPgogICAgICAgIDxicj4KICAgICAgICAgIKH5M6GipL2kzsv7oaKktLK7w/ekyrXjoaKkqoaWpKS6z6TvpLukz8/C05uk3qTHoaKkqoaWpKS6z6TvpLukr6TApLWkpKGjPGJyPgogICAgICAgICAgob6kqoaWpKS6z6TvpLvPyKO6MDc0Mi0zMC00NDY3ob88L2ZvbnQ+PGJyPgogICAgICAgICAgICA8YnI+CiAgICAgICAgICAgIDxmb250IHNpemU9Ii0xIiBjb2xvcj0iI2ZmMDAwMCI+0+ik4aGiyc/Tm8TayN2k8qS0wcuz0KTOyc+hoqS016LOxO2UpLGk3qS5pOikpqGipOik7aS3pK+kqu6KpKSkpKS/pLek3qS5oaM8L2ZvbnQ+PC9wPgo8L3RkPgo8L3RyPjwvdGJvZHk+PC90YWJsZT48L2Rpdj4KPGJyPjxicj4KPGRpdiBjbGFzcz0iaXRlbURlc2MiPgo8ZGl2IGNsYXNzPSJpdGVtVGFibGUiPgoKPHRhYmxlPgo8Y2FwdGlvbj7JzMa3pMukxKSkpMY8L2NhcHRpb24+Cjx0cj4KPHRoPjxzcGFuPsnMxrfD+zwvc3Bhbj48L3RoPgo8dGQ+pc+l86XJpeGlpKXJ08PGtyCl76XzpbWlpKXJpbmlxqXDpcGl7KW2qWCls6lgpcmhobjvpNKk4i+8mqXppeGl16XqpfOlyCCl1qXppaal8yDH0KTqidOk6qOoNTBjbYVnzrs8L3RkPgo8L3RyPgo8dHI+Cjx0aD48c3Bhbj6ltaWkpboovHMpPC9zcGFuPjwvdGg+Cjx0ZD4ovHMpILf5o7o4bW0vuvGk36O6NW1tPC90ZD4KPC90cj4KPHRyPgo8dGg+PHNwYW4+y9iyxDwvc3Bhbj48L3RoPgo8dGQ+sb647zwvdGQ+CjwvdHI+Cjx0cj4KPHRoPjxzcGFuPtStrmK5+jwvc3Bhbj48L3RoPgo8dGQ+paSl86XJPC90ZD4KPC90cj4KPHRyPgo8dGg+PHNwYW4+guShob+8PC9zcGFuPjwvdGg+Cjx0ZCBzdHlsZT0iY29sb3I6ICNmMDA7Ij4gofml0aW9pbOl86TOrWi+s9e0m3Kky6TopOqhooxn60ikzqSqyaukyK6QpMqk64j2us+krKS0pLakpKTepLmkzqTH0+ik4aS0wcuz0KSvpMCktaSkpN6ku6GjPGJyIC8+CiAgICAgICAgICCh+be1xrehor27k1HA7dPJpM6Mnc/zpMikz6TKpOqk3qS7pPOho9PopOGktMHLs9Ckr6TApLWkpKTepLuhozwvdGQ+CjwvdHI+CjwvdGFibGU+CjwvZGl2Pgo8L2Rpdj48c3R5bGU+CgovKsnMxrel2qlgpbgqLwoKc3Bhbi5wcmljZTEgewoJZGlzcGxheTogYmxvY2sgIWltcG9ydGFudDsKCWZvbnQtc2l6ZTogMTJweCAhaW1wb3J0YW50OwoJY29sb3I6ICNmZjAwMDAgIWltcG9ydGFudDsKCXZlcnRpY2FsLWFsaWduOiBib3R0b20gIWltcG9ydGFudDsKCWxpbmUtaGVpZ2h0OiAxLjJlbSAhaW1wb3J0YW50OwoJcGFkZGluZy10b3A6IDAuNmVtICFpbXBvcnRhbnQ7CglwYWRkaW5nLXJpZ2h0OiAxZW0gIWltcG9ydGFudDsKfQoKc3Bhbi5wcmljZTIgewoJZm9udC1zaXplOiAyMHB4ICFpbXBvcnRhbnQ7Cglmb250LXdlaWdodDogYm9sZCAhaW1wb3J0YW50OwoJY29sb3I6ICNmZjAwMDAgIWltcG9ydGFudDsKCXZlcnRpY2FsLWFsaWduOiBib3R0b20gIWltcG9ydGFudDsKCWxpbmUtaGVpZ2h0OiAxLjJlbSFpbXBvcnRhbnQ7Cn0KCi8qIKSqmt2ky8jrpOrJzMa3tcflaLutz/GJ5Lj8ICovCmJvZHkgI3Jha3V0ZW5MaW1pdGVkSWRfYXJvdW5kQ2FydCBkaXYuYmttewp3aWR0aDogMzA2cHggIWltcG9ydGFudDsKfQpib2R5IGRpdi5ib29rbWFya0FyZWEgZGl2LmJrbSBhLmFkZEJrbSBzcGFuLmJrbVN0YXIgewp3aWR0aDogMzA2cHggIWltcG9ydGFudDsKaGVpZ2h0OiA0OHB4ICFpbXBvcnRhbnQ7CmJhY2tncm91bmQ6IHVybChodHRwOi8vaW1hZ2UucmFrdXRlbi5jby5qcC9waW5rbW9ua2V5L2NhYmluZXQvZmF2X2J1dHRvbl9hZnRlcjIuZ2lmKSBuby1yZXBlYXQgMCAwICFpbXBvcnRhbnQ7Cn0KYm9keSBkaXYuYm9va21hcmtBcmVhIGRpdi5ia20gYS5hZGRCa20gewp3aWR0aDogMzA2cHggIWltcG9ydGFudDsKaGVpZ2h0OiA0OHB4ICFpbXBvcnRhbnQ7Cn0KCi8qIKSqmt2ky8jrpOqlt6XnpcOl17XH5Wi7rc/xieS4/CAqLwpib2R5ICNyYWt1dGVuTGltaXRlZElkX2Fyb3VuZENhcnQgZGl2LnNob3BCa217CndpZHRoOiAzMDZweCAhaW1wb3J0YW50OwpwYWRkaW5nLWxlZnQ6IDBweCAhaW1wb3J0YW50Owp9CmJvZHkgZGl2LnNob3BCb29rbWFya0FyZWEgZGl2LnNob3BCa20gYS5hZGRTaG9wQmttIHNwYW4uc2hvcEJrbVN0YXIgewp3aWR0aDogMzA2cHggIWltcG9ydGFudDsKaGVpZ2h0OiA0OHB4ICFpbXBvcnRhbnQ7CmJhY2tncm91bmQ6IHVybChodHRwOi8vaW1hZ2UucmFrdXRlbi5jby5qcC9waW5rbW9ua2V5L2NhYmluZXQvZmF2c2hvcF9idXR0b25fYWZ0ZXIuZ2lmKSBuby1yZXBlYXQgMCAwICFpbXBvcnRhbnQ7Cn0KYm9keSBkaXYuc2hvcEJvb2ttYXJrQXJlYSBkaXYuc2hvcEJrbSBhLmFkZFNob3BCa20gewp3aWR0aDogMzA2cHggIWltcG9ydGFudDsKaGVpZ2h0OiA0OHB4ICFpbXBvcnRhbnQ7Cn0KCgovKiCCgMr9yOvBppnapM6086StpLUgKi8KaW5wdXQjdW5pdHMgewpwYWRkaW5nOiAxcHggMHB4Owp9CgovKiCkqtlJpKTO76SrpLSl3KW/pfOkzrTzpK2ktSAqLwppbnB1dCB7CmZvbnQtc2l6ZTogMTdweDsKcGFkZGluZzoxMHB4IDQwcHg7CndpZHRoOiBhdXRvOwpmb250LWZhbWlseToipdKl6aWupc69x6W0IFBybyBXMyIsICJIaXJhZ2lubyBLYWt1IEdvdGhpYyBQcm8iLCAipeGlpKXqpaoiLCBNZWlyeW8sIE9zYWthLCAio82j0yCj0KW0pbelw6WvIiwgIk1TIFBHb3RoaWMiLCBzYW5zLXNlcmlmCn0KCi8qIKG4yczGt6TLpMSkpKTGpM6GlqSkus+k76S7obml3KW/pfOkzrTzpK2ktSovCmZvbnQgaW5wdXQgewpmb250LXNpemU6IDEycHg7CnBhZGRpbmc6MnB4Owp3aWR0aDogMTUwcHg7Cn0KCi8qobjtl8S/33iSa9arsr+31qG5Ki8KLmludmVudG9yeSBpbnB1dHsKZm9udC1zaXplOiAxMnB4OwpiYWNrZ3JvdW5kOiNmZmY7Cn0KCgovKiDtl8S/33iSa9arvHvG2qXVpaml86XIpbWlpKW6Ki8KCnRkLmludmVudG9yeSBmb250e2ZvbnQtc2l6ZToxMnB4O2NvbG9yOiNmZjAwMDA7fQoKLyog7ZfEv994kmvWqyovCgojcmFrdXRlbkxpbWl0ZWRJZF9hcm91bmRDYXJ0IHNlbGVjdCB7Cm1hcmdpbjo1cHggMHB4OwpwYWRkaW5nOjVweDsKfQoKI3Jha3V0ZW5MaW1pdGVkSWRfYXJvdW5kQ2FydCBzcGFuLmNob2ljZTpiZWZvcnsKY29udGVudDogdXJsKCk7Cn0KCi8qINe3j76lq6lgpcjPwqSrpOmkzrjfpLUqLwoKZGl2ICNzY3JvbGxVcHsKYm90dG9tOiAzMHB4Owp9CgovKiCYU8zsl8rL96XQqWChoaWtqWCl76lgpckgKi8KCmRpdiNIZWFkZXJLZXl3b3JkIHsKCXBvc2l0aW9uOmFic29sdXRlOwoJdG9wOjUwcHg7LyrSu7esyc+kq6TppM7Ou9bDKi8KCWxlZnQ6MzBweDsvKtfztsukq6TppM7Ou9bDKi8KfQoKZGl2I0hlYWRlcktleXdvcmQgc3BhbiB7CgliYWNrZ3JvdW5kOiAjYmYwMDAwOwoJY29sb3I6I2ZmZjsKCWZvbnQtd2VpZ2h0OmJvbGQ7CglwYWRkaW5nOjJweCA1cHg7Cn0KCmRpdiNIZWFkZXJLZXl3b3JkIGEgewoJY29sb3I6IzAwNDRDQzsKfQoKPC9zdHlsZT4KCgoKCjwhLS0gpaKlr6W7pbWl6qlgpdGpYKXEpaulxqW0peqpYCAtLT4KPGRpdiBhbGlnbj0iY2VudGVyIj4KPGltZyBzcmM9Imh0dHA6Ly9pbWFnZS5yYWt1dGVuLmNvLmpwL3Bpbmttb25rZXkvY2FiaW5ldC9jYXRlZ29yeS9obTc2MC5qcGciIGFsdD0ipaKlr6W7pbWl6qlgpdGpYKXE0rvTRaTYIj4KPC9kaXY+CjxkaXYgYWxpZ249ImNlbnRlciI+Cgo8L2Rpdj4KPCEtLSAvpaKlr6W7pbWl6qlgpdGpYKXEpaulxqW0peqpYCAtLT4KCgo8IS0tIKW3peelw6XUpfOlsKWspaSlySAtLT4KCjwhLS0gL6W3peelw6XUpfOlsKWspaSlySAtLT4KCgoKCgo8ZGl2IGlkPSJIZWFkZXJLZXl3b3JkIj4KPHNwYW4+16LEv6TOpa2pYKXvqWClyTwvc3Bhbj4Kpaul66XIpcqpYKW4peUKuO+k0qTiCqWzqWClyqlgvfC+3wqlt6XqpbOl89DNIKXspbil8wrH0KTqzsTX1iDEvtF1IKTSpOmkrKTKCqW/pcOlu6XrCqXcpb+l8yCl6aXDpdel1qXspbkKPC9kaXY+CjwhLS0gmFPM7JfKy/el0KlgoaGlralgpe+pYKXJRU5EIC0tPg==,pe+l86W1paSlyaW5pcalw6XBpeyltqlgpbOpYKXJILjvpNKk4syrzeggvJql6aXhpdel6qXzpcggpdal6aWmpfMgx9Ck6onTpOogNTBjbYVnzrsoxcCz5u6Q1Xspob6k5qSmpdGlsaXDpchBjJ2P6qG/o7rK1ty/ssTBz6TOpKq16iCloqXzpbel46Xzpca5pLe/,uO+8fiDNqNicpeyluKXzILLEwc+l7KW4pfMg0M2l7KW4pfMgpdGpYKXEpc+l86XJpeGlpKXJILLEwc8g2JyJ06XPpfOlyaXhpaSlySCloqWvpbultaXqqWAgssTBz6XPpfOlyaXhpaSlySCyxMHPILyksLKlz6Xzpcml4aWkpckgpdSloqW5ILLEwc+lz6Xzpcml4aWkpckgpdal7KW5peylw6XIILLEwc+lq6Xrpcilyqlgpbil5SCyxMHPIM2o2Jylt6XqpbOl86XiqWCl66XJIKXspbil87jvvH4gILG+uO+477x+ILyapKSl7KW2qWCls6lgpckgMW1tpeyltqlgpbOpYKXJIMa9paKlr6W7pbWl6qlgIKXRqWClxCDNqNicIKSqpLmkuaThpaKlr6W7pbWl6qlgIL3wvt+l1KWipbkgzKi8iKXUpaKluSClx6Wjpbml16XspaSl7KW4pfMgt+LI6yDL2LLEpe+l86W1paSlyaW5pcalw6XBpeyltqlgpbOpYKXJILjvpNKk4syrzeggvJql6aXhpdel6qXzpcggpdal6aWmpfMgx9Ck6onTpOogNTBjbYVnzrsoxcCz5u6Q1Xspob6k5qSmpdGlsaXDpchBjJ2P6qG/,ob6k5qSmpdGlsaXDpchBjJ2P6qG/oaOl76XzpbWlpKXJpbmlxqXDpcGl7KW2qWCls6lgpckguO+k0qTizKvN6CC8mqXppeGl16XqpfOlyCCl1qXppaal8yDH0KTqidOk6iA1MGNthWfOuyjFwLPm7pDVeymhvqTmpKal0aWxpcOlyEGMnY/qob8=[rn]
25-29648,aHR0cDovL3RzaG9wLnIxMHMuanAvcGlua21vbmtleS9jYWJpbmV0L2hhbmRtYWRlL2htLTItMjguanBnP2ZpdGluPTcwMDo3MDA=,Mjc0LjQwMDA=,,yNXTw8a362rYmz/OxLe/vt8/ytbcvyA+IMrW3L8/pa+l6aXVpcg/yfq12CA+ILLDv3CyxMHPID4gpNKk4g==,pe+l86W1paSlyaW5pcalw6XBpeyltqlgpbOpYKXJILjvpNKk4syrzeggxKv8XKTEpOTP+6S3IKWwpeypYLzEpOogx9Ck6onTpOogNTBjbYVnzrsopdel7KlgpfOlq6XpqWApob6k5qSmpdGlsaXDpchBjJ2P6qG/,ob6k5qSmpdGlsaXDpchBjJ2P6qG/,PGRpdiBhbGlnbj0iY2VudGVyIj4KPHRhYmxlIGNlbGxzcGFjaW5nPSIyIiBiZ2NvbG9yPSIjZmYwMDAwIiBjZWxscGFkZGluZz0iNSIgd2lkdGg9IjEwMCUiPgo8dGJvZHk+PHRyPgogICAgICA8dGQgYmdjb2xvcj0iI2ZmZmZmZiI+PHA+PGZvbnQgc2l6ZT0iLTEiIGNvbG9yPSIjZmYwMDAwIj6hvqS02Y/I68ewpMux2KS6pKrVaaTfpK+kwKS1pKShvzxicj4KICAgICAgICAgICAgPGJyPgogICAgICAgIDwvZm9udD48Zm9udCBzaXplPSItMSIgY29sb3I9IiMwMDAwMDAiPqH5MaGisb7Rdca3pM81MGNthWfOu6THpM7YnInTpMekuaGjPGJyPgogICAgICAgIDxicj4KICAgICAgICChvsD9o7qhuDFNobnZj8jrz6PN+6TOiPa6z6G/oaHXos7Eyv3Bv6G4o7KhuaTIpMqk6qTepLmhozxicj4KICAgICAgICA8YnI+CiAgICAgICAgofnJzMa3pM7M2NDUpMuk6KTqoaK476TypMSkyqSuus+k76S7pL++QKSuxL+krLqspN6k7KTriPa6z6SspLSktqSkpN6kuaGjPGJyPgogICAgICAgIMzYpMuhotF9yv3Bv6TypLTXos7E7ZSkraTepLekv4j2us+kz6Gi1sKkt7e9pMqkpMnMxrekyKTKpOqk3qS5oaM8YnI+CiAgICAgICAgPGJyPgogICAgICAgIKH5MqGipceltqWkpfOkzqSipOvJzMa3pM+lq6XDpcikuaTr6UyktaTLpOikw6TGsfqk5MSjmJSkzrP2t72krInkpO+kw6TGpK2k3qS5oaM8YnI+CiAgICAgICAgPGJyPgogICAgICAgIKH5sb6476TyyrnTw6S3pMakpKTepLmkzqTHtsDM2KTOz+Ok6qSspLSktqSkpN6kuaGjpN6kv6GiPC9mb250Pjxmb250IHNpemU9Ii0xIiBjb2xvcj0iIzAwMDAwMCI+0KGktaTKpbel76Tkpeil7KGipbmlxqXDpcGkzsLSpOy1yKSspLSktqSkpN6kuaGjPGJyPgogICAgICAgIDxicj4KICAgICAgICAgIKH5M6GipL2kzsv7oaKktLK7w/ekyrXjoaKkqoaWpKS6z6TvpLukz8/C05uk3qTHoaKkqoaWpKS6z6TvpLukr6TApLWkpKGjPGJyPgogICAgICAgICAgob6kqoaWpKS6z6TvpLvPyKO6MDc0Mi0zMC00NDY3ob88L2ZvbnQ+PGJyPgogICAgICAgICAgICA8YnI+CiAgICAgICAgICAgIDxmb250IHNpemU9Ii0xIiBjb2xvcj0iI2ZmMDAwMCI+0+ik4aGiyc/Tm8TayN2k8qS0wcuz0KTOyc+hoqS016LOxO2UpLGk3qS5pOikpqGipOik7aS3pK+kqu6KpKSkpKS/pLek3qS5oaM8L2ZvbnQ+PC9wPgo8L3RkPgo8L3RyPjwvdGJvZHk+PC90YWJsZT48L2Rpdj4KPGJyPjxicj4KPGRpdiBjbGFzcz0iaXRlbURlc2MiPgo8ZGl2IGNsYXNzPSJpdGVtVGFibGUiPgoKPHRhYmxlPgo8Y2FwdGlvbj7JzMa3pMukxKSkpMY8L2NhcHRpb24+Cjx0cj4KPHRoPjxzcGFuPsnMxrfD+zwvc3Bhbj48L3RoPgo8dGQ+pc+l86XJpeGlpKXJ08PGtyCl76XzpbWlpKXJpbmlxqXDpcGl7KW2qWCls6lgpcmhobjvpNKk4i/Eq/xcpMSk5M/7pLejqKWwpeypYLzEpOo8L3RkPgo8L3RyPgo8dHI+Cjx0aD48c3Bhbj6ltaWkpboovHMpPC9zcGFuPjwvdGg+Cjx0ZD4ovHMpILf5o7o3bW0vuvGk36O6NG1tPC90ZD4KPC90cj4KPHRyPgo8dGg+PHNwYW4+y9iyxDwvc3Bhbj48L3RoPgo8dGQ+sb647zwvdGQ+CjwvdHI+Cjx0cj4KPHRoPjxzcGFuPtStrmK5+jwvc3Bhbj48L3RoPgo8dGQ+paSl86XJPC90ZD4KPC90cj4KPHRyPgo8dGg+PHNwYW4+guShob+8PC9zcGFuPjwvdGg+Cjx0ZCBzdHlsZT0iY29sb3I6ICNmMDA7Ij4gofml0aW9pbOl86TOrWi+s9e0m3Kky6TopOqhooxn60ikzqSqyaukyK6QpMqk64j2us+krKS0pLakpKTepLmkzqTH0+ik4aS0wcuz0KSvpMCktaSkpN6ku6GjPGJyIC8+CiAgICAgICAgICCh+be1xrehor27k1HA7dPJpM6Mnc/zpMikz6TKpOqk3qS7pPOho9PopOGktMHLs9Ckr6TApLWkpKTepLuhozwvdGQ+CjwvdHI+CjwvdGFibGU+CjwvZGl2Pgo8L2Rpdj48c3R5bGU+CgovKsnMxrel2qlgpbgqLwoKc3Bhbi5wcmljZTEgewoJZGlzcGxheTogYmxvY2sgIWltcG9ydGFudDsKCWZvbnQtc2l6ZTogMTJweCAhaW1wb3J0YW50OwoJY29sb3I6ICNmZjAwMDAgIWltcG9ydGFudDsKCXZlcnRpY2FsLWFsaWduOiBib3R0b20gIWltcG9ydGFudDsKCWxpbmUtaGVpZ2h0OiAxLjJlbSAhaW1wb3J0YW50OwoJcGFkZGluZy10b3A6IDAuNmVtICFpbXBvcnRhbnQ7CglwYWRkaW5nLXJpZ2h0OiAxZW0gIWltcG9ydGFudDsKfQoKc3Bhbi5wcmljZTIgewoJZm9udC1zaXplOiAyMHB4ICFpbXBvcnRhbnQ7Cglmb250LXdlaWdodDogYm9sZCAhaW1wb3J0YW50OwoJY29sb3I6ICNmZjAwMDAgIWltcG9ydGFudDsKCXZlcnRpY2FsLWFsaWduOiBib3R0b20gIWltcG9ydGFudDsKCWxpbmUtaGVpZ2h0OiAxLjJlbSFpbXBvcnRhbnQ7Cn0KCi8qIKSqmt2ky8jrpOrJzMa3tcflaLutz/GJ5Lj8ICovCmJvZHkgI3Jha3V0ZW5MaW1pdGVkSWRfYXJvdW5kQ2FydCBkaXYuYmttewp3aWR0aDogMzA2cHggIWltcG9ydGFudDsKfQpib2R5IGRpdi5ib29rbWFya0FyZWEgZGl2LmJrbSBhLmFkZEJrbSBzcGFuLmJrbVN0YXIgewp3aWR0aDogMzA2cHggIWltcG9ydGFudDsKaGVpZ2h0OiA0OHB4ICFpbXBvcnRhbnQ7CmJhY2tncm91bmQ6IHVybChodHRwOi8vaW1hZ2UucmFrdXRlbi5jby5qcC9waW5rbW9ua2V5L2NhYmluZXQvZmF2X2J1dHRvbl9hZnRlcjIuZ2lmKSBuby1yZXBlYXQgMCAwICFpbXBvcnRhbnQ7Cn0KYm9keSBkaXYuYm9va21hcmtBcmVhIGRpdi5ia20gYS5hZGRCa20gewp3aWR0aDogMzA2cHggIWltcG9ydGFudDsKaGVpZ2h0OiA0OHB4ICFpbXBvcnRhbnQ7Cn0KCi8qIKSqmt2ky8jrpOqlt6XnpcOl17XH5Wi7rc/xieS4/CAqLwpib2R5ICNyYWt1dGVuTGltaXRlZElkX2Fyb3VuZENhcnQgZGl2LnNob3BCa217CndpZHRoOiAzMDZweCAhaW1wb3J0YW50OwpwYWRkaW5nLWxlZnQ6IDBweCAhaW1wb3J0YW50Owp9CmJvZHkgZGl2LnNob3BCb29rbWFya0FyZWEgZGl2LnNob3BCa20gYS5hZGRTaG9wQmttIHNwYW4uc2hvcEJrbVN0YXIgewp3aWR0aDogMzA2cHggIWltcG9ydGFudDsKaGVpZ2h0OiA0OHB4ICFpbXBvcnRhbnQ7CmJhY2tncm91bmQ6IHVybChodHRwOi8vaW1hZ2UucmFrdXRlbi5jby5qcC9waW5rbW9ua2V5L2NhYmluZXQvZmF2c2hvcF9idXR0b25fYWZ0ZXIuZ2lmKSBuby1yZXBlYXQgMCAwICFpbXBvcnRhbnQ7Cn0KYm9keSBkaXYuc2hvcEJvb2ttYXJrQXJlYSBkaXYuc2hvcEJrbSBhLmFkZFNob3BCa20gewp3aWR0aDogMzA2cHggIWltcG9ydGFudDsKaGVpZ2h0OiA0OHB4ICFpbXBvcnRhbnQ7Cn0KCgovKiCCgMr9yOvBppnapM6086StpLUgKi8KaW5wdXQjdW5pdHMgewpwYWRkaW5nOiAxcHggMHB4Owp9CgovKiCkqtlJpKTO76SrpLSl3KW/pfOkzrTzpK2ktSAqLwppbnB1dCB7CmZvbnQtc2l6ZTogMTdweDsKcGFkZGluZzoxMHB4IDQwcHg7CndpZHRoOiBhdXRvOwpmb250LWZhbWlseToipdKl6aWupc69x6W0IFBybyBXMyIsICJIaXJhZ2lubyBLYWt1IEdvdGhpYyBQcm8iLCAipeGlpKXqpaoiLCBNZWlyeW8sIE9zYWthLCAio82j0yCj0KW0pbelw6WvIiwgIk1TIFBHb3RoaWMiLCBzYW5zLXNlcmlmCn0KCi8qIKG4yczGt6TLpMSkpKTGpM6GlqSkus+k76S7obml3KW/pfOkzrTzpK2ktSovCmZvbnQgaW5wdXQgewpmb250LXNpemU6IDEycHg7CnBhZGRpbmc6MnB4Owp3aWR0aDogMTUwcHg7Cn0KCi8qobjtl8S/33iSa9arsr+31qG5Ki8KLmludmVudG9yeSBpbnB1dHsKZm9udC1zaXplOiAxMnB4OwpiYWNrZ3JvdW5kOiNmZmY7Cn0KCgovKiDtl8S/33iSa9arvHvG2qXVpaml86XIpbWlpKW6Ki8KCnRkLmludmVudG9yeSBmb250e2ZvbnQtc2l6ZToxMnB4O2NvbG9yOiNmZjAwMDA7fQoKLyog7ZfEv994kmvWqyovCgojcmFrdXRlbkxpbWl0ZWRJZF9hcm91bmRDYXJ0IHNlbGVjdCB7Cm1hcmdpbjo1cHggMHB4OwpwYWRkaW5nOjVweDsKfQoKI3Jha3V0ZW5MaW1pdGVkSWRfYXJvdW5kQ2FydCBzcGFuLmNob2ljZTpiZWZvcnsKY29udGVudDogdXJsKCk7Cn0KCi8qINe3j76lq6lgpcjPwqSrpOmkzrjfpLUqLwoKZGl2ICNzY3JvbGxVcHsKYm90dG9tOiAzMHB4Owp9CgovKiCYU8zsl8rL96XQqWChoaWtqWCl76lgpckgKi8KCmRpdiNIZWFkZXJLZXl3b3JkIHsKCXBvc2l0aW9uOmFic29sdXRlOwoJdG9wOjUwcHg7LyrSu7esyc+kq6TppM7Ou9bDKi8KCWxlZnQ6MzBweDsvKtfztsukq6TppM7Ou9bDKi8KfQoKZGl2I0hlYWRlcktleXdvcmQgc3BhbiB7CgliYWNrZ3JvdW5kOiAjYmYwMDAwOwoJY29sb3I6I2ZmZjsKCWZvbnQtd2VpZ2h0OmJvbGQ7CglwYWRkaW5nOjJweCA1cHg7Cn0KCmRpdiNIZWFkZXJLZXl3b3JkIGEgewoJY29sb3I6IzAwNDRDQzsKfQoKPC9zdHlsZT4KCgoKCjwhLS0gpaKlr6W7pbWl6qlgpdGpYKXEpaulxqW0peqpYCAtLT4KPGRpdiBhbGlnbj0iY2VudGVyIj4KPGltZyBzcmM9Imh0dHA6Ly9pbWFnZS5yYWt1dGVuLmNvLmpwL3Bpbmttb25rZXkvY2FiaW5ldC9jYXRlZ29yeS9obTc2MC5qcGciIGFsdD0ipaKlr6W7pbWl6qlgpdGpYKXE0rvTRaTYIj4KPC9kaXY+CjxkaXYgYWxpZ249ImNlbnRlciI+Cgo8L2Rpdj4KPCEtLSAvpaKlr6W7pbWl6qlgpdGpYKXEpaulxqW0peqpYCAtLT4KCgo8IS0tIKW3peelw6XUpfOlsKWspaSlySAtLT4KCjwhLS0gL6W3peelw6XUpfOlsKWspaSlySAtLT4KCgoKCgo8ZGl2IGlkPSJIZWFkZXJLZXl3b3JkIj4KPHNwYW4+16LEv6TOpa2pYKXvqWClyTwvc3Bhbj4Kpaul66XIpcqpYKW4peUKuO+k0qTiCqWzqWClyqlgvfC+3wqlt6XqpbOl89DNIKXspbil8wrH0KTqzsTX1iDEvtF1IKTSpOmkrKTKCqW/pcOlu6XrCqXcpb+l8yCl6aXDpdel1qXspbkKPC9kaXY+CjwhLS0gmFPM7JfKy/el0KlgoaGlralgpe+pYKXJRU5EIC0tPg==,pe+l86W1paSlyaW5pcalw6XBpeyltqlgpbOpYKXJILjvpNKk4syrzeggxKv8XKTEpOTP+6S3IKWwpeypYLzEpOogx9Ck6onTpOogNTBjbYVnzrsopdel7KlgpfOlq6XpqWApob6k5qSmpdGlsaXDpchBjJ2P6qG/o7rK1ty/ssTBz6TOpKq16iCloqXzpbel46Xzpca5pLe/,uO+8fiDNqNicpeyluKXzILLEwc+l7KW4pfMg0M2l7KW4pfMgpdGpYKXEpc+l86XJpeGlpKXJILLEwc8g2JyJ06XPpfOlyaXhpaSlySCloqWvpbultaXqqWAgssTBz6XPpfOlyaXhpaSlySCyxMHPILyksLKlz6Xzpcml4aWkpckgpdSloqW5ILLEwc+lz6Xzpcml4aWkpckgpdal7KW5peylw6XIILLEwc+lq6Xrpcilyqlgpbil5SCyxMHPIM2o2Jylt6XqpbOl86XiqWCl66XJIKXspbil87jvvH4gILG+uO+477x+ILyapKSl7KW2qWCls6lgpckgMW1tpeyltqlgpbOpYKXJIMa9paKlr6W7pbWl6qlgIKXRqWClxCDNqNicIKSqpLmkuaThpaKlr6W7pbWl6qlgIL3wvt+l1KWipbkgzKi8iKXUpaKluSClx6Wjpbml16XspaSl7KW4pfMgt+LI6yDL2LLEpe+l86W1paSlyaW5pcalw6XBpeyltqlgpbOpYKXJILjvpNKk4syrzeggxKv8XKTEpOTP+6S3IKWwpeypYLzEpOogx9Ck6onTpOogNTBjbYVnzrsopdel7KlgpfOlq6XpqWApob6k5qSmpdGlsaXDpchBjJ2P6qG/,ob6k5qSmpdGlsaXDpchBjJ2P6qG/oaOl76XzpbWlpKXJpbmlxqXDpcGl7KW2qWCls6lgpckguO+k0qTizKvN6CDEq/xcpMSk5M/7pLcgpbCl7KlgvMSk6iDH0KTqidOk6iA1MGNthWfOuyil16XsqWCl86WrpempYCmhvqTmpKal0aWxpcOlyEGMnY/qob8=[rn]
25-29649,aHR0cDovL3RzaG9wLnIxMHMuanAvcGlua21vbmtleS9jYWJpbmV0L2hhbmRtYWRlL2htLTItNDguanBnP2ZpdGluPTcwMDo3MDA=,MzY1LjYwMDA=,,yNXTw8a362rYmz/OxLe/vt8/ytbcvyA+IMrW3L8/pa+l6aXVpcg/yfq12CA+ILLDv3CyxMHPID4gpNKk4g==,pe+l86W1paSlyaW5pcalw6XBpeyltqlgpbOpYKXJILjvpNKk4syrzeggpayl86Xhpb8gx9Ck6onTpOogNTBjbYVnzrsopaKl86XGpaOpYKWv1Xspob6k5qSmpdGlsaXDpchBjJ2P6qG/,ob6k5qSmpdGlsaXDpchBjJ2P6qG/,PGRpdiBhbGlnbj0iY2VudGVyIj4KPHRhYmxlIGNlbGxzcGFjaW5nPSIyIiBiZ2NvbG9yPSIjZmYwMDAwIiBjZWxscGFkZGluZz0iNSIgd2lkdGg9IjEwMCUiPgo8dGJvZHk+PHRyPgogICAgICA8dGQgYmdjb2xvcj0iI2ZmZmZmZiI+PHA+PGZvbnQgc2l6ZT0iLTEiIGNvbG9yPSIjZmYwMDAwIj6hvqS02Y/I68ewpMux2KS6pKrVaaTfpK+kwKS1pKShvzxicj4KICAgICAgICAgICAgPGJyPgogICAgICAgIDwvZm9udD48Zm9udCBzaXplPSItMSIgY29sb3I9IiMwMDAwMDAiPqH5MaGisb7Rdca3pM81MGNthWfOu6THpM7YnInTpMekuaGjPGJyPgogICAgICAgIDxicj4KICAgICAgICChvsD9o7qhuDFNobnZj8jrz6PN+6TOiPa6z6G/oaHXos7Eyv3Bv6G4o7KhuaTIpMqk6qTepLmhozxicj4KICAgICAgICA8YnI+CiAgICAgICAgofnJzMa3pM7M2NDUpMuk6KTqoaK476TypMSkyqSuus+k76S7pL++QKSuxL+krLqspN6k7KTriPa6z6SspLSktqSkpN6kuaGjPGJyPgogICAgICAgIMzYpMuhotF9yv3Bv6TypLTXos7E7ZSkraTepLekv4j2us+kz6Gi1sKkt7e9pMqkpMnMxrekyKTKpOqk3qS5oaM8YnI+CiAgICAgICAgPGJyPgogICAgICAgIKH5MqGipceltqWkpfOkzqSipOvJzMa3pM+lq6XDpcikuaTr6UyktaTLpOikw6TGsfqk5MSjmJSkzrP2t72krInkpO+kw6TGpK2k3qS5oaM8YnI+CiAgICAgICAgPGJyPgogICAgICAgIKH5sb6476TyyrnTw6S3pMakpKTepLmkzqTHtsDM2KTOz+Ok6qSspLSktqSkpN6kuaGjpN6kv6GiPC9mb250Pjxmb250IHNpemU9Ii0xIiBjb2xvcj0iIzAwMDAwMCI+0KGktaTKpbel76Tkpeil7KGipbmlxqXDpcGkzsLSpOy1yKSspLSktqSkpN6kuaGjPGJyPgogICAgICAgIDxicj4KICAgICAgICAgIKH5M6GipL2kzsv7oaKktLK7w/ekyrXjoaKkqoaWpKS6z6TvpLukz8/C05uk3qTHoaKkqoaWpKS6z6TvpLukr6TApLWkpKGjPGJyPgogICAgICAgICAgob6kqoaWpKS6z6TvpLvPyKO6MDc0Mi0zMC00NDY3ob88L2ZvbnQ+PGJyPgogICAgICAgICAgICA8YnI+CiAgICAgICAgICAgIDxmb250IHNpemU9Ii0xIiBjb2xvcj0iI2ZmMDAwMCI+0+ik4aGiyc/Tm8TayN2k8qS0wcuz0KTOyc+hoqS016LOxO2UpLGk3qS5pOikpqGipOik7aS3pK+kqu6KpKSkpKS/pLek3qS5oaM8L2ZvbnQ+PC9wPgo8L3RkPgo8L3RyPjwvdGJvZHk+PC90YWJsZT48L2Rpdj4KPGJyPjxicj4KPGRpdiBjbGFzcz0iaXRlbURlc2MiPgo8ZGl2IGNsYXNzPSJpdGVtVGFibGUiPgoKPHRhYmxlPgo8Y2FwdGlvbj7JzMa3pMukxKSkpMY8L2NhcHRpb24+Cjx0cj4KPHRoPjxzcGFuPsnMxrfD+zwvc3Bhbj48L3RoPgo8dGQ+pc+l86XJpeGlpKXJ08PGtyCl76XzpbWlpKXJpbmlxqXDpcGl7KW2qWCls6lgpcmhobjvpNKk4i8gpayl86Xhpb8gx9Ck6onTpOqjqDUwY22FZ867KTwvdGQ+CjwvdHI+Cjx0cj4KPHRoPjxzcGFuPqW1paSluii8cyk8L3NwYW4+PC90aD4KPHRkPii8cykgt/mjujkuNW1tL7rxpN+jujVtbTwvdGQ+CjwvdHI+Cjx0cj4KPHRoPjxzcGFuPsvYssQ8L3NwYW4+PC90aD4KPHRkPrG+uO88L3RkPgo8L3RyPgo8dHI+Cjx0aD48c3Bhbj7Ura5iufo8L3NwYW4+PC90aD4KPHRkPqWkpfOlyTwvdGQ+CjwvdHI+Cjx0cj4KPHRoPjxzcGFuPoLkoaG/vDwvc3Bhbj48L3RoPgo8dGQgc3R5bGU9ImNvbG9yOiAjZjAwOyI+IKH5pdGlvaWzpfOkzq1ovrPXtJtypMuk6KTqoaKMZ+tIpM6kqsmrpMiukKTKpOuI9rrPpKyktKS2pKSk3qS5pM6kx9PopOGktMHLs9Ckr6TApLWkpKTepLuhozxiciAvPgogICAgICAgICAgofm3tca3oaK9u5NRwO3TyaTOjJ3P86TIpM+kyqTqpN6ku6TzoaPT6KThpLTBy7PQpK+kwKS1pKSk3qS7oaM8L3RkPgo8L3RyPgo8L3RhYmxlPgo8L2Rpdj4KPC9kaXY+PHN0eWxlPgoKLyrJzMa3pdqpYKW4Ki8KCnNwYW4ucHJpY2UxIHsKCWRpc3BsYXk6IGJsb2NrICFpbXBvcnRhbnQ7Cglmb250LXNpemU6IDEycHggIWltcG9ydGFudDsKCWNvbG9yOiAjZmYwMDAwICFpbXBvcnRhbnQ7Cgl2ZXJ0aWNhbC1hbGlnbjogYm90dG9tICFpbXBvcnRhbnQ7CglsaW5lLWhlaWdodDogMS4yZW0gIWltcG9ydGFudDsKCXBhZGRpbmctdG9wOiAwLjZlbSAhaW1wb3J0YW50OwoJcGFkZGluZy1yaWdodDogMWVtICFpbXBvcnRhbnQ7Cn0KCnNwYW4ucHJpY2UyIHsKCWZvbnQtc2l6ZTogMjBweCAhaW1wb3J0YW50OwoJZm9udC13ZWlnaHQ6IGJvbGQgIWltcG9ydGFudDsKCWNvbG9yOiAjZmYwMDAwICFpbXBvcnRhbnQ7Cgl2ZXJ0aWNhbC1hbGlnbjogYm90dG9tICFpbXBvcnRhbnQ7CglsaW5lLWhlaWdodDogMS4yZW0haW1wb3J0YW50Owp9CgovKiCkqprdpMvI66TqyczGt7XH5Wi7rc/xieS4/CAqLwpib2R5ICNyYWt1dGVuTGltaXRlZElkX2Fyb3VuZENhcnQgZGl2LmJrbXsKd2lkdGg6IDMwNnB4ICFpbXBvcnRhbnQ7Cn0KYm9keSBkaXYuYm9va21hcmtBcmVhIGRpdi5ia20gYS5hZGRCa20gc3Bhbi5ia21TdGFyIHsKd2lkdGg6IDMwNnB4ICFpbXBvcnRhbnQ7CmhlaWdodDogNDhweCAhaW1wb3J0YW50OwpiYWNrZ3JvdW5kOiB1cmwoaHR0cDovL2ltYWdlLnJha3V0ZW4uY28uanAvcGlua21vbmtleS9jYWJpbmV0L2Zhdl9idXR0b25fYWZ0ZXIyLmdpZikgbm8tcmVwZWF0IDAgMCAhaW1wb3J0YW50Owp9CmJvZHkgZGl2LmJvb2ttYXJrQXJlYSBkaXYuYmttIGEuYWRkQmttIHsKd2lkdGg6IDMwNnB4ICFpbXBvcnRhbnQ7CmhlaWdodDogNDhweCAhaW1wb3J0YW50Owp9CgovKiCkqprdpMvI66Tqpbel56XDpde1x+Vou63P8YnkuPwgKi8KYm9keSAjcmFrdXRlbkxpbWl0ZWRJZF9hcm91bmRDYXJ0IGRpdi5zaG9wQmttewp3aWR0aDogMzA2cHggIWltcG9ydGFudDsKcGFkZGluZy1sZWZ0OiAwcHggIWltcG9ydGFudDsKfQpib2R5IGRpdi5zaG9wQm9va21hcmtBcmVhIGRpdi5zaG9wQmttIGEuYWRkU2hvcEJrbSBzcGFuLnNob3BCa21TdGFyIHsKd2lkdGg6IDMwNnB4ICFpbXBvcnRhbnQ7CmhlaWdodDogNDhweCAhaW1wb3J0YW50OwpiYWNrZ3JvdW5kOiB1cmwoaHR0cDovL2ltYWdlLnJha3V0ZW4uY28uanAvcGlua21vbmtleS9jYWJpbmV0L2ZhdnNob3BfYnV0dG9uX2FmdGVyLmdpZikgbm8tcmVwZWF0IDAgMCAhaW1wb3J0YW50Owp9CmJvZHkgZGl2LnNob3BCb29rbWFya0FyZWEgZGl2LnNob3BCa20gYS5hZGRTaG9wQmttIHsKd2lkdGg6IDMwNnB4ICFpbXBvcnRhbnQ7CmhlaWdodDogNDhweCAhaW1wb3J0YW50Owp9CgoKLyoggoDK/cjrwaaZ2qTOtPOkraS1ICovCmlucHV0I3VuaXRzIHsKcGFkZGluZzogMXB4IDBweDsKfQoKLyogpKrZSaSkzu+kq6S0pdylv6XzpM6086StpLUgKi8KaW5wdXQgewpmb250LXNpemU6IDE3cHg7CnBhZGRpbmc6MTBweCA0MHB4Owp3aWR0aDogYXV0bzsKZm9udC1mYW1pbHk6IqXSpemlrqXOvceltCBQcm8gVzMiLCAiSGlyYWdpbm8gS2FrdSBHb3RoaWMgUHJvIiwgIqXhpaSl6qWqIiwgTWVpcnlvLCBPc2FrYSwgIqPNo9Mgo9CltKW3pcOlryIsICJNUyBQR290aGljIiwgc2Fucy1zZXJpZgp9CgovKiChuMnMxreky6TEpKSkxqTOhpakpLrPpO+ku6G5pdylv6XzpM6086StpLUqLwpmb250IGlucHV0IHsKZm9udC1zaXplOiAxMnB4OwpwYWRkaW5nOjJweDsKd2lkdGg6IDE1MHB4Owp9CgovKqG47ZfEv994kmvWq7K/t9ahuSovCi5pbnZlbnRvcnkgaW5wdXR7CmZvbnQtc2l6ZTogMTJweDsKYmFja2dyb3VuZDojZmZmOwp9CgoKLyog7ZfEv994kmvWq7x7xtql1aWppfOlyKW1paSluiovCgp0ZC5pbnZlbnRvcnkgZm9udHtmb250LXNpemU6MTJweDtjb2xvcjojZmYwMDAwO30KCi8qIO2XxL/feJJr1qsqLwoKI3Jha3V0ZW5MaW1pdGVkSWRfYXJvdW5kQ2FydCBzZWxlY3QgewptYXJnaW46NXB4IDBweDsKcGFkZGluZzo1cHg7Cn0KCiNyYWt1dGVuTGltaXRlZElkX2Fyb3VuZENhcnQgc3Bhbi5jaG9pY2U6YmVmb3J7CmNvbnRlbnQ6IHVybCgpOwp9CgovKiDXt4++paupYKXIz8Kkq6TppM6436S1Ki8KCmRpdiAjc2Nyb2xsVXB7CmJvdHRvbTogMzBweDsKfQoKLyogmFPM7JfKy/el0KlgoaGlralgpe+pYKXJICovCgpkaXYjSGVhZGVyS2V5d29yZCB7Cglwb3NpdGlvbjphYnNvbHV0ZTsKCXRvcDo1MHB4Oy8q0ru3rMnPpKuk6aTOzrvWwyovCglsZWZ0OjMwcHg7LyrX87bLpKuk6aTOzrvWwyovCn0KCmRpdiNIZWFkZXJLZXl3b3JkIHNwYW4gewoJYmFja2dyb3VuZDogI2JmMDAwMDsKCWNvbG9yOiNmZmY7Cglmb250LXdlaWdodDpib2xkOwoJcGFkZGluZzoycHggNXB4Owp9CgpkaXYjSGVhZGVyS2V5d29yZCBhIHsKCWNvbG9yOiMwMDQ0Q0M7Cn0KCjwvc3R5bGU+CgoKCgo8IS0tIKWipa+lu6W1peqpYKXRqWClxKWrpcaltKXqqWAgLS0+CjxkaXYgYWxpZ249ImNlbnRlciI+CjxpbWcgc3JjPSJodHRwOi8vaW1hZ2UucmFrdXRlbi5jby5qcC9waW5rbW9ua2V5L2NhYmluZXQvY2F0ZWdvcnkvaG03NjAuanBnIiBhbHQ9IqWipa+lu6W1peqpYKXRqWClxNK700Wk2CI+CjwvZGl2Pgo8ZGl2IGFsaWduPSJjZW50ZXIiPgoKPC9kaXY+CjwhLS0gL6Wipa+lu6W1peqpYKXRqWClxKWrpcaltKXqqWAgLS0+CgoKPCEtLSClt6XnpcOl1KXzpbClrKWkpckgLS0+Cgo8IS0tIC+lt6XnpcOl1KXzpbClrKWkpckgLS0+CgoKCgoKPGRpdiBpZD0iSGVhZGVyS2V5d29yZCI+CjxzcGFuPteixL+kzqWtqWCl76lgpck8L3NwYW4+CqWrpeulyKXKqWCluKXlCrjvpNKk4gqls6lgpcqpYL3wvt8Kpbel6qWzpfPQzSCl7KW4pfMKx9Ck6s7E19YgxL7RdSCk0qTppKykygqlv6XDpbul6wql3KW/pfMgpemlw6XXpdal7KW5CjwvZGl2Pgo8IS0tIJhTzOyXysv3pdCpYKGhpa2pYKXvqWClyUVORCAtLT4=,pe+l86W1paSlyaW5pcalw6XBpeyltqlgpbOpYKXJILjvpNKk4syrzeggpayl86Xhpb8gx9Ck6onTpOogNTBjbYVnzrsopaKl86XGpaOpYKWv1Xspob6k5qSmpdGlsaXDpchBjJ2P6qG/o7rK1ty/ssTBz6TOpKq16iCloqXzpbel46Xzpca5pLe/,uO+8fiDNqNicpeyluKXzILLEwc+l7KW4pfMg0M2l7KW4pfMgpdGpYKXEpc+l86XJpeGlpKXJILLEwc8g2JyJ06XPpfOlyaXhpaSlySCloqWvpbultaXqqWAgssTBz6XPpfOlyaXhpaSlySCyxMHPILyksLKlz6Xzpcml4aWkpckgpdSloqW5ILLEwc+lz6Xzpcml4aWkpckgpdal7KW5peylw6XIILLEwc+lq6Xrpcilyqlgpbil5SCyxMHPIM2o2Jylt6XqpbOl86XiqWCl66XJIKXspbil87jvvH4gILG+uO+477x+ILyapKSl7KW2qWCls6lgpckgMW1tpeyltqlgpbOpYKXJIMa9paKlr6W7pbWl6qlgIKXRqWClxCDNqNicIKSqpLmkuaThpaKlr6W7pbWl6qlgIL3wvt+l1KWipbkgzKi8iKXUpaKluSClx6Wjpbml16XspaSl7KW4pfMgt+LI6yDL2LLEpe+l86W1paSlyaW5pcalw6XBpeyltqlgpbOpYKXJILjvpNKk4syrzeggpayl86Xhpb8gx9Ck6onTpOogNTBjbYVnzrsopaKl86XGpaOpYKWv1Xspob6k5qSmpdGlsaXDpchBjJ2P6qG/,ob6k5qSmpdGlsaXDpchBjJ2P6qG/oaOl76XzpbWlpKXJpbmlxqXDpcGl7KW2qWCls6lgpckguO+k0qTizKvN6CClrKXzpeGlvyDH0KTqidOk6iA1MGNthWfOuyiloqXzpcalo6lgpa/VeymhvqTmpKal0aWxpcOlyEGMnY/qob8=[rn]
25-29650,aHR0cDovL3RzaG9wLnIxMHMuanAvcGlua21vbmtleS9jYWJpbmV0L2hhbmRtYWRlL2htLTEtOTUtbWF0b21lMG4yLmpwZz9maXRpbj03MDA6NzAw,OTYuMDAwMA==,,yNXTw8a362rYmz/OxLe/vt8/ytbcvyA+IMrW3L8/pa+l6aXVpcg/yfq12CA+ILLDv3CyxMHPID4gpNKk4g==,paKl86XGpaOpYKWvpaul6algQSCl7KW2qWCls6lgpcnN6LjvvH4oMS41bW23+aHBMW0psb647yDFo7jvIMfQpOqJ06TqIDFNhWfOu6G+pOakpqXRpbGlw6XIQYydj+qhvw==,ob6k5qSmpdGlsaXDpchBjJ2P6qG/,PGNlbnRlcj4KPGRpdj4KCjwvZGl2Pgo8L2NlbnRlcj48YnI+CiAgICAgICAgPGRpdiBhbGlnbj0iY2VudGVyIj4KPHRhYmxlIGNlbGxzcGFjaW5nPSIxIiBjZWxscGFkZGluZz0iNSIgd2lkdGg9IjYwMCIgYmdjb2xvcj0iIzAwMDAwMCIgYWxpZ249ImNlbnRlciI+PFRCT0RZPgoKPFRSPgogICAgICA8dGQgYmdjb2xvcj0iI2YwZjBmMCIgYWxpZ249ImNlbnRlciIgd2lkdGg9IjEyMiI+PGZvbnQgY29sb3I9IiM2NjY2NjYiIHNpemU9IjIiPsnMxrfD+zwvZm9udD48L3RkPgogICAgICA8dGQgYmdjb2xvcj0iI2ZmZmZmZiIgd2lkdGg9IjQ1NSI+PEZPTlQgY29sb3I9IzAwMDAwMCIgc2l6ZT0tMT6loqXzpcalo6lgpa+lq6XpqWCl7KW2qWCls6lgpckgMS41bW23+TwvRk9OVD48L3RkPgogICAgPC9UUj4KPFRSPgogICAgICA8dGQgYmdjb2xvcj0iI2YwZjBmMCIgYWxpZ249ImNlbnRlciIgd2lkdGg9IjEyMiI+PGZvbnQgY29sb3I9IiM2NjY2NjYiIHNpemU9IjIiPqWrpempYDwvZm9udD48L3RkPgogICAgICA8dGQgYmdjb2xvcj0iI2ZmZmZmZiIgd2lkdGg9IjQ1NSI+PEZPTlQgY29sb3I9IzAwMDAwMCIgc2l6ZT0tMT4Kpdal6aWmpfOloqXzpcalo6lgpa8vpcCpYKWmpdal6aWmpfOloqXzpcalo6lgpa8vpdal6aXDpa+loqXzpcalo6lgpa8vpd6luaW/qWClyaWipfOlxqWjqWClry+lyqXBpeWl6aXrpaKl86XGpaOpYKWvL6XAqWClr6XUpfOlr6Wipcalo6lgpa8vpd+lw6WvpbmlyqXBpeWl6aXrpaKl86XGpaOpYKWvL6XeqWCl1qXrpd6luaW/qWClyaWipfOlxqWjqWClry+lpKWope2pYKWipfOlxqWjqWClry+lqqXspfOluKWipfOlxqWjqWClry+l6aWkpcil1qXppaal86WipfOlxqWjqWClry+ls6lgpeml66WipfOlxqWjqWClry+lwKlgpa+l7KXDpcmloqXzpcalo6lgpa8vpeylw6XJpaKl86XGpaOpYKWvL6XUpfOlr6WipfOlxqWjqWClry+ltaXzpcmloqXzpcalo6lgpa88YnI+Ci0qLSotKi0qLSotKi0qLSo8YnI+PGJyPgq476TSpOIxLjVtbbf5paKl86XGpaOpYKWvpaul6algPGJyPgrL+6TOyaukz6O8o7yks6TBpOk8YnI+PGJyPgoKLSotKi0qLSotKi0qLSotKjxicj48L0ZPTlQ+PC90ZD4KICAgIDwvVFI+CjxUUj4KICAgICAgPHRkIGJnY29sb3I9IiNmMGYwZjAiIGFsaWduPSJjZW50ZXIiIHdpZHRoPSIxMjIiPjxmb250IGNvbG9yPSIjNjY2NjY2IiBzaXplPSIyIj6ltaWkpboovHMpPC9mb250PjwvdGQ+CiAgICAgIDx0ZCBiZ2NvbG9yPSIjZmZmZmZmIiB3aWR0aD0iNDU1Ij48Rk9OVCBjb2xvcj0jMDAwMDAwIApzaXplPS0xPrf5o7oxLjVtbS/pTKO6MW08L0ZPTlQ+PC90ZD4KICAgIDwvVFI+CjxUUj4KICAgICAgPHRkIGJnY29sb3I9IiNmMGYwZjAiIGFsaWduPSJjZW50ZXIiIHdpZHRoPSIxMjIiPjxmb250IGNvbG9yPSIjNjY2NjY2IiBzaXplPSIyIj7JzMa31JS8mjwvZm9udD48L3RkPgogICAgICA8dGQgYmdjb2xvcj0iI2ZmZmZmZiIgd2lkdGg9IjQ1NSI+PEZPTlQgY29sb3I9IzAwMDAwMCAKc2l6ZT0tMT48Yj4xbYVnzrukx6TO2JyJ06THpLmhozwvYj48YnI+CiAgICAgIDxiPtF9yv2CgKTHpLTZj8jrpM6I9rrPpMekraTrpMCksTFthWfOu6THpaulw6XIpLukuqTLpLTZj8jrgoDK/bfWpM7pTKS1pMekqsvNpOqktaS7pMakpKS/pMCkpKTGpKqk6qTepLmhozwvYj48YnI+CgogICAgICA8YnI+CqO8o7zA/aO+o748YnI+CjOCgKS02Y/I66TOiPa6zz8/PzFtocEzsb6kx6TPpMqkrzNtocExsb6kx6TOsGvLzaTHpLmhozwvRk9OVD4gPGJyPgogICAgICA8YnI+CiAgICAgIDxmb250IHNpemU9Ii0xIj6h+bWrpLfU2o7s17SbcqTLpOikw6TGpM/Jz9Ob0tTN4qTHpM6kqr3spLGky6TKpOuI9rrPpOKktKS2pKSk3qS5oaOkvaTO60ikz6SzpMGk6aSrpOmktN9CvWqktaS7pMakpKS/pMCkpKTGpKqk6qTepLmhoyA8YnI+CiAgICAgINPopOGktMHLs9CkpKS/pMCkraTepLmk6KSmpKruiqSkpKSkv6S3pN6kuaGjPC9mb250PiAgICAgIDwvdGQ+CiAgICA8L1RSPgo8VFI+CiAgICAgIDx0ZCBiZ2NvbG9yPSIjZjBmMGYwIiBhbGlnbj0iY2VudGVyIiB3aWR0aD0iMTIyIj48Zm9udCBjb2xvcj0iIzY2NjY2NiIgc2l6ZT0iMiI+y9iyxDwvZm9udD48L3RkPgogICAgICA8dGQgYmdjb2xvcj0iI2ZmZmZmZiIgd2lkdGg9IjQ1NSI+PEZPTlQgY29sb3I9IzAwMDAwMCAKc2l6ZT0tMT7Fo7jvPC9GT05UPjwvdGQ+CiAgICA8L1RSPgo8VFI+CiAgICAgIDx0ZCBiZ2NvbG9yPSIjZjBmMGYwIiBhbGlnbj0iY2VudGVyIiB3aWR0aD0iMTIyIj48Zm9udCBjb2xvcj0iIzY2NjY2NiIgc2l6ZT0iMiI+yfquYrn6PC9mb250PjwvdGQ+CiAgICAgIDx0ZCBiZ2NvbG9yPSIjZmZmZmZmIiB3aWR0aD0iNDU1Ij48Rk9OVCBjb2xvcj0jMDAwMDAwIApzaXplPS0xPm1hZGUgaW4gaW5kaWE8L0ZPTlQ+PC90ZD4KICAgIDwvVFI+CjxUUj4KICAgICAgPHRkIGJnY29sb3I9IiNmMGYwZjAiIGFsaWduPSJjZW50ZXIiIHdpZHRoPSIxMjIiPjxmb250IGNvbG9yPSIjNjY2NjY2IiBzaXplPSIyIj6C5L+8PC9mb250PjwvdGQ+CiAgICAgIDx0ZCBiZ2NvbG9yPSIjZmZmZmZmIiB3aWR0aD0iNDU1Ij48Zm9udCBjb2xvcj0iI2ZmMDAwMCIgc2l6ZT0iLTEiPgqh+aSqyrmkpKTOUEOtaL6zpMuk6KTqjGfrSKTOpKrJq6TIrpCkyqTriPa6z6SspLSktqSkpN6kuaTOpMfT6KThpLTBy7PQpK+kwKS1pKSk3qS7oaM8YnI+CqH5xaO477bAzNikzs/jpOqk5KW3pe+hoqXopey1yKSspKKk64j2us+k4qS0pLakpKTepLmkrMzsyLvL2LLEpM6kyqTppMekz6TOzrakx6S5pM6kx9fz05ukzsDt08mky6TopOu3tca3P727k1Gkz6SqytyksaS3pMakqqTqpN6ku6TzoaM8YnI+CtPopOGktMHLs9CkzqSmpKiktNmPyOukpKS/pMCkraTepLmk6KSmpKruiqSkpKSkv6S3pN6kuaGjPC9mb250PjwvdGQ+CiAgICA8L1RSPgo8L3Rib2R5PjwvdGFibGU+PC9kaXY+Cjxicj48YnI+CjxkaXY+Cgo8L2Rpdj4KPGJyPjxicj4KPGRpdiBhbGlnbj0iY2VudGVyIj4KPGltZyBzcmM9Imh0dHA6Ly9pbWFnZS5yYWt1dGVuLmNvLmpwL3Bpbmttb25rZXkvY2FiaW5ldC9jYXRlZ29yeS82MDBibnItY29yZC5qcGciIGJvcmRlcj0iMCI+PGJyPjxicj4KPGltZyBzcmM9Imh0dHA6Ly9pbWFnZS5yYWt1dGVuLmNvLmpwL3Bpbmttb25rZXkvY2FiaW5ldC9jYXRlZ29yeS82MDAtaG0tZW5kcGFydHMuanBnIiBib3JkZXI9IjAiPjxicj48YnI+CjwvZGl2PjxzdHlsZT4KCi8qyczGt6XaqWCluCovCgpzcGFuLnByaWNlMSB7CglkaXNwbGF5OiBibG9jayAhaW1wb3J0YW50OwoJZm9udC1zaXplOiAxMnB4ICFpbXBvcnRhbnQ7Cgljb2xvcjogI2ZmMDAwMCAhaW1wb3J0YW50OwoJdmVydGljYWwtYWxpZ246IGJvdHRvbSAhaW1wb3J0YW50OwoJbGluZS1oZWlnaHQ6IDEuMmVtICFpbXBvcnRhbnQ7CglwYWRkaW5nLXRvcDogMC42ZW0gIWltcG9ydGFudDsKCXBhZGRpbmctcmlnaHQ6IDFlbSAhaW1wb3J0YW50Owp9CgpzcGFuLnByaWNlMiB7Cglmb250LXNpemU6IDIwcHggIWltcG9ydGFudDsKCWZvbnQtd2VpZ2h0OiBib2xkICFpbXBvcnRhbnQ7Cgljb2xvcjogI2ZmMDAwMCAhaW1wb3J0YW50OwoJdmVydGljYWwtYWxpZ246IGJvdHRvbSAhaW1wb3J0YW50OwoJbGluZS1oZWlnaHQ6IDEuMmVtIWltcG9ydGFudDsKfQoKLyogpKqa3aTLyOuk6snMxre1x+Vou63P8YnkuPwgKi8KYm9keSAjcmFrdXRlbkxpbWl0ZWRJZF9hcm91bmRDYXJ0IGRpdi5ia217CndpZHRoOiAzMDZweCAhaW1wb3J0YW50Owp9CmJvZHkgZGl2LmJvb2ttYXJrQXJlYSBkaXYuYmttIGEuYWRkQmttIHNwYW4uYmttU3RhciB7CndpZHRoOiAzMDZweCAhaW1wb3J0YW50OwpoZWlnaHQ6IDQ4cHggIWltcG9ydGFudDsKYmFja2dyb3VuZDogdXJsKGh0dHA6Ly9pbWFnZS5yYWt1dGVuLmNvLmpwL3Bpbmttb25rZXkvY2FiaW5ldC9mYXZfYnV0dG9uX2FmdGVyMi5naWYpIG5vLXJlcGVhdCAwIDAgIWltcG9ydGFudDsKfQpib2R5IGRpdi5ib29rbWFya0FyZWEgZGl2LmJrbSBhLmFkZEJrbSB7CndpZHRoOiAzMDZweCAhaW1wb3J0YW50OwpoZWlnaHQ6IDQ4cHggIWltcG9ydGFudDsKfQoKLyogpKqa3aTLyOuk6qW3peelw6XXtcflaLutz/GJ5Lj8ICovCmJvZHkgI3Jha3V0ZW5MaW1pdGVkSWRfYXJvdW5kQ2FydCBkaXYuc2hvcEJrbXsKd2lkdGg6IDMwNnB4ICFpbXBvcnRhbnQ7CnBhZGRpbmctbGVmdDogMHB4ICFpbXBvcnRhbnQ7Cn0KYm9keSBkaXYuc2hvcEJvb2ttYXJrQXJlYSBkaXYuc2hvcEJrbSBhLmFkZFNob3BCa20gc3Bhbi5zaG9wQmttU3RhciB7CndpZHRoOiAzMDZweCAhaW1wb3J0YW50OwpoZWlnaHQ6IDQ4cHggIWltcG9ydGFudDsKYmFja2dyb3VuZDogdXJsKGh0dHA6Ly9pbWFnZS5yYWt1dGVuLmNvLmpwL3Bpbmttb25rZXkvY2FiaW5ldC9mYXZzaG9wX2J1dHRvbl9hZnRlci5naWYpIG5vLXJlcGVhdCAwIDAgIWltcG9ydGFudDsKfQpib2R5IGRpdi5zaG9wQm9va21hcmtBcmVhIGRpdi5zaG9wQmttIGEuYWRkU2hvcEJrbSB7CndpZHRoOiAzMDZweCAhaW1wb3J0YW50OwpoZWlnaHQ6IDQ4cHggIWltcG9ydGFudDsKfQoKCi8qIIKAyv3I68GmmdqkzrTzpK2ktSAqLwppbnB1dCN1bml0cyB7CnBhZGRpbmc6IDFweCAwcHg7Cn0KCi8qIKSq2UmkpM7vpKuktKXcpb+l86TOtPOkraS1ICovCmlucHV0IHsKZm9udC1zaXplOiAxN3B4OwpwYWRkaW5nOjEwcHggNDBweDsKd2lkdGg6IGF1dG87CmZvbnQtZmFtaWx5OiKl0qXppa6lzr3HpbQgUHJvIFczIiwgIkhpcmFnaW5vIEtha3UgR290aGljIFBybyIsICKl4aWkpeqlqiIsIE1laXJ5bywgT3Nha2EsICKjzaPTIKPQpbSlt6XDpa8iLCAiTVMgUEdvdGhpYyIsIHNhbnMtc2VyaWYKfQoKLyogobjJzMa3pMukxKSkpMakzoaWpKS6z6TvpLuhuaXcpb+l86TOtPOkraS1Ki8KZm9udCBpbnB1dCB7CmZvbnQtc2l6ZTogMTJweDsKcGFkZGluZzoycHg7CndpZHRoOiAxNTBweDsKfQoKLyqhuO2XxL/feJJr1quyv7fWobkqLwouaW52ZW50b3J5IGlucHV0ewpmb250LXNpemU6IDEycHg7CmJhY2tncm91bmQ6I2ZmZjsKfQoKCi8qIO2XxL/feJJr1qu8e8bapdWlqaXzpciltaWkpboqLwoKdGQuaW52ZW50b3J5IGZvbnR7Zm9udC1zaXplOjEycHg7Y29sb3I6I2ZmMDAwMDt9CgovKiDtl8S/33iSa9arKi8KCiNyYWt1dGVuTGltaXRlZElkX2Fyb3VuZENhcnQgc2VsZWN0IHsKbWFyZ2luOjVweCAwcHg7CnBhZGRpbmc6NXB4Owp9CgojcmFrdXRlbkxpbWl0ZWRJZF9hcm91bmRDYXJ0IHNwYW4uY2hvaWNlOmJlZm9yewpjb250ZW50OiB1cmwoKTsKfQoKLyog17ePvqWrqWClyM/CpKuk6aTOuN+ktSovCgpkaXYgI3Njcm9sbFVwewpib3R0b206IDMwcHg7Cn0KCi8qIJhTzOyXysv3pdCpYKGhpa2pYKXvqWClySAqLwoKZGl2I0hlYWRlcktleXdvcmQgewoJcG9zaXRpb246YWJzb2x1dGU7Cgl0b3A6NTBweDsvKtK7t6zJz6SrpOmkzs671sMqLwoJbGVmdDozMHB4Oy8q1/O2y6SrpOmkzs671sMqLwp9CgpkaXYjSGVhZGVyS2V5d29yZCBzcGFuIHsKCWJhY2tncm91bmQ6ICNiZjAwMDA7Cgljb2xvcjojZmZmOwoJZm9udC13ZWlnaHQ6Ym9sZDsKCXBhZGRpbmc6MnB4IDVweDsKfQoKZGl2I0hlYWRlcktleXdvcmQgYSB7Cgljb2xvcjojMDA0NENDOwp9Cgo8L3N0eWxlPgoKCgoKPCEtLSCloqWvpbultaXqqWCl0algpcSlq6XGpbSl6qlgIC0tPgo8ZGl2IGFsaWduPSJjZW50ZXIiPgo8aW1nIHNyYz0iaHR0cDovL2ltYWdlLnJha3V0ZW4uY28uanAvcGlua21vbmtleS9jYWJpbmV0L2NhdGVnb3J5L2htNzYwLmpwZyIgYWx0PSKloqWvpbultaXqqWCl0algpcTSu9NFpNgiPgo8L2Rpdj4KPGRpdiBhbGlnbj0iY2VudGVyIj4KCjwvZGl2Pgo8IS0tIC+loqWvpbultaXqqWCl0algpcSlq6XGpbSl6qlgIC0tPgoKCjwhLS0gpbel56XDpdSl86WwpaylpKXJIC0tPgoKPCEtLSAvpbel56XDpdSl86WwpaylpKXJIC0tPgoKCgoKCjxkaXYgaWQ9IkhlYWRlcktleXdvcmQiPgo8c3Bhbj7XosS/pM6lralgpe+pYKXJPC9zcGFuPgqlq6Xrpcilyqlgpbil5Qq476TSpOIKpbOpYKXKqWC98L7fCqW3peqls6Xz0M0gpeyluKXzCsfQpOrOxNfWIMS+0XUgpNKk6aSspMoKpb+lw6W7pesKpdylv6XzIKXppcOl16XWpeyluQo8L2Rpdj4KPCEtLSCYU8zsl8rL96XQqWChoaWtqWCl76lgpclFTkQgLS0+,paKl86XGpaOpYKWvpaul6algQSCl7KW2qWCls6lgpcnN6LjvvH4oMS41bW23+SZ0aW1lczsxbSmxvrjvIMWjuO8gx9Ck6onTpOogMU2FZ867ob6k5qSmpdGlsaXDpchBjJ2P6qG/o7rK1ty/ssTBz6TOpKq16iCloqXzpbel46Xzpca5pLe/,uO+8fiDNqNicpeyluKXzILLEwc+l7KW4pfMg0M2l7KW4pfMgpdGpYKXEpc+l86XJpeGlpKXJILLEwc8g2JyJ06XPpfOlyaXhpaSlySCloqWvpbultaXqqWAgssTBz6XPpfOlyaXhpaSlySCyxMHPILyksLKlz6Xzpcml4aWkpckgpdSloqW5ILLEwc+lz6Xzpcml4aWkpckgpdal7KW5peylw6XIILLEwc+lq6Xrpcilyqlgpbil5SCyxMHPIM2o2Jylt6XqpbOl86XiqWCl66XJIKXspbil87jvvH4gILG+uO+477x+ILyapKSl7KW2qWCls6lgpckgMW1tpeyltqlgpbOpYKXJIMa9paKlr6W7pbWl6qlgIKXRqWClxCDNqNicIKSqpLmkuaThpaKlr6W7pbWl6qlgIL3wvt+l1KWipbkgzKi8iKXUpaKluSClx6Wjpbml16XspaSl7KW4pfMgt+LI6yDL2LLEpaKl86XGpaOpYKWvpaul6algQSCl7KW2qWCls6lgpcnN6LjvvH4oMS41bW23+SZ0aW1lczsxbSmxvrjvIMWjuO8gx9Ck6onTpOogMU2FZ867ob6k5qSmpdGlsaXDpchBjJ2P6qG/,ob6k5qSmpdGlsaXDpchBjJ2P6qG/oaOloqXzpcalo6lgpa+lq6XpqWBBIKXspbapYKWzqWClyc3ouO+8figxLjVtbbf5JnRpbWVzOzFtKbG+uO8gxaO47yDH0KTqidOk6iAxTYVnzruhvqTmpKal0aWxpcOlyEGMnY/qob8=[rn]
25-29651,aHR0cDovL3RzaG9wLnIxMHMuanAvcGlua21vbmtleS9jYWJpbmV0L2hhbmRtYWRlL2htLTItNDQuanBnP2ZpdGluPTcwMDo3MDA=,MzY1LjYwMDA=,,yNXTw8a362rYmz/OxLe/vt8/ytbcvyA+IMrW3L8/pa+l6aXVpcg/yfq12CA+ILLDv3CyxMHPID4gpNKk4g==,pe+l86W1paSlyaW5pcalw6XBpeyltqlgpbOpYKXJILjvpNKk4syrzeggpdmpYKW4peWl6aXhIKOxIMfQpOqJ06TqIDUwY22FZ867KKWipfOlxqWjqWClr9V7KaG+pOakpqXRpbGlw6XIQYydj+qhvw==,ob6k5qSmpdGlsaXDpchBjJ2P6qG/,PGRpdiBhbGlnbj0iY2VudGVyIj4KPHRhYmxlIGNlbGxzcGFjaW5nPSIyIiBiZ2NvbG9yPSIjZmYwMDAwIiBjZWxscGFkZGluZz0iNSIgd2lkdGg9IjEwMCUiPgo8dGJvZHk+PHRyPgogICAgICA8dGQgYmdjb2xvcj0iI2ZmZmZmZiI+PHA+PGZvbnQgc2l6ZT0iLTEiIGNvbG9yPSIjZmYwMDAwIj6hvqS02Y/I68ewpMux2KS6pKrVaaTfpK+kwKS1pKShvzxicj4KICAgICAgICAgICAgPGJyPgogICAgICAgIDwvZm9udD48Zm9udCBzaXplPSItMSIgY29sb3I9IiMwMDAwMDAiPqH5MaGisb7Rdca3pM81MGNthWfOu6THpM7YnInTpMekuaGjPGJyPgogICAgICAgIDxicj4KICAgICAgICChvsD9o7qhuDFNobnZj8jrz6PN+6TOiPa6z6G/oaHXos7Eyv3Bv6G4o7KhuaTIpMqk6qTepLmhozxicj4KICAgICAgICA8YnI+CiAgICAgICAgofnJzMa3pM7M2NDUpMuk6KTqoaK476TypMSkyqSuus+k76S7pL++QKSuxL+krLqspN6k7KTriPa6z6SspLSktqSkpN6kuaGjPGJyPgogICAgICAgIMzYpMuhotF9yv3Bv6TypLTXos7E7ZSkraTepLekv4j2us+kz6Gi1sKkt7e9pMqkpMnMxrekyKTKpOqk3qS5oaM8YnI+CiAgICAgICAgPGJyPgogICAgICAgIKH5MqGipceltqWkpfOkzqSipOvJzMa3pM+lq6XDpcikuaTr6UyktaTLpOikw6TGsfqk5MSjmJSkzrP2t72krInkpO+kw6TGpK2k3qS5oaM8YnI+CiAgICAgICAgPGJyPgogICAgICAgIKH5sb6476TyyrnTw6S3pMakpKTepLmkzqTHtsDM2KTOz+Ok6qSspLSktqSkpN6kuaGjpN6kv6GiPC9mb250Pjxmb250IHNpemU9Ii0xIiBjb2xvcj0iIzAwMDAwMCI+0KGktaTKpbel76Tkpeil7KGipbmlxqXDpcGkzsLSpOy1yKSspLSktqSkpN6kuaGjPGJyPgogICAgICAgIDxicj4KICAgICAgICAgIKH5M6GipL2kzsv7oaKktLK7w/ekyrXjoaKkqoaWpKS6z6TvpLukz8/C05uk3qTHoaKkqoaWpKS6z6TvpLukr6TApLWkpKGjPGJyPgogICAgICAgICAgob6kqoaWpKS6z6TvpLvPyKO6MDc0Mi0zMC00NDY3ob88L2ZvbnQ+PGJyPgogICAgICAgICAgICA8YnI+CiAgICAgICAgICAgIDxmb250IHNpemU9Ii0xIiBjb2xvcj0iI2ZmMDAwMCI+0+ik4aGiyc/Tm8TayN2k8qS0wcuz0KTOyc+hoqS016LOxO2UpLGk3qS5pOikpqGipOik7aS3pK+kqu6KpKSkpKS/pLek3qS5oaM8L2ZvbnQ+PC9wPgo8L3RkPgo8L3RyPjwvdGJvZHk+PC90YWJsZT48L2Rpdj4KPGJyPjxicj4KPGRpdiBjbGFzcz0iaXRlbURlc2MiPgo8ZGl2IGNsYXNzPSJpdGVtVGFibGUiPgoKPHRhYmxlPgo8Y2FwdGlvbj7JzMa3pMukxKSkpMY8L2NhcHRpb24+Cjx0cj4KPHRoPjxzcGFuPsnMxrfD+zwvc3Bhbj48L3RoPgo8dGQ+pc+l86XJpeGlpKXJ08PGtyCl76XzpbWlpKXJpbmlxqXDpcGl7KW2qWCls6lgpcmhobjvpNKk4i+l2algpbil5aXppeGhoaOxIMfQpOqJ06Tqo6g1MGNthWfOuyk8L3RkPgo8L3RyPgo8dHI+Cjx0aD48c3Bhbj6ltaWkpboovHMpPC9zcGFuPjwvdGg+Cjx0ZD4ovHMpILf5o7o5bW0vuvGk36O6NS41bW08L3RkPgo8L3RyPgo8dHI+Cjx0aD48c3Bhbj7L2LLEPC9zcGFuPjwvdGg+Cjx0ZD6xvrjvPC90ZD4KPC90cj4KPHRyPgo8dGg+PHNwYW4+1K2uYrn6PC9zcGFuPjwvdGg+Cjx0ZD6lpKXzpck8L3RkPgo8L3RyPgo8dHI+Cjx0aD48c3Bhbj6C5KGhv7w8L3NwYW4+PC90aD4KPHRkIHN0eWxlPSJjb2xvcjogI2YwMDsiPiCh+aXRpb2ls6XzpM6taL6z17SbcqTLpOik6qGijGfrSKTOpKrJq6TIrpCkyqTriPa6z6SspLSktqSkpN6kuaTOpMfT6KThpLTBy7PQpK+kwKS1pKSk3qS7oaM8YnIgLz4KICAgICAgICAgIKH5t7XGt6GivbuTUcDt08mkzoydz/OkyKTPpMqk6qTepLuk86Gj0+ik4aS0wcuz0KSvpMCktaSkpN6ku6GjPC90ZD4KPC90cj4KPC90YWJsZT4KPC9kaXY+CjwvZGl2PjxzdHlsZT4KCi8qyczGt6XaqWCluCovCgpzcGFuLnByaWNlMSB7CglkaXNwbGF5OiBibG9jayAhaW1wb3J0YW50OwoJZm9udC1zaXplOiAxMnB4ICFpbXBvcnRhbnQ7Cgljb2xvcjogI2ZmMDAwMCAhaW1wb3J0YW50OwoJdmVydGljYWwtYWxpZ246IGJvdHRvbSAhaW1wb3J0YW50OwoJbGluZS1oZWlnaHQ6IDEuMmVtICFpbXBvcnRhbnQ7CglwYWRkaW5nLXRvcDogMC42ZW0gIWltcG9ydGFudDsKCXBhZGRpbmctcmlnaHQ6IDFlbSAhaW1wb3J0YW50Owp9CgpzcGFuLnByaWNlMiB7Cglmb250LXNpemU6IDIwcHggIWltcG9ydGFudDsKCWZvbnQtd2VpZ2h0OiBib2xkICFpbXBvcnRhbnQ7Cgljb2xvcjogI2ZmMDAwMCAhaW1wb3J0YW50OwoJdmVydGljYWwtYWxpZ246IGJvdHRvbSAhaW1wb3J0YW50OwoJbGluZS1oZWlnaHQ6IDEuMmVtIWltcG9ydGFudDsKfQoKLyogpKqa3aTLyOuk6snMxre1x+Vou63P8YnkuPwgKi8KYm9keSAjcmFrdXRlbkxpbWl0ZWRJZF9hcm91bmRDYXJ0IGRpdi5ia217CndpZHRoOiAzMDZweCAhaW1wb3J0YW50Owp9CmJvZHkgZGl2LmJvb2ttYXJrQXJlYSBkaXYuYmttIGEuYWRkQmttIHNwYW4uYmttU3RhciB7CndpZHRoOiAzMDZweCAhaW1wb3J0YW50OwpoZWlnaHQ6IDQ4cHggIWltcG9ydGFudDsKYmFja2dyb3VuZDogdXJsKGh0dHA6Ly9pbWFnZS5yYWt1dGVuLmNvLmpwL3Bpbmttb25rZXkvY2FiaW5ldC9mYXZfYnV0dG9uX2FmdGVyMi5naWYpIG5vLXJlcGVhdCAwIDAgIWltcG9ydGFudDsKfQpib2R5IGRpdi5ib29rbWFya0FyZWEgZGl2LmJrbSBhLmFkZEJrbSB7CndpZHRoOiAzMDZweCAhaW1wb3J0YW50OwpoZWlnaHQ6IDQ4cHggIWltcG9ydGFudDsKfQoKLyogpKqa3aTLyOuk6qW3peelw6XXtcflaLutz/GJ5Lj8ICovCmJvZHkgI3Jha3V0ZW5MaW1pdGVkSWRfYXJvdW5kQ2FydCBkaXYuc2hvcEJrbXsKd2lkdGg6IDMwNnB4ICFpbXBvcnRhbnQ7CnBhZGRpbmctbGVmdDogMHB4ICFpbXBvcnRhbnQ7Cn0KYm9keSBkaXYuc2hvcEJvb2ttYXJrQXJlYSBkaXYuc2hvcEJrbSBhLmFkZFNob3BCa20gc3Bhbi5zaG9wQmttU3RhciB7CndpZHRoOiAzMDZweCAhaW1wb3J0YW50OwpoZWlnaHQ6IDQ4cHggIWltcG9ydGFudDsKYmFja2dyb3VuZDogdXJsKGh0dHA6Ly9pbWFnZS5yYWt1dGVuLmNvLmpwL3Bpbmttb25rZXkvY2FiaW5ldC9mYXZzaG9wX2J1dHRvbl9hZnRlci5naWYpIG5vLXJlcGVhdCAwIDAgIWltcG9ydGFudDsKfQpib2R5IGRpdi5zaG9wQm9va21hcmtBcmVhIGRpdi5zaG9wQmttIGEuYWRkU2hvcEJrbSB7CndpZHRoOiAzMDZweCAhaW1wb3J0YW50OwpoZWlnaHQ6IDQ4cHggIWltcG9ydGFudDsKfQoKCi8qIIKAyv3I68GmmdqkzrTzpK2ktSAqLwppbnB1dCN1bml0cyB7CnBhZGRpbmc6IDFweCAwcHg7Cn0KCi8qIKSq2UmkpM7vpKuktKXcpb+l86TOtPOkraS1ICovCmlucHV0IHsKZm9udC1zaXplOiAxN3B4OwpwYWRkaW5nOjEwcHggNDBweDsKd2lkdGg6IGF1dG87CmZvbnQtZmFtaWx5OiKl0qXppa6lzr3HpbQgUHJvIFczIiwgIkhpcmFnaW5vIEtha3UgR290aGljIFBybyIsICKl4aWkpeqlqiIsIE1laXJ5bywgT3Nha2EsICKjzaPTIKPQpbSlt6XDpa8iLCAiTVMgUEdvdGhpYyIsIHNhbnMtc2VyaWYKfQoKLyogobjJzMa3pMukxKSkpMakzoaWpKS6z6TvpLuhuaXcpb+l86TOtPOkraS1Ki8KZm9udCBpbnB1dCB7CmZvbnQtc2l6ZTogMTJweDsKcGFkZGluZzoycHg7CndpZHRoOiAxNTBweDsKfQoKLyqhuO2XxL/feJJr1quyv7fWobkqLwouaW52ZW50b3J5IGlucHV0ewpmb250LXNpemU6IDEycHg7CmJhY2tncm91bmQ6I2ZmZjsKfQoKCi8qIO2XxL/feJJr1qu8e8bapdWlqaXzpciltaWkpboqLwoKdGQuaW52ZW50b3J5IGZvbnR7Zm9udC1zaXplOjEycHg7Y29sb3I6I2ZmMDAwMDt9CgovKiDtl8S/33iSa9arKi8KCiNyYWt1dGVuTGltaXRlZElkX2Fyb3VuZENhcnQgc2VsZWN0IHsKbWFyZ2luOjVweCAwcHg7CnBhZGRpbmc6NXB4Owp9CgojcmFrdXRlbkxpbWl0ZWRJZF9hcm91bmRDYXJ0IHNwYW4uY2hvaWNlOmJlZm9yewpjb250ZW50OiB1cmwoKTsKfQoKLyog17ePvqWrqWClyM/CpKuk6aTOuN+ktSovCgpkaXYgI3Njcm9sbFVwewpib3R0b206IDMwcHg7Cn0KCi8qIJhTzOyXysv3pdCpYKGhpa2pYKXvqWClySAqLwoKZGl2I0hlYWRlcktleXdvcmQgewoJcG9zaXRpb246YWJzb2x1dGU7Cgl0b3A6NTBweDsvKtK7t6zJz6SrpOmkzs671sMqLwoJbGVmdDozMHB4Oy8q1/O2y6SrpOmkzs671sMqLwp9CgpkaXYjSGVhZGVyS2V5d29yZCBzcGFuIHsKCWJhY2tncm91bmQ6ICNiZjAwMDA7Cgljb2xvcjojZmZmOwoJZm9udC13ZWlnaHQ6Ym9sZDsKCXBhZGRpbmc6MnB4IDVweDsKfQoKZGl2I0hlYWRlcktleXdvcmQgYSB7Cgljb2xvcjojMDA0NENDOwp9Cgo8L3N0eWxlPgoKCgoKPCEtLSCloqWvpbultaXqqWCl0algpcSlq6XGpbSl6qlgIC0tPgo8ZGl2IGFsaWduPSJjZW50ZXIiPgo8aW1nIHNyYz0iaHR0cDovL2ltYWdlLnJha3V0ZW4uY28uanAvcGlua21vbmtleS9jYWJpbmV0L2NhdGVnb3J5L2htNzYwLmpwZyIgYWx0PSKloqWvpbultaXqqWCl0algpcTSu9NFpNgiPgo8L2Rpdj4KPGRpdiBhbGlnbj0iY2VudGVyIj4KCjwvZGl2Pgo8IS0tIC+loqWvpbultaXqqWCl0algpcSlq6XGpbSl6qlgIC0tPgoKCjwhLS0gpbel56XDpdSl86WwpaylpKXJIC0tPgoKPCEtLSAvpbel56XDpdSl86WwpaylpKXJIC0tPgoKCgoKCjxkaXYgaWQ9IkhlYWRlcktleXdvcmQiPgo8c3Bhbj7XosS/pM6lralgpe+pYKXJPC9zcGFuPgqlq6Xrpcilyqlgpbil5Qq476TSpOIKpbOpYKXKqWC98L7fCqW3peqls6Xz0M0gpeyluKXzCsfQpOrOxNfWIMS+0XUgpNKk6aSspMoKpb+lw6W7pesKpdylv6XzIKXppcOl16XWpeyluQo8L2Rpdj4KPCEtLSCYU8zsl8rL96XQqWChoaWtqWCl76lgpclFTkQgLS0+,pe+l86W1paSlyaW5pcalw6XBpeyltqlgpbOpYKXJILjvpNKk4syrzeggpdmpYKW4peWl6aXhIKOxIMfQpOqJ06TqIDUwY22FZ867KKWipfOlxqWjqWClr9V7KaG+pOakpqXRpbGlw6XIQYydj+qhv6O6ytbcv7LEwc+kzqSqteogpaKl86W3peOl86XGuaS3vw==,uO+8fiDNqNicpeyluKXzILLEwc+l7KW4pfMg0M2l7KW4pfMgpdGpYKXEpc+l86XJpeGlpKXJILLEwc8g2JyJ06XPpfOlyaXhpaSlySCloqWvpbultaXqqWAgssTBz6XPpfOlyaXhpaSlySCyxMHPILyksLKlz6Xzpcml4aWkpckgpdSloqW5ILLEwc+lz6Xzpcml4aWkpckgpdal7KW5peylw6XIILLEwc+lq6Xrpcilyqlgpbil5SCyxMHPIM2o2Jylt6XqpbOl86XiqWCl66XJIKXspbil87jvvH4gILG+uO+477x+ILyapKSl7KW2qWCls6lgpckgMW1tpeyltqlgpbOpYKXJIMa9paKlr6W7pbWl6qlgIKXRqWClxCDNqNicIKSqpLmkuaThpaKlr6W7pbWl6qlgIL3wvt+l1KWipbkgzKi8iKXUpaKluSClx6Wjpbml16XspaSl7KW4pfMgt+LI6yDL2LLEpe+l86W1paSlyaW5pcalw6XBpeyltqlgpbOpYKXJILjvpNKk4syrzeggpdmpYKW4peWl6aXhIKOxIMfQpOqJ06TqIDUwY22FZ867KKWipfOlxqWjqWClr9V7KaG+pOakpqXRpbGlw6XIQYydj+qhvw==,ob6k5qSmpdGlsaXDpchBjJ2P6qG/oaOl76XzpbWlpKXJpbmlxqXDpcGl7KW2qWCls6lgpckguO+k0qTizKvN6CCl2algpbil5aXppeEgo7Egx9Ck6onTpOogNTBjbYVnzrsopaKl86XGpaOpYKWv1Xspob6k5qSmpdGlsaXDpchBjJ2P6qG/[rn]
25-29652,aHR0cDovL3RzaG9wLnIxMHMuanAvcGlua21vbmtleS9jYWJpbmV0L2hhbmRtYWRlL2htLTItMzAuanBnP2ZpdGluPTcwMDo3MDA=,MzY1LjYwMDA=,,yNXTw8a362rYmz/OxLe/vt8/ytbcvyA+IMrW3L8/pa+l6aXVpcg/yfq12CA+ILLDv3CyxMHPID4gpNKk4g==,pe+l86W1paSlyaW5pcalw6XBpeyltqlgpbOpYKXJILjvpNKk4syrzeggpaSlqKXtqWCltKlgpeulySDH0KTqidOk6iA1MGNthWfOuyiloqXzpcalo6lgpa/VeymhvqTmpKal0aWxpcOlyEGMnY/qob8=,ob6k5qSmpdGlsaXDpchBjJ2P6qG/,PGRpdiBhbGlnbj0iY2VudGVyIj4KPHRhYmxlIGNlbGxzcGFjaW5nPSIyIiBiZ2NvbG9yPSIjZmYwMDAwIiBjZWxscGFkZGluZz0iNSIgd2lkdGg9IjEwMCUiPgo8dGJvZHk+PHRyPgogICAgICA8dGQgYmdjb2xvcj0iI2ZmZmZmZiI+PHA+PGZvbnQgc2l6ZT0iLTEiIGNvbG9yPSIjZmYwMDAwIj6hvqS02Y/I68ewpMux2KS6pKrVaaTfpK+kwKS1pKShvzxicj4KICAgICAgICAgICAgPGJyPgogICAgICAgIDwvZm9udD48Zm9udCBzaXplPSItMSIgY29sb3I9IiMwMDAwMDAiPqH5MaGisb7Rdca3pM81MGNthWfOu6THpM7YnInTpMekuaGjPGJyPgogICAgICAgIDxicj4KICAgICAgICChvsD9o7qhuDFNobnZj8jrz6PN+6TOiPa6z6G/oaHXos7Eyv3Bv6G4o7KhuaTIpMqk6qTepLmhozxicj4KICAgICAgICA8YnI+CiAgICAgICAgofnJzMa3pM7M2NDUpMuk6KTqoaK476TypMSkyqSuus+k76S7pL++QKSuxL+krLqspN6k7KTriPa6z6SspLSktqSkpN6kuaGjPGJyPgogICAgICAgIMzYpMuhotF9yv3Bv6TypLTXos7E7ZSkraTepLekv4j2us+kz6Gi1sKkt7e9pMqkpMnMxrekyKTKpOqk3qS5oaM8YnI+CiAgICAgICAgPGJyPgogICAgICAgIKH5MqGipceltqWkpfOkzqSipOvJzMa3pM+lq6XDpcikuaTr6UyktaTLpOikw6TGsfqk5MSjmJSkzrP2t72krInkpO+kw6TGpK2k3qS5oaM8YnI+CiAgICAgICAgPGJyPgogICAgICAgIKH5sb6476TyyrnTw6S3pMakpKTepLmkzqTHtsDM2KTOz+Ok6qSspLSktqSkpN6kuaGjpN6kv6GiPC9mb250Pjxmb250IHNpemU9Ii0xIiBjb2xvcj0iIzAwMDAwMCI+0KGktaTKpbel76Tkpeil7KGipbmlxqXDpcGkzsLSpOy1yKSspLSktqSkpN6kuaGjPGJyPgogICAgICAgIDxicj4KICAgICAgICAgIKH5M6GipL2kzsv7oaKktLK7w/ekyrXjoaKkqoaWpKS6z6TvpLukz8/C05uk3qTHoaKkqoaWpKS6z6TvpLukr6TApLWkpKGjPGJyPgogICAgICAgICAgob6kqoaWpKS6z6TvpLvPyKO6MDc0Mi0zMC00NDY3ob88L2ZvbnQ+PGJyPgogICAgICAgICAgICA8YnI+CiAgICAgICAgICAgIDxmb250IHNpemU9Ii0xIiBjb2xvcj0iI2ZmMDAwMCI+0+ik4aGiyc/Tm8TayN2k8qS0wcuz0KTOyc+hoqS016LOxO2UpLGk3qS5pOikpqGipOik7aS3pK+kqu6KpKSkpKS/pLek3qS5oaM8L2ZvbnQ+PC9wPgo8L3RkPgo8L3RyPjwvdGJvZHk+PC90YWJsZT48L2Rpdj4KPGJyPjxicj4KPGRpdiBjbGFzcz0iaXRlbURlc2MiPgo8ZGl2IGNsYXNzPSJpdGVtVGFibGUiPgoKPHRhYmxlPgo8Y2FwdGlvbj7JzMa3pMukxKSkpMY8L2NhcHRpb24+Cjx0cj4KPHRoPjxzcGFuPsnMxrfD+zwvc3Bhbj48L3RoPgo8dGQ+pc+l86XJpeGlpKXJ08PGtyCl76XzpbWlpKXJpbmlxqXDpcGl7KW2qWCls6lgpcmhobjvpNKk4i+lpKWope2pYKW0qWCl66XJIMfQpOqJ06Tqo6g1MGNthWfOuzwvdGQ+CjwvdHI+Cjx0cj4KPHRoPjxzcGFuPqW1paSluii8cyk8L3NwYW4+PC90aD4KPHRkPii8cykgt/mjujEwbW0vuvGk36O6NW1tPC90ZD4KPC90cj4KPHRyPgo8dGg+PHNwYW4+y9iyxDwvc3Bhbj48L3RoPgo8dGQ+sb647zwvdGQ+CjwvdHI+Cjx0cj4KPHRoPjxzcGFuPtStrmK5+jwvc3Bhbj48L3RoPgo8dGQ+paSl86XJPC90ZD4KPC90cj4KPHRyPgo8dGg+PHNwYW4+guShob+8PC9zcGFuPjwvdGg+Cjx0ZCBzdHlsZT0iY29sb3I6ICNmMDA7Ij4gofml0aW9pbOl86TOrWi+s9e0m3Kky6TopOqhooxn60ikzqSqyaukyK6QpMqk64j2us+krKS0pLakpKTepLmkzqTH0+ik4aS0wcuz0KSvpMCktaSkpN6ku6GjPGJyIC8+CiAgICAgICAgICCh+be1xrehor27k1HA7dPJpM6Mnc/zpMikz6TKpOqk3qS7pPOho9PopOGktMHLs9Ckr6TApLWkpKTepLuhozwvdGQ+CjwvdHI+CjwvdGFibGU+CjwvZGl2Pgo8L2Rpdj48c3R5bGU+CgovKsnMxrel2qlgpbgqLwoKc3Bhbi5wcmljZTEgewoJZGlzcGxheTogYmxvY2sgIWltcG9ydGFudDsKCWZvbnQtc2l6ZTogMTJweCAhaW1wb3J0YW50OwoJY29sb3I6ICNmZjAwMDAgIWltcG9ydGFudDsKCXZlcnRpY2FsLWFsaWduOiBib3R0b20gIWltcG9ydGFudDsKCWxpbmUtaGVpZ2h0OiAxLjJlbSAhaW1wb3J0YW50OwoJcGFkZGluZy10b3A6IDAuNmVtICFpbXBvcnRhbnQ7CglwYWRkaW5nLXJpZ2h0OiAxZW0gIWltcG9ydGFudDsKfQoKc3Bhbi5wcmljZTIgewoJZm9udC1zaXplOiAyMHB4ICFpbXBvcnRhbnQ7Cglmb250LXdlaWdodDogYm9sZCAhaW1wb3J0YW50OwoJY29sb3I6ICNmZjAwMDAgIWltcG9ydGFudDsKCXZlcnRpY2FsLWFsaWduOiBib3R0b20gIWltcG9ydGFudDsKCWxpbmUtaGVpZ2h0OiAxLjJlbSFpbXBvcnRhbnQ7Cn0KCi8qIKSqmt2ky8jrpOrJzMa3tcflaLutz/GJ5Lj8ICovCmJvZHkgI3Jha3V0ZW5MaW1pdGVkSWRfYXJvdW5kQ2FydCBkaXYuYmttewp3aWR0aDogMzA2cHggIWltcG9ydGFudDsKfQpib2R5IGRpdi5ib29rbWFya0FyZWEgZGl2LmJrbSBhLmFkZEJrbSBzcGFuLmJrbVN0YXIgewp3aWR0aDogMzA2cHggIWltcG9ydGFudDsKaGVpZ2h0OiA0OHB4ICFpbXBvcnRhbnQ7CmJhY2tncm91bmQ6IHVybChodHRwOi8vaW1hZ2UucmFrdXRlbi5jby5qcC9waW5rbW9ua2V5L2NhYmluZXQvZmF2X2J1dHRvbl9hZnRlcjIuZ2lmKSBuby1yZXBlYXQgMCAwICFpbXBvcnRhbnQ7Cn0KYm9keSBkaXYuYm9va21hcmtBcmVhIGRpdi5ia20gYS5hZGRCa20gewp3aWR0aDogMzA2cHggIWltcG9ydGFudDsKaGVpZ2h0OiA0OHB4ICFpbXBvcnRhbnQ7Cn0KCi8qIKSqmt2ky8jrpOqlt6XnpcOl17XH5Wi7rc/xieS4/CAqLwpib2R5ICNyYWt1dGVuTGltaXRlZElkX2Fyb3VuZENhcnQgZGl2LnNob3BCa217CndpZHRoOiAzMDZweCAhaW1wb3J0YW50OwpwYWRkaW5nLWxlZnQ6IDBweCAhaW1wb3J0YW50Owp9CmJvZHkgZGl2LnNob3BCb29rbWFya0FyZWEgZGl2LnNob3BCa20gYS5hZGRTaG9wQmttIHNwYW4uc2hvcEJrbVN0YXIgewp3aWR0aDogMzA2cHggIWltcG9ydGFudDsKaGVpZ2h0OiA0OHB4ICFpbXBvcnRhbnQ7CmJhY2tncm91bmQ6IHVybChodHRwOi8vaW1hZ2UucmFrdXRlbi5jby5qcC9waW5rbW9ua2V5L2NhYmluZXQvZmF2c2hvcF9idXR0b25fYWZ0ZXIuZ2lmKSBuby1yZXBlYXQgMCAwICFpbXBvcnRhbnQ7Cn0KYm9keSBkaXYuc2hvcEJvb2ttYXJrQXJlYSBkaXYuc2hvcEJrbSBhLmFkZFNob3BCa20gewp3aWR0aDogMzA2cHggIWltcG9ydGFudDsKaGVpZ2h0OiA0OHB4ICFpbXBvcnRhbnQ7Cn0KCgovKiCCgMr9yOvBppnapM6086StpLUgKi8KaW5wdXQjdW5pdHMgewpwYWRkaW5nOiAxcHggMHB4Owp9CgovKiCkqtlJpKTO76SrpLSl3KW/pfOkzrTzpK2ktSAqLwppbnB1dCB7CmZvbnQtc2l6ZTogMTdweDsKcGFkZGluZzoxMHB4IDQwcHg7CndpZHRoOiBhdXRvOwpmb250LWZhbWlseToipdKl6aWupc69x6W0IFBybyBXMyIsICJIaXJhZ2lubyBLYWt1IEdvdGhpYyBQcm8iLCAipeGlpKXqpaoiLCBNZWlyeW8sIE9zYWthLCAio82j0yCj0KW0pbelw6WvIiwgIk1TIFBHb3RoaWMiLCBzYW5zLXNlcmlmCn0KCi8qIKG4yczGt6TLpMSkpKTGpM6GlqSkus+k76S7obml3KW/pfOkzrTzpK2ktSovCmZvbnQgaW5wdXQgewpmb250LXNpemU6IDEycHg7CnBhZGRpbmc6MnB4Owp3aWR0aDogMTUwcHg7Cn0KCi8qobjtl8S/33iSa9arsr+31qG5Ki8KLmludmVudG9yeSBpbnB1dHsKZm9udC1zaXplOiAxMnB4OwpiYWNrZ3JvdW5kOiNmZmY7Cn0KCgovKiDtl8S/33iSa9arvHvG2qXVpaml86XIpbWlpKW6Ki8KCnRkLmludmVudG9yeSBmb250e2ZvbnQtc2l6ZToxMnB4O2NvbG9yOiNmZjAwMDA7fQoKLyog7ZfEv994kmvWqyovCgojcmFrdXRlbkxpbWl0ZWRJZF9hcm91bmRDYXJ0IHNlbGVjdCB7Cm1hcmdpbjo1cHggMHB4OwpwYWRkaW5nOjVweDsKfQoKI3Jha3V0ZW5MaW1pdGVkSWRfYXJvdW5kQ2FydCBzcGFuLmNob2ljZTpiZWZvcnsKY29udGVudDogdXJsKCk7Cn0KCi8qINe3j76lq6lgpcjPwqSrpOmkzrjfpLUqLwoKZGl2ICNzY3JvbGxVcHsKYm90dG9tOiAzMHB4Owp9CgovKiCYU8zsl8rL96XQqWChoaWtqWCl76lgpckgKi8KCmRpdiNIZWFkZXJLZXl3b3JkIHsKCXBvc2l0aW9uOmFic29sdXRlOwoJdG9wOjUwcHg7LyrSu7esyc+kq6TppM7Ou9bDKi8KCWxlZnQ6MzBweDsvKtfztsukq6TppM7Ou9bDKi8KfQoKZGl2I0hlYWRlcktleXdvcmQgc3BhbiB7CgliYWNrZ3JvdW5kOiAjYmYwMDAwOwoJY29sb3I6I2ZmZjsKCWZvbnQtd2VpZ2h0OmJvbGQ7CglwYWRkaW5nOjJweCA1cHg7Cn0KCmRpdiNIZWFkZXJLZXl3b3JkIGEgewoJY29sb3I6IzAwNDRDQzsKfQoKPC9zdHlsZT4KCgoKCjwhLS0gpaKlr6W7pbWl6qlgpdGpYKXEpaulxqW0peqpYCAtLT4KPGRpdiBhbGlnbj0iY2VudGVyIj4KPGltZyBzcmM9Imh0dHA6Ly9pbWFnZS5yYWt1dGVuLmNvLmpwL3Bpbmttb25rZXkvY2FiaW5ldC9jYXRlZ29yeS9obTc2MC5qcGciIGFsdD0ipaKlr6W7pbWl6qlgpdGpYKXE0rvTRaTYIj4KPC9kaXY+CjxkaXYgYWxpZ249ImNlbnRlciI+Cgo8L2Rpdj4KPCEtLSAvpaKlr6W7pbWl6qlgpdGpYKXEpaulxqW0peqpYCAtLT4KCgo8IS0tIKW3peelw6XUpfOlsKWspaSlySAtLT4KCjwhLS0gL6W3peelw6XUpfOlsKWspaSlySAtLT4KCgoKCgo8ZGl2IGlkPSJIZWFkZXJLZXl3b3JkIj4KPHNwYW4+16LEv6TOpa2pYKXvqWClyTwvc3Bhbj4Kpaul66XIpcqpYKW4peUKuO+k0qTiCqWzqWClyqlgvfC+3wqlt6XqpbOl89DNIKXspbil8wrH0KTqzsTX1iDEvtF1IKTSpOmkrKTKCqW/pcOlu6XrCqXcpb+l8yCl6aXDpdel1qXspbkKPC9kaXY+CjwhLS0gmFPM7JfKy/el0KlgoaGlralgpe+pYKXJRU5EIC0tPg==,pe+l86W1paSlyaW5pcalw6XBpeyltqlgpbOpYKXJILjvpNKk4syrzeggpaSlqKXtqWCltKlgpeulySDH0KTqidOk6iA1MGNthWfOuyiloqXzpcalo6lgpa/VeymhvqTmpKal0aWxpcOlyEGMnY/qob+jusrW3L+yxMHPpM6kqrXqIKWipfOlt6XjpfOlxrmkt78=,uO+8fiDNqNicpeyluKXzILLEwc+l7KW4pfMg0M2l7KW4pfMgpdGpYKXEpc+l86XJpeGlpKXJILLEwc8g2JyJ06XPpfOlyaXhpaSlySCloqWvpbultaXqqWAgssTBz6XPpfOlyaXhpaSlySCyxMHPILyksLKlz6Xzpcml4aWkpckgpdSloqW5ILLEwc+lz6Xzpcml4aWkpckgpdal7KW5peylw6XIILLEwc+lq6Xrpcilyqlgpbil5SCyxMHPIM2o2Jylt6XqpbOl86XiqWCl66XJIKXspbil87jvvH4gILG+uO+477x+ILyapKSl7KW2qWCls6lgpckgMW1tpeyltqlgpbOpYKXJIMa9paKlr6W7pbWl6qlgIKXRqWClxCDNqNicIKSqpLmkuaThpaKlr6W7pbWl6qlgIL3wvt+l1KWipbkgzKi8iKXUpaKluSClx6Wjpbml16XspaSl7KW4pfMgt+LI6yDL2LLEpe+l86W1paSlyaW5pcalw6XBpeyltqlgpbOpYKXJILjvpNKk4syrzeggpaSlqKXtqWCltKlgpeulySDH0KTqidOk6iA1MGNthWfOuyiloqXzpcalo6lgpa/VeymhvqTmpKal0aWxpcOlyEGMnY/qob8=,ob6k5qSmpdGlsaXDpchBjJ2P6qG/oaOl76XzpbWlpKXJpbmlxqXDpcGl7KW2qWCls6lgpckguO+k0qTizKvN6CClpKWope2pYKW0qWCl66XJIMfQpOqJ06TqIDUwY22FZ867KKWipfOlxqWjqWClr9V7KaG+pOakpqXRpbGlw6XIQYydj+qhvw==[rn]
25-29653,aHR0cDovL3RzaG9wLnIxMHMuanAvcGlua21vbmtleS9jYWJpbmV0L2hhbmRtYWRlL2htLTItNTEuanBnP2ZpdGluPTcwMDo3MDA=,MzY1LjYwMDA=,,yNXTw8a362rYmz/OxLe/vt8/ytbcvyA+IMrW3L8/pa+l6aXVpcg/yfq12CA+ILLDv3CyxMHPID4gpNKk4g==,pe+l86W1paSlyaW5pcalw6XBpeyltqlgpbOpYKXJILjvpNKk4syrzeggpa+l7aWz1XvQzdG6pLcgs+DXzyDH0KTqidOk6iA1MGNthWfOuyjFwLPm7pDVeymhvqTmpKal0aWxpcOlyEGMnY/qob8=,ob6k5qSmpdGlsaXDpchBjJ2P6qG/,PGRpdiBhbGlnbj0iY2VudGVyIj4KPHRhYmxlIGNlbGxzcGFjaW5nPSIyIiBiZ2NvbG9yPSIjZmYwMDAwIiBjZWxscGFkZGluZz0iNSIgd2lkdGg9IjEwMCUiPgo8dGJvZHk+PHRyPgogICAgICA8dGQgYmdjb2xvcj0iI2ZmZmZmZiI+PHA+PGZvbnQgc2l6ZT0iLTEiIGNvbG9yPSIjZmYwMDAwIj6hvqS02Y/I68ewpMux2KS6pKrVaaTfpK+kwKS1pKShvzxicj4KICAgICAgICAgICAgPGJyPgogICAgICAgIDwvZm9udD48Zm9udCBzaXplPSItMSIgY29sb3I9IiMwMDAwMDAiPqH5MaGisb7Rdca3pM81MGNthWfOu6THpM7YnInTpMekuaGjPGJyPgogICAgICAgIDxicj4KICAgICAgICChvsD9o7qhuDFNobnZj8jrz6PN+6TOiPa6z6G/oaHXos7Eyv3Bv6G4o7KhuaTIpMqk6qTepLmhozxicj4KICAgICAgICA8YnI+CiAgICAgICAgofnJzMa3pM7M2NDUpMuk6KTqoaK476TypMSkyqSuus+k76S7pL++QKSuxL+krLqspN6k7KTriPa6z6SspLSktqSkpN6kuaGjPGJyPgogICAgICAgIMzYpMuhotF9yv3Bv6TypLTXos7E7ZSkraTepLekv4j2us+kz6Gi1sKkt7e9pMqkpMnMxrekyKTKpOqk3qS5oaM8YnI+CiAgICAgICAgPGJyPgogICAgICAgIKH5MqGipceltqWkpfOkzqSipOvJzMa3pM+lq6XDpcikuaTr6UyktaTLpOikw6TGsfqk5MSjmJSkzrP2t72krInkpO+kw6TGpK2k3qS5oaM8YnI+CiAgICAgICAgPGJyPgogICAgICAgIKH5sb6476TyyrnTw6S3pMakpKTepLmkzqTHtsDM2KTOz+Ok6qSspLSktqSkpN6kuaGjpN6kv6GiPC9mb250Pjxmb250IHNpemU9Ii0xIiBjb2xvcj0iIzAwMDAwMCI+0KGktaTKpbel76Tkpeil7KGipbmlxqXDpcGkzsLSpOy1yKSspLSktqSkpN6kuaGjPGJyPgogICAgICAgIDxicj4KICAgICAgICAgIKH5M6GipL2kzsv7oaKktLK7w/ekyrXjoaKkqoaWpKS6z6TvpLukz8/C05uk3qTHoaKkqoaWpKS6z6TvpLukr6TApLWkpKGjPGJyPgogICAgICAgICAgob6kqoaWpKS6z6TvpLvPyKO6MDc0Mi0zMC00NDY3ob88L2ZvbnQ+PGJyPgogICAgICAgICAgICA8YnI+CiAgICAgICAgICAgIDxmb250IHNpemU9Ii0xIiBjb2xvcj0iI2ZmMDAwMCI+0+ik4aGiyc/Tm8TayN2k8qS0wcuz0KTOyc+hoqS016LOxO2UpLGk3qS5pOikpqGipOik7aS3pK+kqu6KpKSkpKS/pLek3qS5oaM8L2ZvbnQ+PC9wPgo8L3RkPgo8L3RyPjwvdGJvZHk+PC90YWJsZT48L2Rpdj4KPGJyPjxicj4KPGRpdiBjbGFzcz0iaXRlbURlc2MiPgo8ZGl2IGNsYXNzPSJpdGVtVGFibGUiPgoKPHRhYmxlPgo8Y2FwdGlvbj7JzMa3pMukxKSkpMY8L2NhcHRpb24+Cjx0cj4KPHRoPjxzcGFuPsnMxrfD+zwvc3Bhbj48L3RoPgo8dGQ+pc+l86XJpeGlpKXJ08PGtyDFwLPm7pCl16XqpfOlyCCl76XzpbWlpKXJpbmlxqXDpcGl7KW2qWCls6lgpcmhobjvpNKk4i8gpa+l7aWz1XvQzdG6pLehobPg188gx9Ck6onTpOqjqDUwY22FZ867KTwvdGQ+CjwvdHI+Cjx0cj4KPHRoPjxzcGFuPqW1paSluii8cyk8L3NwYW4+PC90aD4KPHRkPii8cykgt/mjujguNW1tL7rxpN+jujQuNW1tPC90ZD4KPC90cj4KPHRyPgo8dGg+PHNwYW4+y9iyxDwvc3Bhbj48L3RoPgo8dGQ+sb647zwvdGQ+CjwvdHI+Cjx0cj4KPHRoPjxzcGFuPtStrmK5+jwvc3Bhbj48L3RoPgo8dGQ+paSl86XJPC90ZD4KPC90cj4KPHRyPgo8dGg+PHNwYW4+guShob+8PC9zcGFuPjwvdGg+Cjx0ZCBzdHlsZT0iY29sb3I6ICNmMDA7Ij4gofml0aW9pbOl86TOrWi+s9e0m3Kky6TopOqhooxn60ikzqSqyaukyK6QpMqk64j2us+krKS0pLakpKTepLmkzqTH0+ik4aS0wcuz0KSvpMCktaSkpN6ku6GjPGJyIC8+CiAgICAgICAgICCh+be1xrehor27k1HA7dPJpM6Mnc/zpMikz6TKpOqk3qS7pPOho9PopOGktMHLs9Ckr6TApLWkpKTepLuhozwvdGQ+CjwvdHI+CjwvdGFibGU+CjwvZGl2Pgo8L2Rpdj48c3R5bGU+CgovKsnMxrel2qlgpbgqLwoKc3Bhbi5wcmljZTEgewoJZGlzcGxheTogYmxvY2sgIWltcG9ydGFudDsKCWZvbnQtc2l6ZTogMTJweCAhaW1wb3J0YW50OwoJY29sb3I6ICNmZjAwMDAgIWltcG9ydGFudDsKCXZlcnRpY2FsLWFsaWduOiBib3R0b20gIWltcG9ydGFudDsKCWxpbmUtaGVpZ2h0OiAxLjJlbSAhaW1wb3J0YW50OwoJcGFkZGluZy10b3A6IDAuNmVtICFpbXBvcnRhbnQ7CglwYWRkaW5nLXJpZ2h0OiAxZW0gIWltcG9ydGFudDsKfQoKc3Bhbi5wcmljZTIgewoJZm9udC1zaXplOiAyMHB4ICFpbXBvcnRhbnQ7Cglmb250LXdlaWdodDogYm9sZCAhaW1wb3J0YW50OwoJY29sb3I6ICNmZjAwMDAgIWltcG9ydGFudDsKCXZlcnRpY2FsLWFsaWduOiBib3R0b20gIWltcG9ydGFudDsKCWxpbmUtaGVpZ2h0OiAxLjJlbSFpbXBvcnRhbnQ7Cn0KCi8qIKSqmt2ky8jrpOrJzMa3tcflaLutz/GJ5Lj8ICovCmJvZHkgI3Jha3V0ZW5MaW1pdGVkSWRfYXJvdW5kQ2FydCBkaXYuYmttewp3aWR0aDogMzA2cHggIWltcG9ydGFudDsKfQpib2R5IGRpdi5ib29rbWFya0FyZWEgZGl2LmJrbSBhLmFkZEJrbSBzcGFuLmJrbVN0YXIgewp3aWR0aDogMzA2cHggIWltcG9ydGFudDsKaGVpZ2h0OiA0OHB4ICFpbXBvcnRhbnQ7CmJhY2tncm91bmQ6IHVybChodHRwOi8vaW1hZ2UucmFrdXRlbi5jby5qcC9waW5rbW9ua2V5L2NhYmluZXQvZmF2X2J1dHRvbl9hZnRlcjIuZ2lmKSBuby1yZXBlYXQgMCAwICFpbXBvcnRhbnQ7Cn0KYm9keSBkaXYuYm9va21hcmtBcmVhIGRpdi5ia20gYS5hZGRCa20gewp3aWR0aDogMzA2cHggIWltcG9ydGFudDsKaGVpZ2h0OiA0OHB4ICFpbXBvcnRhbnQ7Cn0KCi8qIKSqmt2ky8jrpOqlt6XnpcOl17XH5Wi7rc/xieS4/CAqLwpib2R5ICNyYWt1dGVuTGltaXRlZElkX2Fyb3VuZENhcnQgZGl2LnNob3BCa217CndpZHRoOiAzMDZweCAhaW1wb3J0YW50OwpwYWRkaW5nLWxlZnQ6IDBweCAhaW1wb3J0YW50Owp9CmJvZHkgZGl2LnNob3BCb29rbWFya0FyZWEgZGl2LnNob3BCa20gYS5hZGRTaG9wQmttIHNwYW4uc2hvcEJrbVN0YXIgewp3aWR0aDogMzA2cHggIWltcG9ydGFudDsKaGVpZ2h0OiA0OHB4ICFpbXBvcnRhbnQ7CmJhY2tncm91bmQ6IHVybChodHRwOi8vaW1hZ2UucmFrdXRlbi5jby5qcC9waW5rbW9ua2V5L2NhYmluZXQvZmF2c2hvcF9idXR0b25fYWZ0ZXIuZ2lmKSBuby1yZXBlYXQgMCAwICFpbXBvcnRhbnQ7Cn0KYm9keSBkaXYuc2hvcEJvb2ttYXJrQXJlYSBkaXYuc2hvcEJrbSBhLmFkZFNob3BCa20gewp3aWR0aDogMzA2cHggIWltcG9ydGFudDsKaGVpZ2h0OiA0OHB4ICFpbXBvcnRhbnQ7Cn0KCgovKiCCgMr9yOvBppnapM6086StpLUgKi8KaW5wdXQjdW5pdHMgewpwYWRkaW5nOiAxcHggMHB4Owp9CgovKiCkqtlJpKTO76SrpLSl3KW/pfOkzrTzpK2ktSAqLwppbnB1dCB7CmZvbnQtc2l6ZTogMTdweDsKcGFkZGluZzoxMHB4IDQwcHg7CndpZHRoOiBhdXRvOwpmb250LWZhbWlseToipdKl6aWupc69x6W0IFBybyBXMyIsICJIaXJhZ2lubyBLYWt1IEdvdGhpYyBQcm8iLCAipeGlpKXqpaoiLCBNZWlyeW8sIE9zYWthLCAio82j0yCj0KW0pbelw6WvIiwgIk1TIFBHb3RoaWMiLCBzYW5zLXNlcmlmCn0KCi8qIKG4yczGt6TLpMSkpKTGpM6GlqSkus+k76S7obml3KW/pfOkzrTzpK2ktSovCmZvbnQgaW5wdXQgewpmb250LXNpemU6IDEycHg7CnBhZGRpbmc6MnB4Owp3aWR0aDogMTUwcHg7Cn0KCi8qobjtl8S/33iSa9arsr+31qG5Ki8KLmludmVudG9yeSBpbnB1dHsKZm9udC1zaXplOiAxMnB4OwpiYWNrZ3JvdW5kOiNmZmY7Cn0KCgovKiDtl8S/33iSa9arvHvG2qXVpaml86XIpbWlpKW6Ki8KCnRkLmludmVudG9yeSBmb250e2ZvbnQtc2l6ZToxMnB4O2NvbG9yOiNmZjAwMDA7fQoKLyog7ZfEv994kmvWqyovCgojcmFrdXRlbkxpbWl0ZWRJZF9hcm91bmRDYXJ0IHNlbGVjdCB7Cm1hcmdpbjo1cHggMHB4OwpwYWRkaW5nOjVweDsKfQoKI3Jha3V0ZW5MaW1pdGVkSWRfYXJvdW5kQ2FydCBzcGFuLmNob2ljZTpiZWZvcnsKY29udGVudDogdXJsKCk7Cn0KCi8qINe3j76lq6lgpcjPwqSrpOmkzrjfpLUqLwoKZGl2ICNzY3JvbGxVcHsKYm90dG9tOiAzMHB4Owp9CgovKiCYU8zsl8rL96XQqWChoaWtqWCl76lgpckgKi8KCmRpdiNIZWFkZXJLZXl3b3JkIHsKCXBvc2l0aW9uOmFic29sdXRlOwoJdG9wOjUwcHg7LyrSu7esyc+kq6TppM7Ou9bDKi8KCWxlZnQ6MzBweDsvKtfztsukq6TppM7Ou9bDKi8KfQoKZGl2I0hlYWRlcktleXdvcmQgc3BhbiB7CgliYWNrZ3JvdW5kOiAjYmYwMDAwOwoJY29sb3I6I2ZmZjsKCWZvbnQtd2VpZ2h0OmJvbGQ7CglwYWRkaW5nOjJweCA1cHg7Cn0KCmRpdiNIZWFkZXJLZXl3b3JkIGEgewoJY29sb3I6IzAwNDRDQzsKfQoKPC9zdHlsZT4KCgoKCjwhLS0gpaKlr6W7pbWl6qlgpdGpYKXEpaulxqW0peqpYCAtLT4KPGRpdiBhbGlnbj0iY2VudGVyIj4KPGltZyBzcmM9Imh0dHA6Ly9pbWFnZS5yYWt1dGVuLmNvLmpwL3Bpbmttb25rZXkvY2FiaW5ldC9jYXRlZ29yeS9obTc2MC5qcGciIGFsdD0ipaKlr6W7pbWl6qlgpdGpYKXE0rvTRaTYIj4KPC9kaXY+CjxkaXYgYWxpZ249ImNlbnRlciI+Cgo8L2Rpdj4KPCEtLSAvpaKlr6W7pbWl6qlgpdGpYKXEpaulxqW0peqpYCAtLT4KCgo8IS0tIKW3peelw6XUpfOlsKWspaSlySAtLT4KCjwhLS0gL6W3peelw6XUpfOlsKWspaSlySAtLT4KCgoKCgo8ZGl2IGlkPSJIZWFkZXJLZXl3b3JkIj4KPHNwYW4+16LEv6TOpa2pYKXvqWClyTwvc3Bhbj4Kpaul66XIpcqpYKW4peUKuO+k0qTiCqWzqWClyqlgvfC+3wqlt6XqpbOl89DNIKXspbil8wrH0KTqzsTX1iDEvtF1IKTSpOmkrKTKCqW/pcOlu6XrCqXcpb+l8yCl6aXDpdel1qXspbkKPC9kaXY+CjwhLS0gmFPM7JfKy/el0KlgoaGlralgpe+pYKXJRU5EIC0tPg==,pe+l86W1paSlyaW5pcalw6XBpeyltqlgpbOpYKXJILjvpNKk4syrzeggpa+l7aWz1XvQzdG6pLcgs+DXzyDH0KTqidOk6iA1MGNthWfOuyjFwLPm7pDVeymhvqTmpKal0aWxpcOlyEGMnY/qob+jusrW3L+yxMHPpM6kqrXqIKWipfOlt6XjpfOlxrmkt78=,uO+8fiDNqNicpeyluKXzILLEwc+l7KW4pfMg0M2l7KW4pfMgpdGpYKXEpc+l86XJpeGlpKXJILLEwc8g2JyJ06XPpfOlyaXhpaSlySCloqWvpbultaXqqWAgssTBz6XPpfOlyaXhpaSlySCyxMHPILyksLKlz6Xzpcml4aWkpckgpdSloqW5ILLEwc+lz6Xzpcml4aWkpckgpdal7KW5peylw6XIILLEwc+lq6Xrpcilyqlgpbil5SCyxMHPIM2o2Jylt6XqpbOl86XiqWCl66XJIKXspbil87jvvH4gILG+uO+477x+ILyapKSl7KW2qWCls6lgpckgMW1tpeyltqlgpbOpYKXJIMa9paKlr6W7pbWl6qlgIKXRqWClxCDNqNicIKSqpLmkuaThpaKlr6W7pbWl6qlgIL3wvt+l1KWipbkgzKi8iKXUpaKluSClx6Wjpbml16XspaSl7KW4pfMgt+LI6yDL2LLEpe+l86W1paSlyaW5pcalw6XBpeyltqlgpbOpYKXJILjvpNKk4syrzeggpa+l7aWz1XvQzdG6pLcgs+DXzyDH0KTqidOk6iA1MGNthWfOuyjFwLPm7pDVeymhvqTmpKal0aWxpcOlyEGMnY/qob8=,ob6k5qSmpdGlsaXDpchBjJ2P6qG/oaOl76XzpbWlpKXJpbmlxqXDpcGl7KW2qWCls6lgpckguO+k0qTizKvN6CClr6XtpbPVe9DN0bqktyCz4NfPIMfQpOqJ06TqIDUwY22FZ867KMXAs+bukNV7KaG+pOakpqXRpbGlw6XIQYydj+qhvw==[rn]
25-29654,aHR0cDovL3RzaG9wLnIxMHMuanAvcGlua21vbmtleS9jYWJpbmV0L2hhbmRtYWRlL2htLTItNTUuanBnP2ZpdGluPTcwMDo3MDA=,MzY1LjYwMDA=,,yNXTw8a362rYmz/OxLe/vt8/ytbcvyA+IMrW3L8/pa+l6aXVpcg/yfq12CA+ILLDv3CyxMHPID4gpNKk4g==,pe+l86W1paSlyaW5pcalw6XBpeyltqlgpbOpYKXJILjvpNKk4syrzeggpeylqqXRqWAgsaqlySC7xiDH0KTqidOk6iA1MGNthWfOuyjFwLPm7pDVeymhvqTmpKal0aWxpcOlyEGMnY/qob8=,ob6k5qSmpdGlsaXDpchBjJ2P6qG/,PGRpdiBhbGlnbj0iY2VudGVyIj4KPHRhYmxlIGNlbGxzcGFjaW5nPSIyIiBiZ2NvbG9yPSIjZmYwMDAwIiBjZWxscGFkZGluZz0iNSIgd2lkdGg9IjEwMCUiPgo8dGJvZHk+PHRyPgogICAgICA8dGQgYmdjb2xvcj0iI2ZmZmZmZiI+PHA+PGZvbnQgc2l6ZT0iLTEiIGNvbG9yPSIjZmYwMDAwIj6hvqS02Y/I68ewpMux2KS6pKrVaaTfpK+kwKS1pKShvzxicj4KICAgICAgICAgICAgPGJyPgogICAgICAgIDwvZm9udD48Zm9udCBzaXplPSItMSIgY29sb3I9IiMwMDAwMDAiPqH5MaGisb7Rdca3pM81MGNthWfOu6THpM7YnInTpMekuaGjPGJyPgogICAgICAgIDxicj4KICAgICAgICChvsD9o7qhuDFNobnZj8jrz6PN+6TOiPa6z6G/oaHXos7Eyv3Bv6G4o7KhuaTIpMqk6qTepLmhozxicj4KICAgICAgICA8YnI+CiAgICAgICAgofnJzMa3pM7M2NDUpMuk6KTqoaK476TypMSkyqSuus+k76S7pL++QKSuxL+krLqspN6k7KTriPa6z6SspLSktqSkpN6kuaGjPGJyPgogICAgICAgIMzYpMuhotF9yv3Bv6TypLTXos7E7ZSkraTepLekv4j2us+kz6Gi1sKkt7e9pMqkpMnMxrekyKTKpOqk3qS5oaM8YnI+CiAgICAgICAgPGJyPgogICAgICAgIKH5MqGipceltqWkpfOkzqSipOvJzMa3pM+lq6XDpcikuaTr6UyktaTLpOikw6TGsfqk5MSjmJSkzrP2t72krInkpO+kw6TGpK2k3qS5oaM8YnI+CiAgICAgICAgPGJyPgogICAgICAgIKH5sb6476TyyrnTw6S3pMakpKTepLmkzqTHtsDM2KTOz+Ok6qSspLSktqSkpN6kuaGjpN6kv6GiPC9mb250Pjxmb250IHNpemU9Ii0xIiBjb2xvcj0iIzAwMDAwMCI+0KGktaTKpbel76Tkpeil7KGipbmlxqXDpcGkzsLSpOy1yKSspLSktqSkpN6kuaGjPGJyPgogICAgICAgIDxicj4KICAgICAgICAgIKH5M6GipL2kzsv7oaKktLK7w/ekyrXjoaKkqoaWpKS6z6TvpLukz8/C05uk3qTHoaKkqoaWpKS6z6TvpLukr6TApLWkpKGjPGJyPgogICAgICAgICAgob6kqoaWpKS6z6TvpLvPyKO6MDc0Mi0zMC00NDY3ob88L2ZvbnQ+PGJyPgogICAgICAgICAgICA8YnI+CiAgICAgICAgICAgIDxmb250IHNpemU9Ii0xIiBjb2xvcj0iI2ZmMDAwMCI+0+ik4aGiyc/Tm8TayN2k8qS0wcuz0KTOyc+hoqS016LOxO2UpLGk3qS5pOikpqGipOik7aS3pK+kqu6KpKSkpKS/pLek3qS5oaM8L2ZvbnQ+PC9wPgo8L3RkPgo8L3RyPjwvdGJvZHk+PC90YWJsZT48L2Rpdj4KPGJyPjxicj4KPGRpdiBjbGFzcz0iaXRlbURlc2MiPgo8ZGl2IGNsYXNzPSJpdGVtVGFibGUiPgoKPHRhYmxlPgo8Y2FwdGlvbj7JzMa3pMukxKSkpMY8L2NhcHRpb24+Cjx0cj4KPHRoPjxzcGFuPsnMxrfD+zwvc3Bhbj48L3RoPgo8dGQ+pc+l86XJpeGlpKXJ08PGtyDFwLPm7pCl16XqpfOlyCCl76XzpbWlpKXJpbmlxqXDpcGl7KW2qWCls6lgpcmhobjvpNKk4i+hoaXspaql0algL7GqpcmhobvGIMfQpOqJ06Tqo6g1MGNthWfOuyk8L3RkPgo8L3RyPgo8dHI+Cjx0aD48c3Bhbj6ltaWkpboovHMpPC9zcGFuPjwvdGg+Cjx0ZD4ovHMpILf5o7o5bW0vuvGk36O6NS41bW08L3RkPgo8L3RyPgo8dHI+Cjx0aD48c3Bhbj7L2LLEPC9zcGFuPjwvdGg+Cjx0ZD6xvrjvPC90ZD4KPC90cj4KPHRyPgo8dGg+PHNwYW4+1K2uYrn6PC9zcGFuPjwvdGg+Cjx0ZD6lpKXzpck8L3RkPgo8L3RyPgo8dHI+Cjx0aD48c3Bhbj6C5KGhv7w8L3NwYW4+PC90aD4KPHRkIHN0eWxlPSJjb2xvcjogI2YwMDsiPiCh+aXRpb2ls6XzpM6taL6z17SbcqTLpOik6qGijGfrSKTOpKrJq6TIrpCkyqTriPa6z6SspLSktqSkpN6kuaTOpMfT6KThpLTBy7PQpK+kwKS1pKSk3qS7oaM8YnIgLz4KICAgICAgICAgIKH5t7XGt6GivbuTUcDt08mkzoydz/OkyKTPpMqk6qTepLuk86Gj0+ik4aS0wcuz0KSvpMCktaSkpN6ku6GjPC90ZD4KPC90cj4KPC90YWJsZT4KPC9kaXY+CjwvZGl2PjxzdHlsZT4KCi8qyczGt6XaqWCluCovCgpzcGFuLnByaWNlMSB7CglkaXNwbGF5OiBibG9jayAhaW1wb3J0YW50OwoJZm9udC1zaXplOiAxMnB4ICFpbXBvcnRhbnQ7Cgljb2xvcjogI2ZmMDAwMCAhaW1wb3J0YW50OwoJdmVydGljYWwtYWxpZ246IGJvdHRvbSAhaW1wb3J0YW50OwoJbGluZS1oZWlnaHQ6IDEuMmVtICFpbXBvcnRhbnQ7CglwYWRkaW5nLXRvcDogMC42ZW0gIWltcG9ydGFudDsKCXBhZGRpbmctcmlnaHQ6IDFlbSAhaW1wb3J0YW50Owp9CgpzcGFuLnByaWNlMiB7Cglmb250LXNpemU6IDIwcHggIWltcG9ydGFudDsKCWZvbnQtd2VpZ2h0OiBib2xkICFpbXBvcnRhbnQ7Cgljb2xvcjogI2ZmMDAwMCAhaW1wb3J0YW50OwoJdmVydGljYWwtYWxpZ246IGJvdHRvbSAhaW1wb3J0YW50OwoJbGluZS1oZWlnaHQ6IDEuMmVtIWltcG9ydGFudDsKfQoKLyogpKqa3aTLyOuk6snMxre1x+Vou63P8YnkuPwgKi8KYm9keSAjcmFrdXRlbkxpbWl0ZWRJZF9hcm91bmRDYXJ0IGRpdi5ia217CndpZHRoOiAzMDZweCAhaW1wb3J0YW50Owp9CmJvZHkgZGl2LmJvb2ttYXJrQXJlYSBkaXYuYmttIGEuYWRkQmttIHNwYW4uYmttU3RhciB7CndpZHRoOiAzMDZweCAhaW1wb3J0YW50OwpoZWlnaHQ6IDQ4cHggIWltcG9ydGFudDsKYmFja2dyb3VuZDogdXJsKGh0dHA6Ly9pbWFnZS5yYWt1dGVuLmNvLmpwL3Bpbmttb25rZXkvY2FiaW5ldC9mYXZfYnV0dG9uX2FmdGVyMi5naWYpIG5vLXJlcGVhdCAwIDAgIWltcG9ydGFudDsKfQpib2R5IGRpdi5ib29rbWFya0FyZWEgZGl2LmJrbSBhLmFkZEJrbSB7CndpZHRoOiAzMDZweCAhaW1wb3J0YW50OwpoZWlnaHQ6IDQ4cHggIWltcG9ydGFudDsKfQoKLyogpKqa3aTLyOuk6qW3peelw6XXtcflaLutz/GJ5Lj8ICovCmJvZHkgI3Jha3V0ZW5MaW1pdGVkSWRfYXJvdW5kQ2FydCBkaXYuc2hvcEJrbXsKd2lkdGg6IDMwNnB4ICFpbXBvcnRhbnQ7CnBhZGRpbmctbGVmdDogMHB4ICFpbXBvcnRhbnQ7Cn0KYm9keSBkaXYuc2hvcEJvb2ttYXJrQXJlYSBkaXYuc2hvcEJrbSBhLmFkZFNob3BCa20gc3Bhbi5zaG9wQmttU3RhciB7CndpZHRoOiAzMDZweCAhaW1wb3J0YW50OwpoZWlnaHQ6IDQ4cHggIWltcG9ydGFudDsKYmFja2dyb3VuZDogdXJsKGh0dHA6Ly9pbWFnZS5yYWt1dGVuLmNvLmpwL3Bpbmttb25rZXkvY2FiaW5ldC9mYXZzaG9wX2J1dHRvbl9hZnRlci5naWYpIG5vLXJlcGVhdCAwIDAgIWltcG9ydGFudDsKfQpib2R5IGRpdi5zaG9wQm9va21hcmtBcmVhIGRpdi5zaG9wQmttIGEuYWRkU2hvcEJrbSB7CndpZHRoOiAzMDZweCAhaW1wb3J0YW50OwpoZWlnaHQ6IDQ4cHggIWltcG9ydGFudDsKfQoKCi8qIIKAyv3I68GmmdqkzrTzpK2ktSAqLwppbnB1dCN1bml0cyB7CnBhZGRpbmc6IDFweCAwcHg7Cn0KCi8qIKSq2UmkpM7vpKuktKXcpb+l86TOtPOkraS1ICovCmlucHV0IHsKZm9udC1zaXplOiAxN3B4OwpwYWRkaW5nOjEwcHggNDBweDsKd2lkdGg6IGF1dG87CmZvbnQtZmFtaWx5OiKl0qXppa6lzr3HpbQgUHJvIFczIiwgIkhpcmFnaW5vIEtha3UgR290aGljIFBybyIsICKl4aWkpeqlqiIsIE1laXJ5bywgT3Nha2EsICKjzaPTIKPQpbSlt6XDpa8iLCAiTVMgUEdvdGhpYyIsIHNhbnMtc2VyaWYKfQoKLyogobjJzMa3pMukxKSkpMakzoaWpKS6z6TvpLuhuaXcpb+l86TOtPOkraS1Ki8KZm9udCBpbnB1dCB7CmZvbnQtc2l6ZTogMTJweDsKcGFkZGluZzoycHg7CndpZHRoOiAxNTBweDsKfQoKLyqhuO2XxL/feJJr1quyv7fWobkqLwouaW52ZW50b3J5IGlucHV0ewpmb250LXNpemU6IDEycHg7CmJhY2tncm91bmQ6I2ZmZjsKfQoKCi8qIO2XxL/feJJr1qu8e8bapdWlqaXzpciltaWkpboqLwoKdGQuaW52ZW50b3J5IGZvbnR7Zm9udC1zaXplOjEycHg7Y29sb3I6I2ZmMDAwMDt9CgovKiDtl8S/33iSa9arKi8KCiNyYWt1dGVuTGltaXRlZElkX2Fyb3VuZENhcnQgc2VsZWN0IHsKbWFyZ2luOjVweCAwcHg7CnBhZGRpbmc6NXB4Owp9CgojcmFrdXRlbkxpbWl0ZWRJZF9hcm91bmRDYXJ0IHNwYW4uY2hvaWNlOmJlZm9yewpjb250ZW50OiB1cmwoKTsKfQoKLyog17ePvqWrqWClyM/CpKuk6aTOuN+ktSovCgpkaXYgI3Njcm9sbFVwewpib3R0b206IDMwcHg7Cn0KCi8qIJhTzOyXysv3pdCpYKGhpa2pYKXvqWClySAqLwoKZGl2I0hlYWRlcktleXdvcmQgewoJcG9zaXRpb246YWJzb2x1dGU7Cgl0b3A6NTBweDsvKtK7t6zJz6SrpOmkzs671sMqLwoJbGVmdDozMHB4Oy8q1/O2y6SrpOmkzs671sMqLwp9CgpkaXYjSGVhZGVyS2V5d29yZCBzcGFuIHsKCWJhY2tncm91bmQ6ICNiZjAwMDA7Cgljb2xvcjojZmZmOwoJZm9udC13ZWlnaHQ6Ym9sZDsKCXBhZGRpbmc6MnB4IDVweDsKfQoKZGl2I0hlYWRlcktleXdvcmQgYSB7Cgljb2xvcjojMDA0NENDOwp9Cgo8L3N0eWxlPgoKCgoKPCEtLSCloqWvpbultaXqqWCl0algpcSlq6XGpbSl6qlgIC0tPgo8ZGl2IGFsaWduPSJjZW50ZXIiPgo8aW1nIHNyYz0iaHR0cDovL2ltYWdlLnJha3V0ZW4uY28uanAvcGlua21vbmtleS9jYWJpbmV0L2NhdGVnb3J5L2htNzYwLmpwZyIgYWx0PSKloqWvpbultaXqqWCl0algpcTSu9NFpNgiPgo8L2Rpdj4KPGRpdiBhbGlnbj0iY2VudGVyIj4KCjwvZGl2Pgo8IS0tIC+loqWvpbultaXqqWCl0algpcSlq6XGpbSl6qlgIC0tPgoKCjwhLS0gpbel56XDpdSl86WwpaylpKXJIC0tPgoKPCEtLSAvpbel56XDpdSl86WwpaylpKXJIC0tPgoKCgoKCjxkaXYgaWQ9IkhlYWRlcktleXdvcmQiPgo8c3Bhbj7XosS/pM6lralgpe+pYKXJPC9zcGFuPgqlq6Xrpcilyqlgpbil5Qq476TSpOIKpbOpYKXKqWC98L7fCqW3peqls6Xz0M0gpeyluKXzCsfQpOrOxNfWIMS+0XUgpNKk6aSspMoKpb+lw6W7pesKpdylv6XzIKXppcOl16XWpeyluQo8L2Rpdj4KPCEtLSCYU8zsl8rL96XQqWChoaWtqWCl76lgpclFTkQgLS0+,pe+l86W1paSlyaW5pcalw6XBpeyltqlgpbOpYKXJILjvpNKk4syrzeggpeylqqXRqWAgsaqlySC7xiDH0KTqidOk6iA1MGNthWfOuyjFwLPm7pDVeymhvqTmpKal0aWxpcOlyEGMnY/qob+jusrW3L+yxMHPpM6kqrXqIKWipfOlt6XjpfOlxrmkt78=,uO+8fiDNqNicpeyluKXzILLEwc+l7KW4pfMg0M2l7KW4pfMgpdGpYKXEpc+l86XJpeGlpKXJILLEwc8g2JyJ06XPpfOlyaXhpaSlySCloqWvpbultaXqqWAgssTBz6XPpfOlyaXhpaSlySCyxMHPILyksLKlz6Xzpcml4aWkpckgpdSloqW5ILLEwc+lz6Xzpcml4aWkpckgpdal7KW5peylw6XIILLEwc+lq6Xrpcilyqlgpbil5SCyxMHPIM2o2Jylt6XqpbOl86XiqWCl66XJIKXspbil87jvvH4gILG+uO+477x+ILyapKSl7KW2qWCls6lgpckgMW1tpeyltqlgpbOpYKXJIMa9paKlr6W7pbWl6qlgIKXRqWClxCDNqNicIKSqpLmkuaThpaKlr6W7pbWl6qlgIL3wvt+l1KWipbkgzKi8iKXUpaKluSClx6Wjpbml16XspaSl7KW4pfMgt+LI6yDL2LLEpe+l86W1paSlyaW5pcalw6XBpeyltqlgpbOpYKXJILjvpNKk4syrzeggpeylqqXRqWAgsaqlySC7xiDH0KTqidOk6iA1MGNthWfOuyjFwLPm7pDVeymhvqTmpKal0aWxpcOlyEGMnY/qob8=,ob6k5qSmpdGlsaXDpchBjJ2P6qG/oaOl76XzpbWlpKXJpbmlxqXDpcGl7KW2qWCls6lgpckguO+k0qTizKvN6CCl7KWqpdGpYCCxqqXJILvGIMfQpOqJ06TqIDUwY22FZ867KMXAs+bukNV7KaG+pOakpqXRpbGlw6XIQYydj+qhvw==[rn]
25-29655,aHR0cDovL3RzaG9wLnIxMHMuanAvZS1tYWJ1Y2hpL2NhYmluZXQvZnVrdS8wNDEzMjIwNS9icy0xNTI2YS5qcGc/Zml0aW49NzAwOjcwMA==,NzA0LjAwMDA=,,yNXTw8a362rYmz/OxLe/vt8/ytbcvyA+IMrW3L8/pa+l6aXVpcg/yfq12CA+IKWipa+lu6W1peqpYKWvpeml1aXIssTBzyA+IKWipa+ltaXqqWCl0algpcQgPiCkvaTOy/s=,SU5BWlVNQSCxvsaks9akwcrWob6l3algpcHTw6G/,,PGNlbnRlcj48QlI+CjxJTUcgc3JjPSJodHRwOi8vaW1hZ2UucmFrdXRlbi5jby5qcC9lLW1hYnVjaGkvY2FiaW5ldC90ZW5zZW4tbC5qcGciIGJvcmRlcj0iMCI+PEZPTlQgc2l6ZT0iMiI+PEJSPgo8QlI+CjwvRk9OVD48Rk9OVCBzaXplPSIyIj6xvsakMTWj46PtpM6l3algpcHTw7PWpMHK1qGjPEJSPgo8QlI+CqXdqWClwbXIpM6z1qTBytakyzxCUj4KyKGk6s3ipLfX1NPJpMex48D7pMekuaOhPEJSPgo8QlI+CjxCUj4KPC9GT05UPgo8VEFCTEUgYm9yZGVyPSIwIj4KICA8VEJPRFk+CiAgICA8VFI+CiAgICAgIDxURD48SU1HIHNyYz0iaHR0cDovL2ltYWdlLnJha3V0ZW4uY28uanAvZS1tYWJ1Y2hpL2NhYmluZXQvbWluaS1pdG8uanBnIiBib3JkZXI9IjAiPqGhPFNQQU4gY2xhc3M9Iml0ZW1fZGVzYyI+PEZPTlQgY29sb3I9IiMwMDAwMDAiIHNpemU9IjIiPqW1paSluqO6yKvpTLxzMTVjbTxCUj4KICAgICAgoaGhoaGho6i98L7fsr+31rqspOCjqTwvRk9OVD48L1NQQU4+PEJSPgogICAgICA8SU1HIHNyYz0iaHR0cDovL2ltYWdlLnJha3V0ZW4uY28uanAvZS1tYWJ1Y2hpL2NhYmluZXQvbWluaS1pdG8uanBnIiBib3JkZXI9IjAiPqGhPFNQQU4gY2xhc3M9Iml0ZW1fZGVzYyI+PEZPTlQgY29sb3I9IiMwMDAwMDAiIHNpemU9IjIiPrf5o7q8czFjbaGhPEJSPgogICAgICA8L0ZPTlQ+PC9TUEFOPjxJTUcgc3JjPSJodHRwOi8vaW1hZ2UucmFrdXRlbi5jby5qcC9lLW1hYnVjaGkvY2FiaW5ldC9taW5pLWl0by5qcGciIGJvcmRlcj0iMCI+oaE8U1BBTiBjbGFzcz0iaXRlbV9kZXNjIj48Rk9OVCBzaXplPSIyIj7L2LLEo7qxvrjvoaExsb7I6zxCUj4KICAgICAgPC9GT05UPjwvU1BBTj48L1REPgogICAgPC9UUj4KICA8L1RCT0RZPgo8L1RBQkxFPgo8Rk9OVCBzaXplPSIyIj48QlI+CjwvRk9OVD48QlI+CjxJTUcgc3JjPSJodHRwOi8vaW1hZ2UucmFrdXRlbi5jby5qcC9lLW1hYnVjaGkvY2FiaW5ldC90ZW5zZW4tYy5qcGciIGJvcmRlcj0iMCI+oaE8Qj48Rk9OVCBzaXplPSIyIj7LzcHPpM/PwtObpPKktLLO1dXPwqS1pKShoTxJTUcgc3JjPSJodHRwOi8vaW1hZ2UucmFrdXRlbi5jby5qcC9lLW1hYnVjaGkvY2FiaW5ldC90ZW5zZW4tYy5qcGciIGJvcmRlcj0iMCI+PC9GT05UPjwvQj48QlI+CjxCUj4KPFRBQkxFIGJvcmRlcj0iMCIgd2lkdGg9IjI4MCIgaGVpZ2h0PSIxNTIiIHN0eWxlPSdmb250LXNpemUgOiBzbWFsbDtmb250LWZhbWlseSA6ICKjzaPTIKW0pbelw6WvIjt0ZXh0LWFsaWduIDogY2VudGVyO3JpZ2h0IDogaW5oZXJpdDsnPgogIDxUQk9EWT4KICAgIDxUUj4KICAgICAgPFREIGNvbHNwYW49IjMiIHdpZHRoPSIzMzQiPjxJTUcgc3JjPSJodHRwOi8vaW1hZ2UucmFrdXRlbi5jby5qcC9lLW1hYnVjaGkvY2FiaW5ldC9ocC9saW5lLXlva28tc3MuZ2lmIiBib3JkZXI9IjAiPjwvVEQ+CiAgICA8L1RSPgogICAgPFRSPgogICAgICA8VEQgYmdjb2xvcj0iI2ZmZWZkZiIgd2lkdGg9IjgwIj7F5MvNt723qDwvVEQ+CiAgICAgIDxURCBiZ2NvbG9yPSIjZmZlZmRmIiB3aWR0aD0iMTAwIj6ktNeizsSFZ867PC9URD4KICAgICAgPFREIGJnY29sb3I9IiNmZmVmZGYiIHdpZHRoPSIxMDAiPsvNwc88L1REPgogICAgPC9UUj4KICAgIDxUUj4KICAgICAgPFREIGNvbHNwYW49IjMiIHdpZHRoPSIzMzQiPjxJTUcgc3JjPSJodHRwOi8vaW1hZ2UucmFrdXRlbi5jby5qcC9lLW1hYnVjaGkvY2FiaW5ldC9ocC9saW5lLXlva28tc3MuZ2lmIiBib3JkZXI9IjAiPjwvVEQ+CiAgICA8L1RSPgogICAgPFRSPgogICAgICA8VEQgYmdjb2xvcj0iI2ZmZWZkZiIgd2lkdGg9IjgwIj6lzaWzpd2luTwvVEQ+CiAgICAgIDxURCB3aWR0aD0iMTAwIj7A+9PDv8k8L1REPgogICAgICA8VEQgd2lkdGg9IjEwMCI+Mjcwg9I8L1REPgogICAgPC9UUj4KICAgIDxUUj4KICAgICAgPFREIGNvbHNwYW49IjMiIHdpZHRoPSIzMzQiPjxJTUcgc3JjPSJodHRwOi8vaW1hZ2UucmFrdXRlbi5jby5qcC9lLW1hYnVjaGkvY2FiaW5ldC9ocC9saW5lLXlva28tc3MuZ2lmIiBib3JkZXI9IjAiPjwvVEQ+CiAgICA8L1RSPgogICAgPFRSPgogICAgICA8VEQgYmdjb2xvcj0iI2ZmZWZkZiIgd2lkdGg9IjgwIj62qNDOzeI8L1REPgogICAgICA8VEQgd2lkdGg9IjEwMCI+wPvTw7/JPC9URD4KICAgICAgPFREIHdpZHRoPSIxMDAiPjQwMIPSPC9URD4KICAgIDwvVFI+CiAgICA8VFI+CiAgICAgIDxURCBjb2xzcGFuPSIzIiB3aWR0aD0iMzM0Ij48SU1HIHNyYz0iaHR0cDovL2ltYWdlLnJha3V0ZW4uY28uanAvZS1tYWJ1Y2hpL2NhYmluZXQvaHAvbGluZS15b2tvLXNzLmdpZiIgYm9yZGVyPSIwIj48L1REPgogICAgPC9UUj4KICAgIDxUUj4KICAgICAgPFREIGJnY29sb3I9IiNmZmVmZGYiIGhlaWdodD0iMTciIHdpZHRoPSI4MCI+1azF5LHjPC9URD4KICAgICAgPFREIGhlaWdodD0iMTciIHdpZHRoPSIxMDAiPsD708O/yTwvVEQ+CiAgICAgIDxURCBoZWlnaHQ9IjE3IiB3aWR0aD0iMTAwIj41NDCD0qSrNDMyg9I8L1REPgogICAgPC9UUj4KICAgIDxUUj4KICAgICAgPFREIGNvbHNwYW49IjMiIGhlaWdodD0iMTkiIHdpZHRoPSIzMzQiPjxJTUcgc3JjPSJodHRwOi8vaW1hZ2UucmFrdXRlbi5jby5qcC9lLW1hYnVjaGkvY2FiaW5ldC9ocC9saW5lLXlva28tc3MuZ2lmIiBib3JkZXI9IjAiPjwvVEQ+CiAgICA8L1RSPgogIDwvVEJPRFk+CjwvVEFCTEU+CjxCUj4KPFRBQkxFIGJvcmRlcj0iMCI+CiAgPFRCT0RZPgogICAgPFRSPgogICAgICA8VEQ+PEZPTlQgc2l6ZT0iMiI+ofnVrMXkseM0MzKD0qTPlnyxsTaxaKTOpN+kx6GisbG6o7XAPzxCUj4KICAgICAgoaGbX79JP+t4jXWk8rP9pK/L+7FopKw1NDCD0qTIpMqk6qTepLmhozxCUj4KICAgICAgPEJSPgogICAgICCh+cnP05vBz73wpM/NrMnMxrekzoj2us+kx6S5oaM8QlI+CiAgICAgIKGhy/vJzMa3pMikzs2sl3mkz8vNwc+krInkpO+k64j2us+krDxCUj4KICAgICAgoaGktKS2pKSk3qS5pM6kx6S0wcuz0M/CpLWkpKGjPEJSPgogICAgICA8QlI+CiAgICAgIKH5t9aksaTGpLTXos7E7ZSkpKTGpOKwa8vNpM+kqqOxyMuYlDGXeTxCUj4KICAgICAgoaGw/KTOsGvLzaTHpLmho4Rly82kz4ydj+qkt6TGpKqk6qTepLuk86GjPC9GT05UPjwvVEQ+CiAgICA8L1RSPgogIDwvVEJPRFk+CjwvVEFCTEU+CjxCUj4KPEJSPgo8SU1HIHNyYz0iaHR0cDovL2ltYWdlLnJha3V0ZW4uY28uanAvZS1tYWJ1Y2hpL2NhYmluZXQvdGVuc2VuLWMuanBnIiBib3JkZXI9IjAiPqGhPEI+PEZPTlQgc2l6ZT0iMiI+pKqkuaS5pOGloqWkpcal4KGhPElNRyBzcmM9Imh0dHA6Ly9pbWFnZS5yYWt1dGVuLmNvLmpwL2UtbWFidWNoaS9jYWJpbmV0L3RlbnNlbi1jLmpwZyIgYm9yZGVyPSIwIj48L0ZPTlQ+PC9CPjxCUj4KPEJSPgo8SU1HIHNyYz0iaHR0cDovL2ltYWdlLnJha3V0ZW4uY28uanAvZS1tYWJ1Y2hpL2NhYmluZXQvbWluaS1pdG8uanBnIiBib3JkZXI9IjAiPqGhPEZPTlQgc2l6ZT0iMiI+peyltqlg08PK1r9wpKT06TwvRk9OVD48QlI+CjxCUj4KPElNRyBzcmM9Imh0dHA6Ly9pbWFnZS5yYWt1dGVuLmNvLmpwL2UtbWFidWNoaS9jYWJpbmV0L3RlbnNlbi1yLmpwZyIgYm9yZGVyPSIwIj48QlI+CjwvQ0VOVEVSPjxCPjxGT05UIGNvbG9yPXJlZCBzaXplPTI+PElNRyBzcmM9Imh0dHA6Ly9pbWFnZS5yYWt1dGVuLmNvLmpwL2UtbWFidWNoaS9jYWJpbmV0L2hwL2FzdS5naWYiIGJvcmRlcj0iMCI+IDwvRk9OVD48L0I+PEZPTlQgc2l6ZT0yPoxnterFbqTI1NqO7Lmy09Ckzp7poaKlzaXDpcilt6XnpcOl16TH2JyJ06S3pMakpKTGpOKMZ7XqxW6kx4nTpOykxqS3pN6kw6S/iPa6z6GiPEJSPgqhoSDYnInT1tCkx6Tiyeqkt9RVpLSktqSkpN6ku6TzpKyhoqS016LOxKTOpb+lpKXfpfOlsKTLpOik6sa3x9Ck7KTOiPa6z6SspLSktqSkpN6kuaGjPEJSPgqhoaS9pM7rSKTPoaKl4algpeu1yKTHpLTfQr1qpLWku6TG7ZSkraTepLmkzqTHpLTBy7PQz8KktaSkoaM8QlI+CqGh09ahotTajuzH0KTspMfU2o7spKykoqTrt9ak8s/IpMukqsvNpOqkuaTriPa6z6TPoaLLzcHPpKwyu9i31qSrpKuk6qTepLmkzqTHoaI8QlI+CqGhyeqkt9RVpLSktqSkpN6ku6TzpKw8Qj4yu9i31qTOy83Bz6TPpKq/zZiU2JO1ozwvQj6kx6Sq7oqkpNbCpLek3qS5oaM8QlI+CqGhhGXLzaS0z6PN+6TOiPa6z6TPoaKktMHLs9CkzsnPpLTTw8P8z8KktaSkoaM8L0ZPTlQ+PEI+PEZPTlQgc2l6ZT0yPjxCUj4KPEJSPgo8Rk9OVCBjb2xvcj1yZWQgc2l6ZT0yPjxJTUcgc3JjPSJodHRwOi8vaW1hZ2UucmFrdXRlbi5jby5qcC9lLW1hYnVjaGkvY2FiaW5ldC9ocC9hc3UuZ2lmIiBib3JkZXI9IjAiPiA8L0ZPTlQ+PC9GT05UPjwvQj48Rk9OVCBzaXplPTI+pLTTRe2UpK+taL6zpMuk6KTqpaul6algpKzfYKTDpMbSiqSopOuI9rrPpKyktKS2pKSk3qS5pM6kx6GipLTBy7PQz8KktaSkoaM8QlI+CjxCUj4KPEZPTlQgY29sb3I9InJlZCIgc2l6ZT0iMiI+PElNRyBzcmM9Imh0dHA6Ly9pbWFnZS5yYWt1dGVuLmNvLmpwL2UtbWFidWNoaS9jYWJpbmV0L2hwL2FzdS5naWYiIGJvcmRlcj0iMCI+IDwvRk9OVD6x7dObpLekxqSqpOqk3qS5yfq12L3tpM+hosrLyc+krKTqpMuk6KTDpMa24MnZx7Dh4aS5pOuI9rrPpKyktKS2pKSk3qS5oaM8QlI+CqGh09ahos2spLjJ+rXYpMek4si+pOGk67iqpKzfYKSmpMjJq6TLzqLD7qTK32CkpKSss/ak3qS5oaPXt7zTpLTXos7Etcikx82spLjJ+rXYpPI8QlI+CqGhpLTXos7E7ZSkpKS/iPa6z6THpOLIvqThpOu4qqSs32Ckw6S/yfq12KTPoaLI9LjJpaul6algpKyJ5KTvpOvKwqSspLSktqSkpN6kuaTOpMehojxCUj4KoaGktMHLs9CkzsnPoaKktNeizsSk8qSq7oqkpNbCpLek3qS5oaM8QlI+CjxCUj4KPC9GT05UPgo8Rk9OVCBjb2xvcj0icmVkIiBzaXplPSIyIj48SU1HIHNyYz0iaHR0cDovL2ltYWdlLnJha3V0ZW4uY28uanAvZS1tYWJ1Y2hpL2NhYmluZXQvaHAvYXN1LmdpZiIgYm9yZGVyPSIwIj4gPC9GT05UPjxGT05UIHNpemU9IjIiPsXky823vbeopMelzaWzpd2luaTktqjQzs3i4F2x46TypLTWuLao7ZSkpKTGpOLSjraozeKkx6S0wPvTw+2UpLGkyqSkiPa6z6TPoaI8QlI+CqGhsde16qTHsGvLzb/JxNykysXky823vbeopMuJ5Lj81sKkt6TepLmhozxCUj4KoaG2qNDOzeLgXbHjpKvVrMXkseOky4nkuPykt6TGsGvLzdbCpLek3qS5pM6kx6Gi0+ik4aS0wcuz0KSvpMCktaSkoaM8QlI+CjxCUj4KPEZPTlQgY29sb3I9InJlZCI+PElNRyBzcmM9Imh0dHA6Ly9pbWFnZS5yYWt1dGVuLmNvLmpwL2UtbWFidWNoaS9jYWJpbmV0L2hwL2FzdS5naWYiIGJvcmRlcj0iMCI+IDwvRk9OVD6l2qlgpbiky7Ht05uktaTspMakpKTry83Bz6TPoaKkqr/NmJSkrMXky823vbeopPLfeJJrpLWk7KTrxL+wsqTOnumkzrHt05ukyKTKpOqk3qS5oaM8QlI+CqGhxeTLzbe9t6ikz9KOtqjN4qTHpLTA+9PD7ZSksaTKpKSI9rrPpM6k37HXteqkx4nkuPzWwqS3pN6kuaSsoaKkvaTs0tTN4qTPoaI8QlI+CqGhPEI+pLTXos7ElXKky994kmvtlKSkpL/F5MvNt723qKTHpM6wa8vNPC9CPqTIpMqk6qTepLmhozwvRk9OVD48QlI+,SU5BWlVNQSCxvsaks9akwcrWob6l3algpcHTw6G/o7ql3qXWpcGlzaXDpcilt6XnpcOl1w==,pd6l1qXBkmmkraWtpeOl86XQpbmhobK8yfq12NHzssPK1ty/peml36XNqWClyL5kwum3q7K8pbOluaXXpezSwtewk9zLrrzTuaSl36W3pfPhmPTpyOuIQMjr0aelsKXDpbql1aWhpdal6qXDpa8xMKPjo+2kq6Tp2JyJ07TMpLek5aSmy83Bz59vwc9JTkFaVU1BILG+xqSz1qTBytahvqXdqWClwdPDob8=,SU5BWlVNQSCxvsaks9akwcrWob6l3algpcHTw6G/[rn]
25-29656,aHR0cDovL3RzaG9wLnIxMHMuanAvZS1tYWJ1Y2hpL2NhYmluZXQvZnVrdS9hLW5lZWRsZS9vcmdhbi1pbmR1c3RyeTE0LTE2LmpwZz9maXRpbj03MDA6NzAw,MjgwLjAwMDA=,,yNXTw8a362rYmz/OxLe/vt8/ytbcvyA+IMrW3L8/pa+l6aXVpcg/yfq12CA+IKWipa+lu6W1peqpYKWvpeml1aXIssTBzyA+IKWipa+ltaXqqWCl0algpcQgPiCkvaTOy/s=,T1JHQU4guaSYSdPDoaGxvr9wpKSMn9PDoaE5oasxNrrFpd+lt6Xz4ZihoURCocEx,uaSYSdPDpd+lt6Xz4Zg=,PGNlbnRlcj48Rk9OVCBzaXplPSIyIj48Qj5PUkdBTiBORUVETEVTPC9CPjwvRk9OVD48QlI+CjxCUj4KPElNRyBzcmM9Imh0dHA6Ly9pbWFnZS5yYWt1dGVuLmNvLmpwL2UtbWFidWNoaS9jYWJpbmV0L3RlbnNlbi1sLmpwZyIgYm9yZGVyPSIwIj48QlI+CjxCUj4KPEZPTlQgc2l6ZT0iMiI+uaSYSdPD0ruxvtaxvoC/cKSkpMvKudPDpLmk6zxCUj4KObrFPzExusU/MTS6xT8xNrrFpM6l36W3pfPhmKTHpLmhozxCUj4KPEJSPgq438vZysuYlKTLjJ2P6qS3pL/hmNDO17SkyzxCUj4KpMqkw6TGpKSk3qS5oaM8QlI+CjxCUj4Kz8LTm6TypLSyztXV7ZSkraTepLekxqGiPEJSPgqktM+jzfukzrrFyv2k8qSq33ik06SvpMCktaSkoaM8QlI+CjxCUj4KPEJSPgo8SU1HIHNyYz0iaHR0cDovL2ltYWdlLnJha3V0ZW4uY28uanAvZS1tYWJ1Y2hpL2NhYmluZXQvbWluaS1pdG8uanBnIiBib3JkZXI9IjAiPqGhNbG+yOuk6jxCUj4KPEJSPgo8QlI+CjwvRk9OVD4KPFRBQkxFIHdpZHRoPSIyNDIiPgogIDxUQk9EWT4KICAgIDxUUj4KICAgICAgPFREPjxGT05UIHNpemU9IjIiPjxJTUcgc3JjPSJodHRwOi8vaW1hZ2UucmFrdXRlbi5jby5qcC9lLW1hYnVjaGkvY2FiaW5ldC9ocC9hc3UuZ2lmIiBib3JkZXI9IjAiPqGhObrFT0KhwTE8L0ZPTlQ+PC9URD4KICAgICAgPFREPjxGT05UIHNpemU9IjIiPrGhtdjTw6Ghsb6/cKSkjJ/TwzwvRk9OVD48L1REPgogICAgPC9UUj4KICAgIDxUUj4KICAgICAgPFREPjxGT05UIHNpemU9IjIiPjxJTUcgc3JjPSJodHRwOi8vaW1hZ2UucmFrdXRlbi5jby5qcC9lLW1hYnVjaGkvY2FiaW5ldC9ocC9hc3UuZ2lmIiBib3JkZXI9IjAiPqGhMTG6xU9CocExPC9GT05UPjwvVEQ+CiAgICAgIDxURD48Rk9OVCBzaXplPSIyIj7G1c2otdjTw6Ghsb6/cKSkjJ/TwzwvRk9OVD48L1REPgogICAgPC9UUj4KICAgIDxUUj4KICAgICAgPFREPjxGT05UIHNpemU9IjIiPjxJTUcgc3JjPSJodHRwOi8vaW1hZ2UucmFrdXRlbi5jby5qcC9lLW1hYnVjaGkvY2FiaW5ldC9ocC9hc3UuZ2lmIiBib3JkZXI9IjAiPqGhMTS6xU9CocExPC9GT05UPjwvVEQ+CiAgICAgIDxURD48Rk9OVCBzaXplPSIyIj7W0LrxtdjTw6Ghsb6/cKSkjJ/TwzwvRk9OVD48L1REPgogICAgPC9UUj4KICAgIDxUUj4KICAgICAgPFREPjxGT05UIHNpemU9IjIiPjxJTUcgc3JjPSJodHRwOi8vaW1hZ2UucmFrdXRlbi5jby5qcC9lLW1hYnVjaGkvY2FiaW5ldC9ocC9hc3UuZ2lmIiBib3JkZXI9IjAiPqGhMTa6xU9CocExPC9GT05UPjwvVEQ+CiAgICAgIDxURD48Rk9OVCBzaXplPSIyIj668bXY08OhobG+v3CkpIyf08M8L0ZPTlQ+PC9URD4KICAgIDwvVFI+CiAgPC9UQk9EWT4KPC9UQUJMRT4KPEJSPgo8QlI+CjxJTUcgc3JjPSJodHRwOi8vaW1hZ2UucmFrdXRlbi5jby5qcC9lLW1hYnVjaGkvY2FiaW5ldC90ZW5zZW4tYy5qcGciIGJvcmRlcj0iMCI+oaE8Qj48Rk9OVCBzaXplPSIyIj7LzcHPpM/PwtObpPKktLLO1dXPwqS1pKShoTxJTUcgc3JjPSJodHRwOi8vaW1hZ2UucmFrdXRlbi5jby5qcC9lLW1hYnVjaGkvY2FiaW5ldC90ZW5zZW4tYy5qcGciIGJvcmRlcj0iMCI+PC9GT05UPjwvQj48QlI+CjxCUj4KPFRBQkxFIGJvcmRlcj0iMCIgd2lkdGg9IjI4MCIgaGVpZ2h0PSIxNTIiIHN0eWxlPSdmb250LXNpemUgOiBzbWFsbDtmb250LWZhbWlseSA6ICKjzaPTIKW0pbelw6WvIjt0ZXh0LWFsaWduIDogY2VudGVyO3JpZ2h0IDogaW5oZXJpdDsnPgogIDxUQk9EWT4KICAgIDxUUj4KICAgICAgPFREIGNvbHNwYW49IjMiIHdpZHRoPSIzMzQiPjxJTUcgc3JjPSJodHRwOi8vaW1hZ2UucmFrdXRlbi5jby5qcC9lLW1hYnVjaGkvY2FiaW5ldC9ocC9saW5lLXlva28tc3MuZ2lmIiBib3JkZXI9IjAiPjwvVEQ+CiAgICA8L1RSPgogICAgPFRSPgogICAgICA8VEQgYmdjb2xvcj0iI2ZmZWZkZiIgd2lkdGg9IjgwIj7F5MvNt723qDwvVEQ+CiAgICAgIDxURCBiZ2NvbG9yPSIjZmZlZmRmIiB3aWR0aD0iMTAwIj6ktNeizsSFZ867PC9URD4KICAgICAgPFREIGJnY29sb3I9IiNmZmVmZGYiIHdpZHRoPSIxMDAiPsvNwc88L1REPgogICAgPC9UUj4KICAgIDxUUj4KICAgICAgPFREIGNvbHNwYW49IjMiIHdpZHRoPSIzMzQiPjxJTUcgc3JjPSJodHRwOi8vaW1hZ2UucmFrdXRlbi5jby5qcC9lLW1hYnVjaGkvY2FiaW5ldC9ocC9saW5lLXlva28tc3MuZ2lmIiBib3JkZXI9IjAiPjwvVEQ+CiAgICA8L1RSPgogICAgPFRSPgogICAgICA8VEQgYmdjb2xvcj0iI2ZmZWZkZiIgd2lkdGg9IjgwIj6lzaWzpd2luTwvVEQ+CiAgICAgIDxURCB3aWR0aD0iMTAwIj7A+9PDv8k8L1REPgogICAgICA8VEQgd2lkdGg9IjEwMCI+Mjcwg9I8L1REPgogICAgPC9UUj4KICAgIDxUUj4KICAgICAgPFREIGNvbHNwYW49IjMiIHdpZHRoPSIzMzQiPjxJTUcgc3JjPSJodHRwOi8vaW1hZ2UucmFrdXRlbi5jby5qcC9lLW1hYnVjaGkvY2FiaW5ldC9ocC9saW5lLXlva28tc3MuZ2lmIiBib3JkZXI9IjAiPjwvVEQ+CiAgICA8L1RSPgogICAgPFRSPgogICAgICA8VEQgYmdjb2xvcj0iI2ZmZWZkZiIgd2lkdGg9IjgwIj7VrMXkseM8L1REPgogICAgICA8VEQgd2lkdGg9IjEwMCI+wPvTw7/JPC9URD4KICAgICAgPFREIHdpZHRoPSIxMDAiPjU0MIPSpKs0MzKD0jwvVEQ+CiAgICA8L1RSPgogICAgPFRSPgogICAgICA8VEQgY29sc3Bhbj0iMyIgd2lkdGg9IjMzNCI+PElNRyBzcmM9Imh0dHA6Ly9pbWFnZS5yYWt1dGVuLmNvLmpwL2UtbWFidWNoaS9jYWJpbmV0L2hwL2xpbmUteW9rby1zcy5naWYiIGJvcmRlcj0iMCI+PC9URD4KICAgIDwvVFI+CiAgPC9UQk9EWT4KPC9UQUJMRT4KPEJSPgo8VEFCTEUgYm9yZGVyPSIwIj4KICA8VEJPRFk+CiAgICA8VFI+CiAgICAgIDxURD48Rk9OVCBzaXplPSIyIj6h+aXNpbOl3aW5pM/Iq7n60rvCyTI3MIPSpMekuaGjPEJSPgogICAgICA8QlI+CiAgICAgIKH51azF5LHjNDMyg9Kkz5Z8sbE2sWikzqTfpMehorGxuqO1wD88QlI+CiAgICAgIKGhm1+/ST/reI11pPKz/aSvy/uxaKSsNTQwg9KkyKTKpOqk3qS5oaM8QlI+CiAgICAgIDxCUj4KICAgICAgofm31qSxpMaktNeizsTtlKSkpMak4rBry82kz6Sqo7HIy5iUMZd5sPw8QlI+CiAgICAgIKGhpM6wa8vNpMekuaGjoaGEZcvNpM+MnY/qpLekxqSqpOqk3qS7pPOhozwvRk9OVD48L1REPgogICAgPC9UUj4KICA8L1RCT0RZPgo8L1RBQkxFPgo8QlI+CjxCUj4KPEZPTlQgc2l6ZT0iMiI+PElNRyBzcmM9Imh0dHA6Ly9pbWFnZS5yYWt1dGVuLmNvLmpwL2UtbWFidWNoaS9jYWJpbmV0L3RlbnNlbi1jLmpwZyIgYm9yZGVyPSIwIj6hoTxCPqSqpLmkuaThpaKlpKXGpeA8L0I+oaE8SU1HIHNyYz0iaHR0cDovL2ltYWdlLnJha3V0ZW4uY28uanAvZS1tYWJ1Y2hpL2NhYmluZXQvdGVuc2VuLWMuanBnIiBib3JkZXI9IjAiPjxCUj4KPEJSPgo8L0ZPTlQ+CjxUQUJMRT4KICA8VEJPRFk+CiAgICA8VFI+CiAgICAgIDxURD48Rk9OVCBzaXplPSIyIj48SU1HIHNyYz0iaHR0cDovL2ltYWdlLnJha3V0ZW4uY28uanAvZS1tYWJ1Y2hpL2NhYmluZXQvbWluaS1pdG8uanBnIiBib3JkZXI9IjAiPqGh08PGtz/Tw77fPEJSPgogICAgICA8SU1HIHNyYz0iaHR0cDovL2ltYWdlLnJha3V0ZW4uY28uanAvZS1tYWJ1Y2hpL2NhYmluZXQvbWluaS1pdG8uanBnIiBib3JkZXI9IjAiPqGhpbel6qWzpfOluaXXpeypYDxCUj4KICAgICAgPElNRyBzcmM9Imh0dHA6Ly9pbWFnZS5yYWt1dGVuLmNvLmpwL2UtbWFidWNoaS9jYWJpbmV0L21pbmktaXRvLmpwZyIgYm9yZGVyPSIwIj6hoaXfpbel8/TpPEJSPgogICAgICA8L0ZPTlQ+PC9URD4KICAgIDwvVFI+CiAgPC9UQk9EWT4KPC9UQUJMRT4KPEJSPgo8SU1HIHNyYz0iaHR0cDovL2ltYWdlLnJha3V0ZW4uY28uanAvZS1tYWJ1Y2hpL2NhYmluZXQvdGVuc2VuLXIuanBnIiBib3JkZXI9IjAiPjxGT05UIHNpemU9IjIiPjxCUj4KPC9GT05UPjwvQ0VOVEVSPjxCPjxGT05UIGNvbG9yPXJlZCBzaXplPTI+PElNRyBzcmM9Imh0dHA6Ly9pbWFnZS5yYWt1dGVuLmNvLmpwL2UtbWFidWNoaS9jYWJpbmV0L2hwL2FzdS5naWYiIGJvcmRlcj0iMCI+IDwvRk9OVD48L0I+PEZPTlQgc2l6ZT0yPoxnterFbqTI1NqO7Lmy09Ckzp7poaKlzaXDpcilt6XnpcOl16TH2JyJ06S3pMakpKTGpOKMZ7XqxW6kx4nTpOykxqS3pN6kw6S/iPa6z6GiPEJSPgqhoSAK2JyJ09bQpMek4snqpLfUVaS0pLakpKTepLuk86SsoaKktNeizsSkzqW/paSl36XzpbCky6TopOrGt8fQpOykzoj2us+krKS0pLakpKTepLmhozxCUj4KoaGkvaTO60ikz6GipeGpYKXrtcikx6S030K9aqS1pLukxu2UpK2k3qS5pM6kx6S0wcuz0M/CpLWkpKGjPEJSPgqhodPWoaLU2o7sx9Ck7KTH1NqO7KSspKKk67fWpPLPyKTLpKrLzaTqpLmk64j2us+kz6Giy83Bz6SsMrvYt9akq6SrpOqk3qS5pM6kx6GiPEJSPgqhocnqpLfUVaS0pLakpKTepLuk86SsPEI+MrvYt9akzsvNwc+kz6Sqv82YlNiTtaM8L0I+pMekqu6KpKTWwqS3pN6kuaGjPEJSPgqhoYRly82ktM+jzfukzoj2us+kz6GipLTBy7PQpM7Jz6S008PD/M/CpLWkpKGjPC9GT05UPjxCPjxGT05UIHNpemU9Mj48QlI+CjxCUj4KPC9GT05UPjxGT05UIHNpemU9IjIiIGNvbG9yPSIjZmYwMDAwIj48SU1HIHNyYz0iaHR0cDovL2ltYWdlLnJha3V0ZW4uY28uanAvZS1tYWJ1Y2hpL2NhYmluZXQvaHAvYXN1LmdpZiIgYm9yZGVyPSIwIj4gPC9GT05UPjwvQj48Rk9OVCBzaXplPTI+pKq/zZiUpM6ktNNFpMukyqTrrWi+s6TLpOik6qGipaul6algpKzfYKTDpMbSiqSopOuI9rrPpKyktKS2pKSk3qS5pM6kx6GipLTBy7PQz8KktaSkoaM8L0ZPTlQ+PEJSPgo8Qj48Rk9OVCBzaXplPTI+PEJSPgo8L0ZPTlQ+PC9CPjxGT05UIGNvbG9yPSJyZWQiIHNpemU9IjIiPjxJTUcgc3JjPSJodHRwOi8vaW1hZ2UucmFrdXRlbi5jby5qcC9lLW1hYnVjaGkvY2FiaW5ldC9ocC9hc3UuZ2lmIiBib3JkZXI9IjAiPiA8L0ZPTlQ+PEZPTlQgc2l6ZT0iMiI+xeTLzbe9t6ikx6XNpbOl3aW5pOS2qNDOzeLgXbHjpPKktNa4tqjtlKSkpMak4tKOtqjN4qTHpLTA+9PD7ZSksaTKpKSI9rrPpM+hojxCUj4KoaGx17XqpMewa8vNv8nE3KTKxeTLzbe9t6iky4nkuPzWwqS3pN6kuaGjPEJSPgqhobao0M7N4uBdseOkq9WsxeSx46TLieS4/KS3pMawa8vN1sKkt6TepLmkzqTHoaLT6KThpLTBy7PQpK+kwKS1pKShozxCUj4KoaE8QlI+CjxJTUcgc3JjPSJodHRwOi8vaW1hZ2UucmFrdXRlbi5jby5qcC9lLW1hYnVjaGkvY2FiaW5ldC9ocC9hc3UuZ2lmIiBib3JkZXI9IjAiPiCl2qlgpbiky7Ht05uktaTspMakpKTry83Bz6TPoaKkqr/NmJSkrMXky823vbeopPLfeJJrpLWk7KTrxL+wsqTOnumkzrHt05ukyKTKpOqk3qS5oaM8QlI+CqGhxeTLzbe9t6ikz9KOtqjN4qTHpLTA+9PD7ZSksaTKpKSI9rrPpM6k37HXteqkx4nkuPzWwqS3pN6kuaSsoaKkvaTs0tTN4qTPoaI8QlI+CqGhPEI+pLTXos7ElXKky994kmvtlKSkpL/F5MvNt723qKTHpM6wa8vNPC9CPqTIpMqk6qTepLmhozwvRk9OVD48QlI+,T1JHQU4guaSYSdPDoaGxvr9wpKSMn9PDoaE5oasxNrrFpd+lt6Xz4ZihoURCJnRpbWVzOzGjuqXepdalwaXNpcOlyKW3peelw6XX,pd6l1qXBkmmkraWtpeOl86XQpbmhobK8yfq12NHzssPK1ty/peml36XNqWClyL5kwum3q7K8pbOluaXXpezSwtewk9zLrrzTuaSl36W3pfPhmPTpyOuIQMjr0aelsKXDpbql1aWhpdal6qXDpa8xMKPjo+2kq6Tp2JyJ07TMpLek5aSmy83Bz59vwc9PUkdBTiC5pJhJ08OhobG+v3CkpIyf08OhoTmhqzE2usWl36W3pfPhmKGhREImdGltZXM7MQ==,uaSYSdPDpd+lt6Xz4Ziho09SR0FOILmkmEnTw6Ghsb6/cKSkjJ/Tw6GhOaGrMTa6xaXfpbel8+GYoaFEQiZ0aW1lczsx[rn]
25-29657,aHR0cDovL3RzaG9wLnIxMHMuanAvZS1tYWJ1Y2hpL2NhYmluZXQvZnVrdS9zY2lzc29ycy9kbWMtdTEwMzktbS5qcGc/Zml0aW49NzAwOjcwMA==,OTYwLjAwMDA=,,yNXTw8a362rYmz/OxLe/vt8/ytbcvyA+IMrW3L8/pa+l6aXVpcg/yfq12CA+IKWipa+lu6W1peqpYKWvpeml1aXIssTBzyA+IKWipa+ltaXqqWCl0algpcQgPiCkvaTOy/s=,RE1DIMrW3L+lz6W1pd+hvqWvpbil46Wvob8=,pa6l1aXIpMuk4tfu322joQ==,PGNlbnRlcj48Qj5zY2lzc29yczwvQj4gPEJSPgo8QlI+CjxJTUcgc3JjPSJodHRwOi8vaW1hZ2UucmFrdXRlbi5jby5qcC9lLW1hYnVjaGkvY2FiaW5ldC90ZW5zZW4tbC5qcGciIGJvcmRlcj0iMCI+PEJSPgo8QlI+CjxGT05UIHNpemU9IjIiPrjfxrfZfKTOpbmlwalgpeul1qXsqWClyaTHPEJSPgqly6lgpcml66XvqWClr8irsOOky9fu322kyqXPpbWl36THpLk/PEJSPgo8QlI+CjwvRk9OVD4KPFRBQkxFIGJvcmRlcj0iMCI+CiAgPFRCT0RZPgogICAgPFRSPgogICAgICA8VEQ+PEZPTlQgc2l6ZT0iMiI+PElNRyBzcmM9Imh0dHA6Ly9pbWFnZS5yYWt1dGVuLmNvLmpwL2UtbWFidWNoaS9jYWJpbmV0L21pbmktaXRvLmpwZyIgYm9yZGVyPSIwIj6hoelMpLWjujmj46PtPEJSPgogICAgICA8SU1HIHNyYz0iaHR0cDovL2ltYWdlLnJha3V0ZW4uY28uanAvZS1tYWJ1Y2hpL2NhYmluZXQvbWluaS1pdG8uanBnIiBib3JkZXI9IjAiPqGhTWFkZSBpbiBJdGFseTwvRk9OVD48L1REPgogICAgPC9UUj4KICA8L1RCT0RZPgo8L1RBQkxFPgo8QlI+CjxCUj4KPElNRyBzcmM9Imh0dHA6Ly9pbWFnZS5yYWt1dGVuLmNvLmpwL2UtbWFidWNoaS9jYWJpbmV0L3RlbnNlbi1jLmpwZyIgYm9yZGVyPSIwIj6hoTxCPjxGT05UIHNpemU9IjIiPsvNwc+kz8/C05uk8qS0ss7V1c/CpLWkpKGhPElNRyBzcmM9Imh0dHA6Ly9pbWFnZS5yYWt1dGVuLmNvLmpwL2UtbWFidWNoaS9jYWJpbmV0L3RlbnNlbi1jLmpwZyIgYm9yZGVyPSIwIj48L0ZPTlQ+PC9CPjxCUj4KPEJSPgo8VEFCTEUgYm9yZGVyPSIwIiB3aWR0aD0iMjgwIiBoZWlnaHQ9IjE1MiIgc3R5bGU9J2ZvbnQtc2l6ZSA6IHNtYWxsO2ZvbnQtZmFtaWx5IDogIqPNo9MgpbSlt6XDpa8iO3RleHQtYWxpZ24gOiBjZW50ZXI7cmlnaHQgOiBpbmhlcml0Oyc+CiAgPFRCT0RZPgogICAgPFRSPgogICAgICA8VEQgY29sc3Bhbj0iMyIgd2lkdGg9IjMzNCI+PElNRyBzcmM9Imh0dHA6Ly9pbWFnZS5yYWt1dGVuLmNvLmpwL2UtbWFidWNoaS9jYWJpbmV0L2hwL2xpbmUteW9rby1zcy5naWYiIGJvcmRlcj0iMCI+PC9URD4KICAgIDwvVFI+CiAgICA8VFI+CiAgICAgIDxURCBiZ2NvbG9yPSIjZmZlZmRmIiB3aWR0aD0iODAiPsXky823vbeoPC9URD4KICAgICAgPFREIGJnY29sb3I9IiNmZmVmZGYiIHdpZHRoPSIxMDAiPqS016LOxIVnzrs8L1REPgogICAgICA8VEQgYmdjb2xvcj0iI2ZmZWZkZiIgd2lkdGg9IjEwMCI+y83BzzwvVEQ+CiAgICA8L1RSPgogICAgPFRSPgogICAgICA8VEQgY29sc3Bhbj0iMyIgd2lkdGg9IjMzNCI+PElNRyBzcmM9Imh0dHA6Ly9pbWFnZS5yYWt1dGVuLmNvLmpwL2UtbWFidWNoaS9jYWJpbmV0L2hwL2xpbmUteW9rby1zcy5naWYiIGJvcmRlcj0iMCI+PC9URD4KICAgIDwvVFI+CiAgICA8VFI+CiAgICAgIDxURCBiZ2NvbG9yPSIjZmZlZmRmIiB3aWR0aD0iODAiPqXNpbOl3aW5PC9URD4KICAgICAgPFREIHdpZHRoPSIxMDAiPsD708O/yTwvVEQ+CiAgICAgIDxURCB3aWR0aD0iMTAwIj4yNzCD0jwvVEQ+CiAgICA8L1RSPgogICAgPFRSPgogICAgICA8VEQgY29sc3Bhbj0iMyIgd2lkdGg9IjMzNCI+PElNRyBzcmM9Imh0dHA6Ly9pbWFnZS5yYWt1dGVuLmNvLmpwL2UtbWFidWNoaS9jYWJpbmV0L2hwL2xpbmUteW9rby1zcy5naWYiIGJvcmRlcj0iMCI+PC9URD4KICAgIDwvVFI+CiAgICA8VFI+CiAgICAgIDxURCBiZ2NvbG9yPSIjZmZlZmRmIiB3aWR0aD0iODAiPtWsxeSx4zwvVEQ+CiAgICAgIDxURCB3aWR0aD0iMTAwIj7A+9PDv8k8L1REPgogICAgICA8VEQgd2lkdGg9IjEwMCI+NTQwg9KkqzQzMoPSPC9URD4KICAgIDwvVFI+CiAgICA8VFI+CiAgICAgIDxURCBjb2xzcGFuPSIzIiB3aWR0aD0iMzM0Ij48SU1HIHNyYz0iaHR0cDovL2ltYWdlLnJha3V0ZW4uY28uanAvZS1tYWJ1Y2hpL2NhYmluZXQvaHAvbGluZS15b2tvLXNzLmdpZiIgYm9yZGVyPSIwIj48L1REPgogICAgPC9UUj4KICA8L1RCT0RZPgo8L1RBQkxFPgo8QlI+CjxUQUJMRSBib3JkZXI9IjAiPgogIDxUQk9EWT4KICAgIDxUUj4KICAgICAgPFREPjxGT05UIHNpemU9IjIiPqH5pc2ls6Xdpbmkz8irufrSu8LJMjcwg9Kkx6S5oaM8QlI+CiAgICAgIDxCUj4KICAgICAgofnVrMXkseM0MzKD0qTPlnyxsTaxaKTOpN+kx6GisbG6o7XAPzxCUj4KICAgICAgoaGbX79JP+t4jXWk8rP9pK/L+7FopKw1NDCD0qTIpMqk6qTepLmhozxCUj4KICAgICAgPEJSPgogICAgICCh+cnP05vBz73wpM/NrMnMxrekzoj2us+kx6S5oaM8QlI+CiAgICAgIKGhy/vJzMa3pMjNrJd5pM6I9rrPpM+hosvNwc+krInkpO+k64j2us88QlI+CiAgICAgIKGhpKyktKS2pKSk3qS5pM6kx6S0wcuz0M/CpLWkpKGjPEJSPgogICAgICA8QlI+ofm31qSxpMaktNeizsTtlKSkpMak4rBry82kz6Sqo7HIy5iUMZd5PEJSPiAgICAgIKGhsPykzrBry82kx6S5oaOEZcvNpM+MnY/qpLekxqSqpOqk3qS7pPOhozwvRk9OVD48L1REPgogICAgPC9UUj4KICA8L1RCT0RZPgo8L1RBQkxFPgo8QlI+CjxCUj4KPEZPTlQgc2l6ZT0iMiI+PElNRyBzcmM9Imh0dHA6Ly9pbWFnZS5yYWt1dGVuLmNvLmpwL2UtbWFidWNoaS9jYWJpbmV0L3RlbnNlbi1jLmpwZyIgYm9yZGVyPSIwIj6hoTxCPqSqpLmkuaThpaKlpKXGpeA8L0I+oaE8SU1HIHNyYz0iaHR0cDovL2ltYWdlLnJha3V0ZW4uY28uanAvZS1tYWJ1Y2hpL2NhYmluZXQvdGVuc2VuLWMuanBnIiBib3JkZXI9IjAiPjxCUj4KPEJSPgo8L0ZPTlQ+CjxUQUJMRT4KICA8VEJPRFk+CiAgICA8VFI+CiAgICAgIDxURD48Rk9OVCBzaXplPSIyIj48Rk9OVCBzaXplPSIyIj48SU1HIHNyYz0iaHR0cDovL2ltYWdlLnJha3V0ZW4uY28uanAvZS1tYWJ1Y2hpL2NhYmluZXQvbWluaS1pdG8uanBnIiBib3JkZXI9IjAiPqGh08PGtz/Tw77fPEJSPgogICAgICA8SU1HIHNyYz0iaHR0cDovL2ltYWdlLnJha3V0ZW4uY28uanAvZS1tYWJ1Y2hpL2NhYmluZXQvbWluaS1pdG8uanBnIiBib3JkZXI9IjAiPqGhtMykt6TlpKb06TxCUj4KICAgICAgPElNRyBzcmM9Imh0dHA6Ly9pbWFnZS5yYWt1dGVuLmNvLmpwL2UtbWFidWNoaS9jYWJpbmV0L21pbmktaXRvLmpwZyIgYm9yZGVyPSIwIj6hobTMpLek5aSmsrw8QlI+CiAgICAgIDwvRk9OVD48L0ZPTlQ+PC9URD4KICAgIDwvVFI+CiAgPC9UQk9EWT4KPC9UQUJMRT4KPEZPTlQgc2l6ZT0iMiI+PEJSPgo8SU1HIHNyYz0iaHR0cDovL2ltYWdlLnJha3V0ZW4uY28uanAvZS1tYWJ1Y2hpL2NhYmluZXQvdGVuc2VuLXIuanBnIiBib3JkZXI9IjAiPjxCUj4KPC9GT05UPjwvQ0VOVEVSPjxCPjxGT05UIGNvbG9yPXJlZCBzaXplPTI+PElNRyBzcmM9Imh0dHA6Ly9pbWFnZS5yYWt1dGVuLmNvLmpwL2UtbWFidWNoaS9jYWJpbmV0L2hwL2FzdS5naWYiIGJvcmRlcj0iMCI+IDwvRk9OVD48L0I+PEZPTlQgc2l6ZT0yPoxnterFbqTI1NqO7Lmy09Ckzp7poaKlzaXDpcilt6XnpcOl16TH2JyJ06S3pMakpKTGpOKMZ7XqxW6kx4nTpOykxqS3pN6kw6S/iPa6z6GiPEJSPgqhoSAK2JyJ09bQpMek4snqpLfUVaS0pLakpKTepLuk86SsoaKktNeizsSkzqW/paSl36XzpbCky6TopOrGt8fQpOykzoj2us+krKS0pLakpKTepLmhozxCUj4KoaGkvaTO60ikz6GipeGpYKXrtcikx6S030K9aqS1pLukxu2UpK2k3qS5pM6kx6S0wcuz0M/CpLWkpKGjPEJSPgqhodPWoaLU2o7sx9Ck7KTH1NqO7KSspKKk67fWpPLPyKTLpKrLzaTqpLmk64j2us+kz6Giy83Bz6SsMrvYt9akq6SrpOqk3qS5pM6kx6GiPEJSPgqhocnqpLfUVaS0pLakpKTepLuk86SsPEI+MrvYt9akzsvNwc+kz6Sqv82YlNiTtaM8L0I+pMekqu6KpKTWwqS3pN6kuaGjPEJSPgqhoYRly82ktM+jzfukzoj2us+kz6GipLTBy7PQpM7Jz6S008PD/M/CpLWkpKGjPC9GT05UPjxCPjxGT05UIHNpemU9Mj48QlI+CjxCUj4KPC9GT05UPjxGT05UIHNpemU9IjIiIGNvbG9yPSIjZmYwMDAwIj48SU1HIHNyYz0iaHR0cDovL2ltYWdlLnJha3V0ZW4uY28uanAvZS1tYWJ1Y2hpL2NhYmluZXQvaHAvYXN1LmdpZiIgYm9yZGVyPSIwIj4gPC9GT05UPjwvQj48Rk9OVCBzaXplPTI+pKq/zZiUpM6ktNNFpMukyqTrrWi+s6TLpOik6qGipaul6algpKzfYKTDpMbSiqSopOuI9rrPpKyktKS2pKSk3qS5pM6kx6GipLTBy7PQz8KktaSkoaM8L0ZPTlQ+PEJSPgo8Qj48Rk9OVCBzaXplPTI+PEJSPgo8L0ZPTlQ+PC9CPjxGT05UIGNvbG9yPSJyZWQiIHNpemU9IjIiPjxJTUcgc3JjPSJodHRwOi8vaW1hZ2UucmFrdXRlbi5jby5qcC9lLW1hYnVjaGkvY2FiaW5ldC9ocC9hc3UuZ2lmIiBib3JkZXI9IjAiPiA8L0ZPTlQ+PEZPTlQgc2l6ZT0iMiI+xeTLzbe9t6ikx6XNpbOl3aW5pOS2qNDOzeLgXbHjpPKktNa4tqjtlKSkpMak4tKOtqjN4qTHpLTA+9PD7ZSksaTKpKSI9rrPpM+hojxCUj4KoaGx17XqpMewa8vNv8nE3KTKxeTLzbe9t6iky4nkuPzWwqS3pN6kuaGjPEJSPgqhobao0M7N4uBdseOkq9WsxeSx46TLieS4/KS3pMawa8vN1sKkt6TepLmkzqTHoaLT6KThpLTBy7PQpK+kwKS1pKShozxCUj4KoaE8QlI+CjxJTUcgc3JjPSJodHRwOi8vaW1hZ2UucmFrdXRlbi5jby5qcC9lLW1hYnVjaGkvY2FiaW5ldC9ocC9hc3UuZ2lmIiBib3JkZXI9IjAiPiCl2qlgpbiky7Ht05uktaTspMakpKTry83Bz6TPoaKkqr/NmJSkrMXky823vbeopPLfeJJrpLWk7KTrxL+wsqTOnumkzrHt05ukyKTKpOqk3qS5oaM8QlI+CqGhxeTLzbe9t6ikz9KOtqjN4qTHpLTA+9PD7ZSksaTKpKSI9rrPpM6k37HXteqkx4nkuPzWwqS3pN6kuaSsoaKkvaTs0tTN4qTPoaI8QlI+CqGhPEI+pLTXos7ElXKky994kmvtlKSkpL/F5MvNt723qKTHpM6wa8vNPC9CPqTIpMqk6qTepLmhozwvRk9OVD48QlI+,RE1DIMrW3L+lz6W1pd+hvqWvpbil46Wvob+juqXepdalwaXNpcOlyKW3peelw6XX,pd6l1qXBkmmkraWtpeOl86XQpbmhobK8yfq12NHzssPK1ty/peml36XNqWClyL5kwum3q7K8pbOluaXXpezSwtewk9zLrrzTuaSl36W3pfPhmPTpyOuIQMjr0aelsKXDpbql1aWhpdal6qXDpa8xMKPjo+2kq6Tp2JyJ07TMpLek5aSmy83Bz59vwc9ETUMgytbcv6XPpbWl36G+pa+luKXjpa+hvw==,pa6l1aXIpMuk4tfu322joaGjRE1DIMrW3L+lz6W1pd+hvqWvpbil46Wvob8=[rn]
25-29658,aHR0cDovL3RzaG9wLnIxMHMuanAvZS1tYWJ1Y2hpL2NhYmluZXQvZnVrdS9hLW5lZWRsZS9vcmdhbi1ob21lLTktMTYuanBnP2ZpdGluPTcwMDo3MDA=,MjI0LjAwMDA=,,yNXTw8a362rYmz/OxLe/vt8/ytbcvyA+IMrW3L8/pa+l6aXVpcg/yfq12CA+IKWipa+lu6W1peqpYKWvpeml1aXIssTBzyA+IKWipa+ltaXqqWCl0algpcQgPiCkvaTOy/s=,T1JHQU4gvNLNpdPDpd+lt6Xz4ZihoTmhqzE2usWhoUhBocEx,paql66WspfMgvNLNpdPDpd+lt6Xz4Zg=,PFAgYWxpZ249ImNlbnRlciI+PEZPTlQgc2l6ZT0iMiI+PEI+b3JnYW4gbmVlZGxlczwvQj48L0ZPTlQ+PEJSPgo8QlI+CjxJTUcgc3JjPSJodHRwOi8vaW1hZ2UucmFrdXRlbi5jby5qcC9lLW1hYnVjaGkvY2FiaW5ldC90ZW5zZW4tbC5qcGciIGJvcmRlcj0iMCI+PEJSPgo8QlI+CjxCUj4KPEZPTlQgc2l6ZT0iMiI+paul6alguLakrbzSzaXTw6Xfpbel8+GYPEJSPgo5usU/MTG6xT8xNLrFPzE2usWkx6S5oaM8QlI+CjxCUj4KPC9GT05UPjwvUD4KPENFTlRFUj4KPFRBQkxFIGJvcmRlcj0iMCIgaGVpZ2h0PSIxNTIiPgogIDxUQk9EWT4KICAgIDxUUj4KICAgICAgPFREPjxGT05UIHNpemU9IjIiPjxJTUcgc3JjPSJodHRwOi8vaW1hZ2UucmFrdXRlbi5jby5qcC9lLW1hYnVjaGkvY2FiaW5ldC9ocC9hc3UuZ2lmIiBib3JkZXI9IjAiPqGhObrFPC9GT05UPjwvVEQ+CiAgICAgIDxURD48Rk9OVCBzaXplPSIyIj6hoaW3peulrz+luKXnqWClu6XDpcg/paqpYKWspfOluKlgtcg8QlI+CiAgICAgIKGhsaGkpMn6tdjTwzwvRk9OVD48L1REPgogICAgPC9UUj4KICAgIDxUUj4KICAgICAgPFREPjxGT05UIHNpemU9IjIiPjxJTUcgc3JjPSJodHRwOi8vaW1hZ2UucmFrdXRlbi5jby5qcC9lLW1hYnVjaGkvY2FiaW5ldC9ocC9hc3UuZ2lmIiBib3JkZXI9IjAiPiAxMbrFPC9GT05UPjwvVEQ+CiAgICAgIDxURD48Rk9OVCBzaXplPSIyIj6hoaWtpeOl6aWzP6XWpe2pYKXJP6W1pcOlq6lgtcg8QlI+CiAgICAgIKGhxtXNqLXY08M8L0ZPTlQ+PC9URD4KICAgIDwvVFI+CiAgICA8VFI+CiAgICAgIDxURD48Rk9OVCBzaXplPSIyIj48SU1HIHNyYz0iaHR0cDovL2ltYWdlLnJha3V0ZW4uY28uanAvZS1tYWJ1Y2hpL2NhYmluZXQvaHAvYXN1LmdpZiIgYm9yZGVyPSIwIj4gMTS6xTwvRk9OVD48L1REPgogICAgICA8VEQ+PEZPTlQgc2l6ZT0iMiI+oaGlpqlgpeu/l87vP6WupeOl0KW4pfM/pbWpYKW4tcg8QlI+CiAgICAgIKGh1tC68bXYPC9GT05UPjwvVEQ+CiAgICA8L1RSPgogICAgPFRSPgogICAgICA8VEQ+PEZPTlQgc2l6ZT0iMiI+PElNRyBzcmM9Imh0dHA6Ly9pbWFnZS5yYWt1dGVuLmNvLmpwL2UtbWFidWNoaS9jYWJpbmV0L2hwL2FzdS5naWYiIGJvcmRlcj0iMCI+IDE2usU8L0ZPTlQ+PC9URD4KICAgICAgPFREPjxGT05UIHNpemU9IjIiPqGhpcely6XgP6WtpeOl86XQpbk/t8DLrrK8tcg8QlI+CiAgICAgIKGhuvG12NPDPC9GT05UPjwvVEQ+CiAgICA8L1RSPgogIDwvVEJPRFk+CjwvVEFCTEU+CjwvQ0VOVEVSPgo8UCBhbGlnbj0iY2VudGVyIj48Rk9OVCBzaXplPSIyIj48QlI+CjxCUj4K1/PTmzK3rMS/u63P8aTypLSyztXV7ZSkraTepLekxqGiPEJSPgqktM+jzfukzrrFyv2k8qSq33ik06SvpMCktaSkoaM8QlI+CjxCUj4KPElNRyBzcmM9Imh0dHA6Ly9pbWFnZS5yYWt1dGVuLmNvLmpwL2UtbWFidWNoaS9jYWJpbmV0L21pbmktaXRvLmpwZyIgYm9yZGVyPSIwIj6hoTWxvsjrpOo8QlI+CjwvRk9OVD48L1A+CjxQIGFsaWduPSJjZW50ZXIiPjxGT05UIHNpemU9IjIiPjxCUj4KPC9GT05UPjxJTUcgc3JjPSJodHRwOi8vaW1hZ2UucmFrdXRlbi5jby5qcC9lLW1hYnVjaGkvY2FiaW5ldC90ZW5zZW4tYy5qcGciIGJvcmRlcj0iMCI+oaE8Qj48Rk9OVCBzaXplPSIyIj7LzcHPpM/PwtObpPKktLLO1dXPwqS1pKShoTxJTUcgc3JjPSJodHRwOi8vaW1hZ2UucmFrdXRlbi5jby5qcC9lLW1hYnVjaGkvY2FiaW5ldC90ZW5zZW4tYy5qcGciIGJvcmRlcj0iMCI+PC9GT05UPjwvQj48QlI+CjxCUj4KPC9QPgo8Q0VOVEVSPgo8Q0VOVEVSPgo8VEFCTEUgYm9yZGVyPSIwIiB3aWR0aD0iMjgwIiBoZWlnaHQ9IjE1MiI+CiAgPFRCT0RZPgogICAgPFRSPgogICAgICA8VEQgY29sc3Bhbj0iMyIgYWxpZ249ImNlbnRlciIgd2lkdGg9IjMzNCI+PEZPTlQgc2l6ZT0iMiI+PElNRyBzcmM9Imh0dHA6Ly9pbWFnZS5yYWt1dGVuLmNvLmpwL2UtbWFidWNoaS9jYWJpbmV0L2hwL2xpbmUteW9rby1zcy5naWYiIGJvcmRlcj0iMCI+PC9GT05UPjwvVEQ+CiAgICA8L1RSPgogICAgPFRSPgogICAgICA8VEQgYWxpZ249ImNlbnRlciIgYmdjb2xvcj0iI2ZmZWZkZiIgd2lkdGg9IjgwIj48Rk9OVCBzaXplPSIyIj7F5MvNt723qDwvRk9OVD48L1REPgogICAgICA8VEQgYWxpZ249ImNlbnRlciIgYmdjb2xvcj0iI2ZmZWZkZiIgd2lkdGg9IjEwMCI+PEZPTlQgc2l6ZT0iMiI+pLTXos7EhWfOuzwvRk9OVD48L1REPgogICAgICA8VEQgYWxpZ249ImNlbnRlciIgYmdjb2xvcj0iI2ZmZWZkZiIgd2lkdGg9IjEwMCI+PEZPTlQgc2l6ZT0iMiI+y83BzzwvRk9OVD48L1REPgogICAgPC9UUj4KICAgIDxUUj4KICAgICAgPFREIGNvbHNwYW49IjMiIGFsaWduPSJjZW50ZXIiIHdpZHRoPSIzMzQiPjxGT05UIHNpemU9IjIiPjxJTUcgc3JjPSJodHRwOi8vaW1hZ2UucmFrdXRlbi5jby5qcC9lLW1hYnVjaGkvY2FiaW5ldC9ocC9saW5lLXlva28tc3MuZ2lmIiBib3JkZXI9IjAiPjwvRk9OVD48L1REPgogICAgPC9UUj4KICAgIDxUUj4KICAgICAgPFREIGFsaWduPSJjZW50ZXIiIGJnY29sb3I9IiNmZmVmZGYiIHdpZHRoPSI4MCI+PEZPTlQgc2l6ZT0iMiI+pc2ls6Xdpbk8L0ZPTlQ+PC9URD4KICAgICAgPFREIGFsaWduPSJjZW50ZXIiIHdpZHRoPSIxMDAiPjxGT05UIHNpemU9IjIiPsD708O/yTwvRk9OVD48L1REPgogICAgICA8VEQgYWxpZ249ImNlbnRlciIgd2lkdGg9IjEwMCI+PEZPTlQgc2l6ZT0iMiI+Mjcwg9I8L0ZPTlQ+PC9URD4KICAgIDwvVFI+CiAgICA8VFI+CiAgICAgIDxURCBjb2xzcGFuPSIzIiBhbGlnbj0iY2VudGVyIiB3aWR0aD0iMzM0Ij48Rk9OVCBzaXplPSIyIj48SU1HIHNyYz0iaHR0cDovL2ltYWdlLnJha3V0ZW4uY28uanAvZS1tYWJ1Y2hpL2NhYmluZXQvaHAvbGluZS15b2tvLXNzLmdpZiIgYm9yZGVyPSIwIj48L0ZPTlQ+PC9URD4KICAgIDwvVFI+CiAgICA8VFI+CiAgICAgIDxURCBhbGlnbj0iY2VudGVyIiBiZ2NvbG9yPSIjZmZlZmRmIiB3aWR0aD0iODAiPjxGT05UIHNpemU9IjIiPrao0M7N4jwvRk9OVD48L1REPgogICAgICA8VEQgYWxpZ249ImNlbnRlciIgd2lkdGg9IjEwMCI+PEZPTlQgc2l6ZT0iMiI+wPvTw7/JPC9GT05UPjwvVEQ+CiAgICAgIDxURCBhbGlnbj0iY2VudGVyIiB3aWR0aD0iMTAwIj48Rk9OVCBzaXplPSIyIj40MDCD0jwvRk9OVD48L1REPgogICAgPC9UUj4KICAgIDxUUj4KICAgICAgPFREIGNvbHNwYW49IjMiIGFsaWduPSJjZW50ZXIiIHdpZHRoPSIzMzQiPjxGT05UIHNpemU9IjIiPjxJTUcgc3JjPSJodHRwOi8vaW1hZ2UucmFrdXRlbi5jby5qcC9lLW1hYnVjaGkvY2FiaW5ldC9ocC9saW5lLXlva28tc3MuZ2lmIiBib3JkZXI9IjAiPjwvRk9OVD48L1REPgogICAgPC9UUj4KICAgIDxUUj4KICAgICAgPFREIGFsaWduPSJjZW50ZXIiIGJnY29sb3I9IiNmZmVmZGYiIGhlaWdodD0iMTciIHdpZHRoPSI4MCI+PEZPTlQgc2l6ZT0iMiI+1azF5LHjPC9GT05UPjwvVEQ+CiAgICAgIDxURCBhbGlnbj0iY2VudGVyIiBoZWlnaHQ9IjE3IiB3aWR0aD0iMTAwIj48Rk9OVCBzaXplPSIyIj7A+9PDv8k8L0ZPTlQ+PC9URD4KICAgICAgPFREIGFsaWduPSJjZW50ZXIiIGhlaWdodD0iMTciIHdpZHRoPSIxMDAiPjxGT05UIHNpemU9IjIiPjU0MIPSpKs0MzKD0jwvRk9OVD48L1REPgogICAgPC9UUj4KICAgIDxUUj4KICAgICAgPFREIGNvbHNwYW49IjMiIGFsaWduPSJjZW50ZXIiIGhlaWdodD0iMTkiIHdpZHRoPSIzMzQiPjxGT05UIHNpemU9IjIiPjxJTUcgc3JjPSJodHRwOi8vaW1hZ2UucmFrdXRlbi5jby5qcC9lLW1hYnVjaGkvY2FiaW5ldC9ocC9saW5lLXlva28tc3MuZ2lmIiBib3JkZXI9IjAiPjwvRk9OVD48L1REPgogICAgPC9UUj4KICA8L1RCT0RZPgo8L1RBQkxFPgo8L0NFTlRFUj4KPEZPTlQgc2l6ZT0iMiI+PEJSPgo8L0ZPTlQ+CjxUQUJMRSBib3JkZXI9IjAiPgogIDxUQk9EWT4KICAgIDxUUj4KICAgICAgPFREPjxGT05UIHNpemU9IjIiPqH51azF5LHjNDMyg9Kkz5Z8sbE2sWikzqTfpMehorGxuqO1wD88QlI+CiAgICAgIKGhm1+/ST/reI11pPKz/aSvy/uxaKSsNTQwg9KkyKTKpOqk3qS5oaM8QlI+CiAgICAgIDxCUj4KICAgICAgofm31qSxpMaktNeizsTtlKSkpMak4rBry82kz6Sqo7HIy5iUMZd5sPw8QlI+CiAgICAgIKGhpM6wa8vNpMekuaGjoaGEZcvNpM+MnY/qpLekxqSqpOqk3qS7pPOhozwvRk9OVD48L1REPgogICAgPC9UUj4KICA8L1RCT0RZPgo8L1RBQkxFPgo8L0NFTlRFUj4KPFAgYWxpZ249ImNlbnRlciI+PEJSPgo8L1A+CjxDRU5URVI+PEZPTlQgc2l6ZT0iMiI+PElNRyBzcmM9Imh0dHA6Ly9pbWFnZS5yYWt1dGVuLmNvLmpwL2UtbWFidWNoaS9jYWJpbmV0L3RlbnNlbi1jLmpwZyIgYm9yZGVyPSIwIj6hoTxCPqSqpLmkuaThpaKlpKXGpeA8L0I+oaE8SU1HIHNyYz0iaHR0cDovL2ltYWdlLnJha3V0ZW4uY28uanAvZS1tYWJ1Y2hpL2NhYmluZXQvdGVuc2VuLWMuanBnIiBib3JkZXI9IjAiPjxCUj4KPEJSPgo8L0ZPTlQ+PC9DRU5URVI+CjxDRU5URVI+CjxUQUJMRT4KICA8VEJPRFk+CiAgICA8VFI+CiAgICAgIDxURD48Rk9OVCBzaXplPSIyIj48SU1HIHNyYz0iaHR0cDovL2ltYWdlLnJha3V0ZW4uY28uanAvZS1tYWJ1Y2hpL2NhYmluZXQvbWluaS1pdG8uanBnIiBib3JkZXI9IjAiPqGh08PGtz/Tw77fPEJSPgogICAgICA8SU1HIHNyYz0iaHR0cDovL2ltYWdlLnJha3V0ZW4uY28uanAvZS1tYWJ1Y2hpL2NhYmluZXQvbWluaS1pdG8uanBnIiBib3JkZXI9IjAiPqGhpbel6qWzpfOluaXXpeypYDxCUj4KICAgICAgPElNRyBzcmM9Imh0dHA6Ly9pbWFnZS5yYWt1dGVuLmNvLmpwL2UtbWFidWNoaS9jYWJpbmV0L21pbmktaXRvLmpwZyIgYm9yZGVyPSIwIj6hoaXfpbel8/TpPEJSPgogICAgICA8L0ZPTlQ+PC9URD4KICAgIDwvVFI+CiAgPC9UQk9EWT4KPC9UQUJMRT4KPC9DRU5URVI+CjxQIGFsaWduPSJjZW50ZXIiPjxJTUcgc3JjPSJodHRwOi8vaW1hZ2UucmFrdXRlbi5jby5qcC9lLW1hYnVjaGkvY2FiaW5ldC90ZW5zZW4tci5qcGciIGJvcmRlcj0iMCI+PEZPTlQgc2l6ZT0iMiI+PEJSPgo8L0ZPTlQ+PC9QPjxCPjxGT05UIGNvbG9yPXJlZCBzaXplPTI+PElNRyBzcmM9Imh0dHA6Ly9pbWFnZS5yYWt1dGVuLmNvLmpwL2UtbWFidWNoaS9jYWJpbmV0L2hwL2FzdS5naWYiIGJvcmRlcj0iMCI+IDwvRk9OVD48L0I+PEZPTlQgc2l6ZT0yPoxnterFbqTI1NqO7Lmy09Ckzp7poaKlzaXDpcilt6XnpcOl16TH2JyJ06S3pMakpKTGpOKMZ7XqxW6kx4nTpOykxqS3pN6kw6S/iPa6z6GiPEJSPgqhoSAK2JyJ09bQpMek4snqpLfUVaS0pLakpKTepLuk86SsoaKktNeizsSkzqW/paSl36XzpbCky6TopOrGt8fQpOykzoj2us+krKS0pLakpKTepLmhozxCUj4KoaGkvaTO60ikz6GipeGpYKXrtcikx6S030K9aqS1pLukxu2UpK2k3qS5pM6kx6S0wcuz0M/CpLWkpKGjPEJSPgqhodPWoaLU2o7sx9Ck7KTH1NqO7KSspKKk67fWpPLPyKTLpKrLzaTqpLmk64j2us+kz6Giy83Bz6SsMrvYt9akq6SrpOqk3qS5pM6kx6GiPEJSPgqhocnqpLfUVaS0pLakpKTepLuk86SsPEI+MrvYt9akzsvNwc+kz6Sqv82YlNiTtaM8L0I+pMekqu6KpKTWwqS3pN6kuaGjPEJSPgqhoYRly82ktM+jzfukzoj2us+kz6GipLTBy7PQpM7Jz6S008PD/M/CpLWkpKGjPC9GT05UPjxCPjxGT05UIHNpemU9Mj48QlI+CjxCUj4KPC9GT05UPjxGT05UIHNpemU9IjIiIGNvbG9yPSIjZmYwMDAwIj48SU1HIHNyYz0iaHR0cDovL2ltYWdlLnJha3V0ZW4uY28uanAvZS1tYWJ1Y2hpL2NhYmluZXQvaHAvYXN1LmdpZiIgYm9yZGVyPSIwIj4gPC9GT05UPjwvQj48Rk9OVCBzaXplPTI+pKq/zZiUpM6ktNNFpMukyqTrrWi+s6TLpOik6qGipaul6algpKzfYKTDpMbSiqSopOuI9rrPpKyktKS2pKSk3qS5pM6kx6GipLTBy7PQz8KktaSkoaM8L0ZPTlQ+PEJSPgo8Qj48Rk9OVCBzaXplPTI+PEJSPgo8L0ZPTlQ+PC9CPjxGT05UIGNvbG9yPSJyZWQiIHNpemU9IjIiPjxJTUcgc3JjPSJodHRwOi8vaW1hZ2UucmFrdXRlbi5jby5qcC9lLW1hYnVjaGkvY2FiaW5ldC9ocC9hc3UuZ2lmIiBib3JkZXI9IjAiPiA8L0ZPTlQ+PEZPTlQgc2l6ZT0iMiI+xeTLzbe9t6ikx6XNpbOl3aW5pOS2qNDOzeLgXbHjpPKktNa4tqjtlKSkpMak4tKOtqjN4qTHpLTA+9PD7ZSksaTKpKSI9rrPpM+hojxCUj4KoaGx17XqpMewa8vNv8nE3KTKxeTLzbe9t6iky4nkuPzWwqS3pN6kuaGjPEJSPgqhobao0M7N4uBdseOkq9WsxeSx46TLieS4/KS3pMawa8vN1sKkt6TepLmkzqTHoaLT6KThpLTBy7PQpK+kwKS1pKShozxCUj4KoaE8QlI+CjxJTUcgc3JjPSJodHRwOi8vaW1hZ2UucmFrdXRlbi5jby5qcC9lLW1hYnVjaGkvY2FiaW5ldC9ocC9hc3UuZ2lmIiBib3JkZXI9IjAiPiCl2qlgpbiky7Ht05uktaTspMakpKTry83Bz6TPoaKkqr/NmJSkrMXky823vbeopPLfeJJrpLWk7KTrxL+wsqTOnumkzrHt05ukyKTKpOqk3qS5oaM8QlI+CqGhxeTLzbe9t6ikz9KOtqjN4qTHpLTA+9PD7ZSksaTKpKSI9rrPpM6k37HXteqkx4nkuPzWwqS3pN6kuaSsoaKkvaTs0tTN4qTPoaI8QlI+CqGhPEI+pLTXos7ElXKky994kmvtlKSkpL/F5MvNt723qKTHpM6wa8vNPC9CPqTIpMqk6qTepLmhozwvRk9OVD48QlI+,T1JHQU4gvNLNpdPDpd+lt6Xz4ZihoTmhqzE2usWhoUhBJnRpbWVzOzGjuqXepdalwaXNpcOlyKW3peelw6XX,pd6l1qXBkmmkraWtpeOl86XQpbmhobK8yfq12NHzssPK1ty/peml36XNqWClyL5kwum3q7K8pbOluaXXpezSwtewk9zLrrzTuaSl36W3pfPhmPTpyOuIQMjr0aelsKXDpbql1aWhpdal6qXDpa8xMKPjo+2kq6Tp2JyJ07TMpLek5aSmy83Bz59vwc9PUkdBTiC80s2l08Ol36W3pfPhmKGhOaGrMTa6xaGhSEEmdGltZXM7MQ==,paql66WspfMgvNLNpdPDpd+lt6Xz4Ziho09SR0FOILzSzaXTw6Xfpbel8+GYoaE5oasxNrrFoaFIQSZ0aW1lczsx[rn]
25-29659,aHR0cDovL3RzaG9wLnIxMHMuanAvZS1tYWJ1Y2hpL2NhYmluZXQvZnVrdS8wNDEzMjIwNS95YWgtNDAtMS5qcGc/Zml0aW49NzAwOjcwMA==,NDQwLjAwMDA=,,yNXTw8a362rYmz/OxLe/vt8/ytbcvyA+IMrW3L8/pa+l6aXVpcg/yfq12CA+IKWipa+lu6W1peqpYKWvpeml1aXIssTBzyA+IKWipa+ltaXqqWCl0algpcQgPiCkvaTOy/s=,SU5BWlVNQSC6z8aks9akwcrWob40MKPjo+28mr/aytaktaSypb+lpKXXob8=,,PGNlbnRlcj48QlI+CjxJTUcgc3JjPSJodHRwOi8vaW1hZ2UucmFrdXRlbi5jby5qcC9lLW1hYnVjaGkvY2FiaW5ldC90ZW5zZW4tbC5qcGciIGJvcmRlcj0iMCI+PEZPTlQgc2l6ZT0iMiI+PEJSPgo8QlI+CjwvRk9OVD48Rk9OVCBzaXplPSIyIj66z7PJxqS47zQwo+Oj7aTOvJq/2srWpLWksqW/paSl16GjPEJSPgo8QlI+Csq5pKSk5KS5pKTpTKS1pM6z1qTBytakx6S5oaM8QlI+CjxCUj4KOLesyaukz478yaukx6S5oaM8QlI+CjxCUj4KPEJSPgo8L0ZPTlQ+CjxUQUJMRSBib3JkZXI9IjAiPgogIDxUQk9EWT4KICAgIDxUUj4KICAgICAgPFREPjxJTUcgc3JjPSJodHRwOi8vaW1hZ2UucmFrdXRlbi5jby5qcC9lLW1hYnVjaGkvY2FiaW5ldC9taW5pLWl0by5qcGciIGJvcmRlcj0iMCI+oaE8U1BBTiBjbGFzcz0iaXRlbV9kZXNjIj48Rk9OVCBjb2xvcj0iIzAwMDAwMCIgc2l6ZT0iMiI+pbWlpKW6o7rIq+lMvHMzMGNtPC9GT05UPjwvU1BBTj48QlI+CiAgICAgIDxJTUcgc3JjPSJodHRwOi8vaW1hZ2UucmFrdXRlbi5jby5qcC9lLW1hYnVjaGkvY2FiaW5ldC9taW5pLWl0by5qcGciIGJvcmRlcj0iMCI+oaE8U1BBTiBjbGFzcz0iaXRlbV9kZXNjIj48Rk9OVCBjb2xvcj0iIzAwMDAwMCIgc2l6ZT0iMiI+t/mjurxzMC41Y208QlI+CiAgICAgIDwvRk9OVD48L1NQQU4+PFNQQU4gY2xhc3M9Iml0ZW1fZGVzYyI+PC9TUEFOPjxJTUcgc3JjPSJodHRwOi8vaW1hZ2UucmFrdXRlbi5jby5qcC9lLW1hYnVjaGkvY2FiaW5ldC9taW5pLWl0by5qcGciIGJvcmRlcj0iMCI+oaE8U1BBTiBjbGFzcz0iaXRlbV9kZXNjIj48Rk9OVCBzaXplPSIyIj7L2LLEo7q6z7PJxqS476OoMrG+yOujqTwvRk9OVD48L1NQQU4+PC9URD4KICAgIDwvVFI+CiAgPC9UQk9EWT4KPC9UQUJMRT4KPEZPTlQgc2l6ZT0iMiI+PEJSPgo8L0ZPTlQ+PEJSPgo8SU1HIHNyYz0iaHR0cDovL2ltYWdlLnJha3V0ZW4uY28uanAvZS1tYWJ1Y2hpL2NhYmluZXQvdGVuc2VuLWMuanBnIiBib3JkZXI9IjAiPqGhPEI+PEZPTlQgc2l6ZT0iMiI+y83Bz6TPz8LTm6TypLSyztXVz8KktaSkoaE8SU1HIHNyYz0iaHR0cDovL2ltYWdlLnJha3V0ZW4uY28uanAvZS1tYWJ1Y2hpL2NhYmluZXQvdGVuc2VuLWMuanBnIiBib3JkZXI9IjAiPjwvRk9OVD48L0I+PEJSPgo8QlI+CjxUQUJMRSBib3JkZXI9IjAiIHdpZHRoPSIyODAiIGhlaWdodD0iMTUyIiBzdHlsZT0nZm9udC1zaXplIDogc21hbGw7Zm9udC1mYW1pbHkgOiAio82j0yCltKW3pcOlryI7dGV4dC1hbGlnbiA6IGNlbnRlcjtyaWdodCA6IGluaGVyaXQ7Jz4KICA8VEJPRFk+CiAgICA8VFI+CiAgICAgIDxURCBjb2xzcGFuPSIzIiB3aWR0aD0iMzM0Ij48SU1HIHNyYz0iaHR0cDovL2ltYWdlLnJha3V0ZW4uY28uanAvZS1tYWJ1Y2hpL2NhYmluZXQvaHAvbGluZS15b2tvLXNzLmdpZiIgYm9yZGVyPSIwIj48L1REPgogICAgPC9UUj4KICAgIDxUUj4KICAgICAgPFREIGJnY29sb3I9IiNmZmVmZGYiIHdpZHRoPSI4MCI+xeTLzbe9t6g8L1REPgogICAgICA8VEQgYmdjb2xvcj0iI2ZmZWZkZiIgd2lkdGg9IjEwMCI+pLTXos7EhWfOuzwvVEQ+CiAgICAgIDxURCBiZ2NvbG9yPSIjZmZlZmRmIiB3aWR0aD0iMTAwIj7LzcHPPC9URD4KICAgIDwvVFI+CiAgICA8VFI+CiAgICAgIDxURCBjb2xzcGFuPSIzIiB3aWR0aD0iMzM0Ij48SU1HIHNyYz0iaHR0cDovL2ltYWdlLnJha3V0ZW4uY28uanAvZS1tYWJ1Y2hpL2NhYmluZXQvaHAvbGluZS15b2tvLXNzLmdpZiIgYm9yZGVyPSIwIj48L1REPgogICAgPC9UUj4KICAgIDxUUj4KICAgICAgPFREIGJnY29sb3I9IiNmZmVmZGYiIHdpZHRoPSI4MCI+pc2ls6Xdpbk8L1REPgogICAgICA8VEQgd2lkdGg9IjEwMCI+ocE8L1REPgogICAgICA8VEQgd2lkdGg9IjEwMCI+LTwvVEQ+CiAgICA8L1RSPgogICAgPFRSPgogICAgICA8VEQgY29sc3Bhbj0iMyIgd2lkdGg9IjMzNCI+PElNRyBzcmM9Imh0dHA6Ly9pbWFnZS5yYWt1dGVuLmNvLmpwL2UtbWFidWNoaS9jYWJpbmV0L2hwL2xpbmUteW9rby1zcy5naWYiIGJvcmRlcj0iMCI+PC9URD4KICAgIDwvVFI+CiAgICA8VFI+CiAgICAgIDxURCBiZ2NvbG9yPSIjZmZlZmRmIiB3aWR0aD0iODAiPrao0M7N4jwvVEQ+CiAgICAgIDxURCB3aWR0aD0iMTAwIj7A+9PDv8k8L1REPgogICAgICA8VEQgd2lkdGg9IjEwMCI+NDAwg9I8L1REPgogICAgPC9UUj4KICAgIDxUUj4KICAgICAgPFREIGNvbHNwYW49IjMiIHdpZHRoPSIzMzQiPjxJTUcgc3JjPSJodHRwOi8vaW1hZ2UucmFrdXRlbi5jby5qcC9lLW1hYnVjaGkvY2FiaW5ldC9ocC9saW5lLXlva28tc3MuZ2lmIiBib3JkZXI9IjAiPjwvVEQ+CiAgICA8L1RSPgogICAgPFRSPgogICAgICA8VEQgYmdjb2xvcj0iI2ZmZWZkZiIgaGVpZ2h0PSIxNyIgd2lkdGg9IjgwIj7VrMXkseM8L1REPgogICAgICA8VEQgaGVpZ2h0PSIxNyIgd2lkdGg9IjEwMCI+wPvTw7/JPC9URD4KICAgICAgPFREIGhlaWdodD0iMTciIHdpZHRoPSIxMDAiPjU0MIPSpKs0MzKD0jwvVEQ+CiAgICA8L1RSPgogICAgPFRSPgogICAgICA8VEQgY29sc3Bhbj0iMyIgaGVpZ2h0PSIxOSIgd2lkdGg9IjMzNCI+PElNRyBzcmM9Imh0dHA6Ly9pbWFnZS5yYWt1dGVuLmNvLmpwL2UtbWFidWNoaS9jYWJpbmV0L2hwL2xpbmUteW9rby1zcy5naWYiIGJvcmRlcj0iMCI+PC9URD4KICAgIDwvVFI+CiAgPC9UQk9EWT4KPC9UQUJMRT4KPEJSPgo8VEFCTEUgYm9yZGVyPSIwIj4KICA8VEJPRFk+CiAgICA8VFI+CiAgICAgIDxURD48Rk9OVCBzaXplPSIyIj6h+aXNpbOl3aW5pM+ktMD708PtlKSxpN6ku6TzoaM8QlI+CiAgICAgIDxCUj4KICAgICAgofnVrMXkseM0MzKD0qTPlnyxsTaxaKTOpN+kx6GisbG6o7XAPzxCUj4KICAgICAgoaGbX79JP+t4jXWk8rP9pK/L+7FopKw1NDCD0qTIpMqk6qTepLmhozxCUj4KICAgICAgPEJSPgogICAgICCh+cnP05vBz73wpM/NrMnMxrekzoj2us+kx6S5oaM8QlI+CiAgICAgIKGhy/vJzMa3pMikzs2sl3mkz8vNwc+krInkpO+k64j2us+krDxCUj4KICAgICAgoaGktKS2pKSk3qS5pM6kx6S0wcuz0M/CpLWkpKGjPEJSPgogICAgICA8QlI+CiAgICAgIKH5t9aksaTGpLTXos7E7ZSkpKTGpOKwa8vNpM+kqqOxyMuYlDGXeTxCUj4KICAgICAgoaGw/KTOsGvLzaTHpLmho4Rly82kz4ydj+qkt6TGpKqk6qTepLuk86GjPC9GT05UPjwvVEQ+CiAgICA8L1RSPgogIDwvVEJPRFk+CjwvVEFCTEU+CjxCUj4KPEJSPgo8SU1HIHNyYz0iaHR0cDovL2ltYWdlLnJha3V0ZW4uY28uanAvZS1tYWJ1Y2hpL2NhYmluZXQvdGVuc2VuLWMuanBnIiBib3JkZXI9IjAiPqGhPEI+PEZPTlQgc2l6ZT0iMiI+pKqkuaS5pOGloqWkpcal4KGhPElNRyBzcmM9Imh0dHA6Ly9pbWFnZS5yYWt1dGVuLmNvLmpwL2UtbWFidWNoaS9jYWJpbmV0L3RlbnNlbi1jLmpwZyIgYm9yZGVyPSIwIj48L0ZPTlQ+PC9CPjxCUj4KPEJSPgo8SU1HIHNyYz0iaHR0cDovL2ltYWdlLnJha3V0ZW4uY28uanAvZS1tYWJ1Y2hpL2NhYmluZXQvbWluaS1pdG8uanBnIiBib3JkZXI9IjAiPqGhPEZPTlQgc2l6ZT0iMiI+peyltqlg08PK1r9wpKT06TwvRk9OVD48QlI+CjxCUj4KPElNRyBzcmM9Imh0dHA6Ly9pbWFnZS5yYWt1dGVuLmNvLmpwL2UtbWFidWNoaS9jYWJpbmV0L3RlbnNlbi1yLmpwZyIgYm9yZGVyPSIwIj48QlI+CjwvQ0VOVEVSPjxCPjxGT05UIGNvbG9yPXJlZCBzaXplPTI+PElNRyBzcmM9Imh0dHA6Ly9pbWFnZS5yYWt1dGVuLmNvLmpwL2UtbWFidWNoaS9jYWJpbmV0L2hwL2FzdS5naWYiIGJvcmRlcj0iMCI+IDwvRk9OVD48L0I+PEZPTlQgc2l6ZT0yPoxnterFbqTI1NqO7Lmy09Ckzp7poaKlzaXDpcilt6XnpcOl16TH2JyJ06S3pMakpKTGpOKMZ7XqxW6kx4nTpOykxqS3pN6kw6S/iPa6z6GiPEJSPgqhoSDYnInT1tCkx6Tiyeqkt9RVpLSktqSkpN6ku6TzpKyhoqS016LOxKTOpb+lpKXfpfOlsKTLpOik6sa3x9Ck7KTOiPa6z6SspLSktqSkpN6kuaGjPEJSPgqhoaS9pM7rSKTPoaKl4algpeu1yKTHpLTfQr1qpLWku6TG7ZSkraTepLmkzqTHpLTBy7PQz8KktaSkoaM8QlI+CqGh09ahotTajuzH0KTspMfU2o7spKykoqTrt9ak8s/IpMukqsvNpOqkuaTriPa6z6TPoaLLzcHPpKwyu9i31qSrpKuk6qTepLmkzqTHoaI8QlI+CqGhyeqkt9RVpLSktqSkpN6ku6TzpKw8Qj4yu9i31qTOy83Bz6TPpKq/zZiU2JO1ozwvQj6kx6Sq7oqkpNbCpLek3qS5oaM8QlI+CqGhhGXLzaS0z6PN+6TOiPa6z6TPoaKktMHLs9CkzsnPpLTTw8P8z8KktaSkoaM8L0ZPTlQ+PEI+PEZPTlQgc2l6ZT0yPjxCUj4KPEJSPgo8Rk9OVCBjb2xvcj1yZWQgc2l6ZT0yPjxJTUcgc3JjPSJodHRwOi8vaW1hZ2UucmFrdXRlbi5jby5qcC9lLW1hYnVjaGkvY2FiaW5ldC9ocC9hc3UuZ2lmIiBib3JkZXI9IjAiPiA8L0ZPTlQ+PC9GT05UPjwvQj48Rk9OVCBzaXplPTI+pLTTRe2UpK+taL6zpMuk6KTqpaul6algpKzfYKTDpMbSiqSopOuI9rrPpKyktKS2pKSk3qS5pM6kx6GipLTBy7PQz8KktaSkoaM8QlI+CjxCUj4KPEZPTlQgY29sb3I9InJlZCIgc2l6ZT0iMiI+PElNRyBzcmM9Imh0dHA6Ly9pbWFnZS5yYWt1dGVuLmNvLmpwL2UtbWFidWNoaS9jYWJpbmV0L2hwL2FzdS5naWYiIGJvcmRlcj0iMCI+IDwvRk9OVD6x7dObpLekxqSqpOqk3qS5yfq12L3tpM+hosrLyc+krKTqpMuk6KTDpMa24MnZx7Dh4aS5pOuI9rrPpKyktKS2pKSk3qS5oaM8QlI+CqGh09ahos2spLjJ+rXYpMek4si+pOGk67iqpKzfYKSmpMjJq6TLzqLD7qTK32CkpKSss/ak3qS5oaPXt7zTpLTXos7Etcikx82spLjJ+rXYpPI8QlI+CqGhpLTXos7E7ZSkpKS/iPa6z6THpOLIvqThpOu4qqSs32Ckw6S/yfq12KTPoaLI9LjJpaul6algpKyJ5KTvpOvKwqSspLSktqSkpN6kuaTOpMehojxCUj4KoaGktMHLs9CkzsnPoaKktNeizsSk8qSq7oqkpNbCpLek3qS5oaM8QlI+CjxCUj4KPC9GT05UPgo8Rk9OVCBjb2xvcj0icmVkIiBzaXplPSIyIj48SU1HIHNyYz0iaHR0cDovL2ltYWdlLnJha3V0ZW4uY28uanAvZS1tYWJ1Y2hpL2NhYmluZXQvaHAvYXN1LmdpZiIgYm9yZGVyPSIwIj4gPC9GT05UPjxGT05UIHNpemU9IjIiPsXky823vbeopMelzaWzpd2luaTktqjQzs3i4F2x46TypLTWuLao7ZSkpKTGpOLSjraozeKkx6S0wPvTw+2UpLGkyqSkiPa6z6TPoaI8QlI+CqGhsde16qTHsGvLzb/JxNykysXky823vbeopMuJ5Lj81sKkt6TepLmhozxCUj4KoaG2qNDOzeLgXbHjpKvVrMXkseOky4nkuPykt6TGsGvLzdbCpLek3qS5pM6kx6Gi0+ik4aS0wcuz0KSvpMCktaSkoaM8QlI+CjxCUj4KPEZPTlQgY29sb3I9InJlZCI+PElNRyBzcmM9Imh0dHA6Ly9pbWFnZS5yYWt1dGVuLmNvLmpwL2UtbWFidWNoaS9jYWJpbmV0L2hwL2FzdS5naWYiIGJvcmRlcj0iMCI+IDwvRk9OVD6l2qlgpbiky7Ht05uktaTspMakpKTry83Bz6TPoaKkqr/NmJSkrMXky823vbeopPLfeJJrpLWk7KTrxL+wsqTOnumkzrHt05ukyKTKpOqk3qS5oaM8QlI+CqGhxeTLzbe9t6ikz9KOtqjN4qTHpLTA+9PD7ZSksaTKpKSI9rrPpM6k37HXteqkx4nkuPzWwqS3pN6kuaSsoaKkvaTs0tTN4qTPoaI8QlI+CqGhPEI+pLTXos7ElXKky994kmvtlKSkpL/F5MvNt723qKTHpM6wa8vNPC9CPqTIpMqk6qTepLmhozwvRk9OVD48QlI+,SU5BWlVNQSC6z8aks9akwcrWob40MKPjo+28mr/aytaktaSypb+lpKXXob+juqXepdalwaXNpcOlyKW3peelw6XX,pd6l1qXBkmmkraWtpeOl86XQpbmhobK8yfq12NHzssPK1ty/peml36XNqWClyL5kwum3q7K8pbOluaXXpezSwtewk9zLrrzTuaSl36W3pfPhmPTpyOuIQMjr0aelsKXDpbql1aWhpdal6qXDpa8xMKPjo+2kq6Tp2JyJ07TMpLek5aSmy83Bz59vwc9JTkFaVU1BILrPxqSz1qTBytahvjQwo+Oj7byav9rK1qS1pLKlv6Wkpdehvw==,SU5BWlVNQSC6z8aks9akwcrWob40MKPjo+28mr/aytaktaSypb+lpKXXob8=[rn]
25-29660,aHR0cDovL3RzaG9wLnIxMHMuanAvZS1tYWJ1Y2hpL2NhYmluZXQvZnVrdS9hdHRhY2htZW50L3NsLWtuaXQtbTE0LmdpZj9maXRpbj03MDA6NzAw,MjQwLjAwMDA=,,yNXTw8a362rYmz/OxLe/vt8/ytbcvyA+IMrW3L8/pa+l6aXVpcg/yfq12CA+IKWipa+lu6W1peqpYKWvpeml1aXIssTBzyA+IKWipa+ltaXqqWCl0algpcQgPiCkvaTOy/s=,U3VuIExpZmWhobzSzaXTw6XLpcOlyKXfpbel8+GYMTS6xaGhSEGhwUlTUA==,pculw6XI08Ol36W3pfPhmLrxytakzqXLpcOlyNPD,PGNlbnRlcj48SU1HIHNyYz0iaHR0cDovL2ltYWdlLnJha3V0ZW4uY28uanAvZS1tYWJ1Y2hpL2NhYmluZXQvdGVuc2VuLWwuanBnIiBib3JkZXI9IjAiPjxCUj4KPEJSPgo8Rk9OVCBzaXplPSIyIj668crWpM6ly6XDpci12NPDpd+lt6Xz4ZihozxCUj4KPEJSPgqly6XDpcg/pcil6qWzpcOlyKTkpbil46lgpbikyqTJPEJSPgrJ7L9z0NSkzqSipOvJ+rXYpM6Mn9PD4Zikx6S5oaM8QlI+CjxCUj4K4Ziky7rPpKb06aTkyfq12KTP1/O7rc/xpM48QlI+CjK3rMS/pPKktLLO1dXPwqS1pKShozxCUj4KPEJSPgo8QlI+CjwvRk9OVD4KPFRBQkxFPgogIDxUQk9EWT4KICAgIDxUUj4KICAgICAgPFREPjxGT05UIHNpemU9IjIiPjxJTUcgc3JjPSJodHRwOi8vaW1hZ2UucmFrdXRlbi5jby5qcC9lLW1hYnVjaGkvY2FiaW5ldC9taW5pLWl0by5qcGciIGJvcmRlcj0iMCI+oaGluaXBqWCl69F1pculw6Wxpeul4aXDpa08QlI+CiAgICAgIDxJTUcgc3JjPSJodHRwOi8vaW1hZ2UucmFrdXRlbi5jby5qcC9lLW1hYnVjaGkvY2FiaW5ldC9taW5pLWl0by5qcGciIGJvcmRlcj0iMCI+oaE0sb6lu6XDpcg8L0ZPTlQ+PC9URD4KICAgIDwvVFI+CiAgPC9UQk9EWT4KPC9UQUJMRT4KPEZPTlQgc2l6ZT0iMiI+PEJSPgo8QlI+CjxJTUcgc3JjPSJodHRwOi8vaW1hZ2UucmFrdXRlbi5jby5qcC9lLW1hYnVjaGkvY2FiaW5ldC90ZW5zZW4tYy5qcGciIGJvcmRlcj0iMCI+oaE8Qj48Rk9OVCBzaXplPSIyIj7LzcHPpM/PwtObpPKktLLO1dXPwqS1pKShoTxJTUcgc3JjPSJodHRwOi8vaW1hZ2UucmFrdXRlbi5jby5qcC9lLW1hYnVjaGkvY2FiaW5ldC90ZW5zZW4tYy5qcGciIGJvcmRlcj0iMCI+PC9GT05UPjwvQj48QlI+CjxCUj4KPC9GT05UPgo8VEFCTEUgYm9yZGVyPSIwIiB3aWR0aD0iMjgwIiBoZWlnaHQ9IjE1MiI+CiAgPFRCT0RZPgogICAgPFRSPgogICAgICA8VEQgY29sc3Bhbj0iMyIgYWxpZ249ImNlbnRlciIgd2lkdGg9IjMzNCI+PEZPTlQgc2l6ZT0iMiI+PEZPTlQgc2l6ZT0iMiI+PElNRyBzcmM9Imh0dHA6Ly9pbWFnZS5yYWt1dGVuLmNvLmpwL2UtbWFidWNoaS9jYWJpbmV0L2hwL2xpbmUteW9rby1zcy5naWYiIGJvcmRlcj0iMCI+PC9GT05UPjwvRk9OVD48L1REPgogICAgPC9UUj4KICAgIDxUUj4KICAgICAgPFREIGFsaWduPSJjZW50ZXIiIGJnY29sb3I9IiNmZmVmZGYiIHdpZHRoPSI4MCI+PEZPTlQgc2l6ZT0iMiI+xeTLzbe9t6g8L0ZPTlQ+PC9URD4KICAgICAgPFREIGFsaWduPSJjZW50ZXIiIGJnY29sb3I9IiNmZmVmZGYiIHdpZHRoPSIxMDAiPjxGT05UIHNpemU9IjIiPqS016LOxIVnzrs8L0ZPTlQ+PC9URD4KICAgICAgPFREIGFsaWduPSJjZW50ZXIiIGJnY29sb3I9IiNmZmVmZGYiIHdpZHRoPSIxMDAiPjxGT05UIHNpemU9IjIiPsvNwc88L0ZPTlQ+PC9URD4KICAgIDwvVFI+CiAgICA8VFI+CiAgICAgIDxURCBjb2xzcGFuPSIzIiBhbGlnbj0iY2VudGVyIiB3aWR0aD0iMzM0Ij48Rk9OVCBzaXplPSIyIj48SU1HIHNyYz0iaHR0cDovL2ltYWdlLnJha3V0ZW4uY28uanAvZS1tYWJ1Y2hpL2NhYmluZXQvaHAvbGluZS15b2tvLXNzLmdpZiIgYm9yZGVyPSIwIj48L0ZPTlQ+PC9URD4KICAgIDwvVFI+CiAgICA8VFI+CiAgICAgIDxURCBhbGlnbj0iY2VudGVyIiBiZ2NvbG9yPSIjZmZlZmRmIiB3aWR0aD0iODAiPjxGT05UIHNpemU9IjIiPqXNpbOl3aW5PC9GT05UPjwvVEQ+CiAgICAgIDxURCBhbGlnbj0iY2VudGVyIiB3aWR0aD0iMTAwIj48Rk9OVCBzaXplPSIyIj7A+9PDv8k8L0ZPTlQ+PC9URD4KICAgICAgPFREIGFsaWduPSJjZW50ZXIiIHdpZHRoPSIxMDAiPjxGT05UIHNpemU9IjIiPjI3MIPSPC9GT05UPjwvVEQ+CiAgICA8L1RSPgogICAgPFRSPgogICAgICA8VEQgY29sc3Bhbj0iMyIgYWxpZ249ImNlbnRlciIgd2lkdGg9IjMzNCI+PEZPTlQgc2l6ZT0iMiI+PElNRyBzcmM9Imh0dHA6Ly9pbWFnZS5yYWt1dGVuLmNvLmpwL2UtbWFidWNoaS9jYWJpbmV0L2hwL2xpbmUteW9rby1zcy5naWYiIGJvcmRlcj0iMCI+PC9GT05UPjwvVEQ+CiAgICA8L1RSPgogICAgPFRSPgogICAgICA8VEQgYWxpZ249ImNlbnRlciIgYmdjb2xvcj0iI2ZmZWZkZiIgd2lkdGg9IjgwIj48Rk9OVCBzaXplPSIyIj62qNDOzeI8L0ZPTlQ+PC9URD4KICAgICAgPFREIGFsaWduPSJjZW50ZXIiIHdpZHRoPSIxMDAiPjxGT05UIHNpemU9IjIiPsD708O/yTwvRk9OVD48L1REPgogICAgICA8VEQgYWxpZ249ImNlbnRlciIgd2lkdGg9IjEwMCI+PEZPTlQgc2l6ZT0iMiI+NDAwg9I8L0ZPTlQ+PC9URD4KICAgIDwvVFI+CiAgICA8VFI+CiAgICAgIDxURCBjb2xzcGFuPSIzIiBhbGlnbj0iY2VudGVyIiB3aWR0aD0iMzM0Ij48Rk9OVCBzaXplPSIyIj48SU1HIHNyYz0iaHR0cDovL2ltYWdlLnJha3V0ZW4uY28uanAvZS1tYWJ1Y2hpL2NhYmluZXQvaHAvbGluZS15b2tvLXNzLmdpZiIgYm9yZGVyPSIwIj48L0ZPTlQ+PC9URD4KICAgIDwvVFI+CiAgICA8VFI+CiAgICAgIDxURCBhbGlnbj0iY2VudGVyIiBiZ2NvbG9yPSIjZmZlZmRmIiBoZWlnaHQ9IjE3IiB3aWR0aD0iODAiPjxGT05UIHNpemU9IjIiPtWsxeSx4zwvRk9OVD48L1REPgogICAgICA8VEQgYWxpZ249ImNlbnRlciIgaGVpZ2h0PSIxNyIgd2lkdGg9IjEwMCI+PEZPTlQgc2l6ZT0iMiI+wPvTw7/JPC9GT05UPjwvVEQ+CiAgICAgIDxURCBhbGlnbj0iY2VudGVyIiBoZWlnaHQ9IjE3IiB3aWR0aD0iMTAwIj48Rk9OVCBzaXplPSIyIj41NDCD0qSrNDMyg9I8L0ZPTlQ+PC9URD4KICAgIDwvVFI+CiAgICA8VFI+CiAgICAgIDxURCBjb2xzcGFuPSIzIiBhbGlnbj0iY2VudGVyIiBoZWlnaHQ9IjE5IiB3aWR0aD0iMzM0Ij48Rk9OVCBzaXplPSIyIj48SU1HIHNyYz0iaHR0cDovL2ltYWdlLnJha3V0ZW4uY28uanAvZS1tYWJ1Y2hpL2NhYmluZXQvaHAvbGluZS15b2tvLXNzLmdpZiIgYm9yZGVyPSIwIj48L0ZPTlQ+PC9URD4KICAgIDwvVFI+CiAgPC9UQk9EWT4KPC9UQUJMRT4KPEJSPgo8VEFCTEUgYm9yZGVyPSIwIj4KICA8VEJPRFk+CiAgICA8VFI+CiAgICAgIDxURD48Rk9OVCBzaXplPSIyIj6h+dWsxeSx4zQzMoPSpM+WfLGxNrFopM6k36THoaKxsbqjtcA/PEJSPgogICAgICChoZtfv0k/63iNdaTys/2kr8v7sWikrDU0MIPSpMikyqTqpN6kuaGjPEJSPgogICAgICA8QlI+CiAgICAgIKH5yc/Tm8HPvfCkz82syczGt6TOiPa6z6THpLmhozxCUj4KICAgICAgoaHL+8nMxrekyKTOzayXeaTPy83Bz6SsieSk76TriPa6z6SsPEJSPgogICAgICChoaS0pLakpKTepLmkzqTHpLTBy7PQz8KktaSkoaM8QlI+CiAgICAgIDxCUj4KICAgICAgofm31qSxpMaktNeizsTtlKSkpMak4rBry82kz6Sqo7HIy5iUMZd5sPw8QlI+CiAgICAgIKGhpM6wa8vNpMekuaGjoaGEZcvNpM+MnY/qpLekxqSqpOqk3qS7pPOhozwvRk9OVD48L1REPgogICAgPC9UUj4KICA8L1RCT0RZPgo8L1RBQkxFPgo8QlI+CjxCUj4KPEZPTlQgc2l6ZT0iMiI+PElNRyBzcmM9Imh0dHA6Ly9pbWFnZS5yYWt1dGVuLmNvLmpwL2UtbWFidWNoaS9jYWJpbmV0L3RlbnNlbi1jLmpwZyIgYm9yZGVyPSIwIj6hoTxCPqSqpLmkuaThpaKlpKXGpeA8L0I+oaE8SU1HIHNyYz0iaHR0cDovL2ltYWdlLnJha3V0ZW4uY28uanAvZS1tYWJ1Y2hpL2NhYmluZXQvdGVuc2VuLWMuanBnIiBib3JkZXI9IjAiPjxCUj4KPEJSPgo8L0ZPTlQ+CjxUQUJMRT4KICA8VEJPRFk+CiAgICA8VFI+CiAgICAgIDxURD48Rk9OVCBzaXplPSIyIj48SU1HIHNyYz0iaHR0cDovL2ltYWdlLnJha3V0ZW4uY28uanAvZS1tYWJ1Y2hpL2NhYmluZXQvbWluaS1pdG8uanBnIiBib3JkZXI9IjAiPqGh08PGtz/Tw77fPEJSPgogICAgICA8SU1HIHNyYz0iaHR0cDovL2ltYWdlLnJha3V0ZW4uY28uanAvZS1tYWJ1Y2hpL2NhYmluZXQvbWluaS1pdG8uanBnIiBib3JkZXI9IjAiPqGhpbel6qWzpfOluaXXpeypYDxCUj4KICAgICAgPElNRyBzcmM9Imh0dHA6Ly9pbWFnZS5yYWt1dGVuLmNvLmpwL2UtbWFidWNoaS9jYWJpbmV0L21pbmktaXRvLmpwZyIgYm9yZGVyPSIwIj6hoaXLpcOlyNPDpd+lt6Xz9Ok8QlI+CiAgICAgIDwvRk9OVD48L1REPgogICAgPC9UUj4KICA8L1RCT0RZPgo8L1RBQkxFPgo8QlI+CjxJTUcgc3JjPSJodHRwOi8vaW1hZ2UucmFrdXRlbi5jby5qcC9lLW1hYnVjaGkvY2FiaW5ldC90ZW5zZW4tci5qcGciIGJvcmRlcj0iMCI+PEZPTlQgc2l6ZT0iMiI+PEJSPgo8L0ZPTlQ+PC9DRU5URVI+PEI+PEZPTlQgY29sb3I9cmVkIHNpemU9Mj48SU1HIHNyYz0iaHR0cDovL2ltYWdlLnJha3V0ZW4uY28uanAvZS1tYWJ1Y2hpL2NhYmluZXQvaHAvYXN1LmdpZiIgYm9yZGVyPSIwIj4gPC9GT05UPjwvQj48Rk9OVCBzaXplPTI+jGe16sVupMjU2o7subLT0KTOnumhoqXNpcOlyKW3peelw6XXpMfYnInTpLekxqSkpMak4oxnterFbqTHidOk7KTGpLek3qTDpL+I9rrPoaI8QlI+CqGhINicidPW0KTHpOLJ6qS31FWktKS2pKSk3qS7pPOkrKGipLTXos7EpM6lv6Wkpd+l86WwpMuk6KTqxrfH0KTspM6I9rrPpKyktKS2pKSk3qS5oaM8QlI+CqGhpL2kzutIpM+hoqXhqWCl67XIpMektN9CvWqktaS7pMbtlKStpN6kuaTOpMektMHLs9DPwqS1pKShozxCUj4KoaHT1qGi1NqO7MfQpOykx9TajuykrKSipOu31qTyz8iky6Sqy82k6qS5pOuI9rrPpM+hosvNwc+krDK72LfWpKukq6TqpN6kuaTOpMehojxCUj4KoaHJ6qS31FWktKS2pKSk3qS7pPOkrDxCPjK72LfWpM7LzcHPpM+kqr/NmJTYk7WjPC9CPqTHpKruiqSk1sKkt6TepLmhozxCUj4KoaGEZcvNpLTPo837pM6I9rrPpM+hoqS0wcuz0KTOyc+ktNPDw/zPwqS1pKShozwvRk9OVD48Qj48Rk9OVCBzaXplPTI+PEJSPgo8QlI+CjxGT05UIGNvbG9yPXJlZCBzaXplPTI+PElNRyBzcmM9Imh0dHA6Ly9pbWFnZS5yYWt1dGVuLmNvLmpwL2UtbWFidWNoaS9jYWJpbmV0L2hwL2FzdS5naWYiIGJvcmRlcj0iMCI+IDwvRk9OVD48L0ZPTlQ+PC9CPjxGT05UIHNpemU9Mj6ktNNF7ZSkr61ovrOky6TopOqlq6XpqWCkrN9gpMOkxtKKpKik64j2us+krKS0pLakpKTepLmkzqTHoaKktMHLs9DPwqS1pKShozxCUj4KPEJSPgo8Rk9OVCBjb2xvcj0icmVkIiBzaXplPSIyIj48SU1HIHNyYz0iaHR0cDovL2ltYWdlLnJha3V0ZW4uY28uanAvZS1tYWJ1Y2hpL2NhYmluZXQvaHAvYXN1LmdpZiIgYm9yZGVyPSIwIj4gPC9GT05UPrHt05ukt6TGpKqk6qTepLnJ+rXYve2kz6GiysvJz6SspOqky6TopMOkxrbgydnHsOHhpLmk64j2us+krKS0pLakpKTepLmhozxCUj4KoaHT1qGizaykuMn6tdikx6TiyL6k4aTruKqkrN9gpKakyMmrpMvOosPupMrfYKSkpKyz9qTepLmho9e3vNOktNeizsS1yKTHzaykuMn6tdik8jxCUj4KoaGktNeizsTtlKSkpL+I9rrPpMek4si+pOGk67iqpKzfYKTDpL/J+rXYpM+hosj0uMmlq6XpqWCkrInkpO+k68rCpKyktKS2pKSk3qS5pM6kx6GiPEJSPgqhoaS0wcuz0KTOyc+hoqS016LOxKTypKruiqSk1sKkt6TepLmhozxCUj4KPEJSPgo8L0ZPTlQ+CjxGT05UIGNvbG9yPSJyZWQiIHNpemU9IjIiPjxJTUcgc3JjPSJodHRwOi8vaW1hZ2UucmFrdXRlbi5jby5qcC9lLW1hYnVjaGkvY2FiaW5ldC9ocC9hc3UuZ2lmIiBib3JkZXI9IjAiPiA8L0ZPTlQ+PEZPTlQgc2l6ZT0iMiI+xeTLzbe9t6ikx6XNpbOl3aW5pOS2qNDOzeLgXbHjpPKktNa4tqjtlKSkpMak4tKOtqjN4qTHpLTA+9PD7ZSksaTKpKSI9rrPpM+hojxCUj4KoaGx17XqpMewa8vNv8nE3KTKxeTLzbe9t6iky4nkuPzWwqS3pN6kuaGjPEJSPgqhobao0M7N4uBdseOkq9WsxeSx46TLieS4/KS3pMawa8vN1sKkt6TepLmkzqTHoaLT6KThpLTBy7PQpK+kwKS1pKShozxCUj4KPEJSPgo8Rk9OVCBjb2xvcj0icmVkIj48SU1HIHNyYz0iaHR0cDovL2ltYWdlLnJha3V0ZW4uY28uanAvZS1tYWJ1Y2hpL2NhYmluZXQvaHAvYXN1LmdpZiIgYm9yZGVyPSIwIj4gPC9GT05UPqXaqWCluKTLse3Tm6S1pOykxqSkpOvLzcHPpM+hoqSqv82YlKSsxeTLzbe9t6ik8t94kmuktaTspOvEv7CypM6e6aTOse3Tm6TIpMqk6qTepLmhozxCUj4KoaHF5MvNt723qKTP0o62qM3ipMektMD708PtlKSxpMqkpIj2us+kzqTfsde16qTHieS4/NbCpLek3qS5pKyhoqS9pOzS1M3ipM+hojxCUj4KoaE8Qj6ktNeizsSVcqTL33iSa+2UpKSkv8Xky823vbeopMekzrBry808L0I+pMikyqTqpN6kuaGjPC9GT05UPjxCUj4=,U3VuIExpZmWhobzSzaXTw6XLpcOlyKXfpbel8+GYMTS6xaGhSEEmdGltZXM7SVNQo7ql3qXWpcGlzaXDpcilt6XnpcOl1w==,pd6l1qXBkmmkraWtpeOl86XQpbmhobK8yfq12NHzssPK1ty/peml36XNqWClyL5kwum3q7K8pbOluaXXpezSwtewk9zLrrzTuaSl36W3pfPhmPTpyOuIQMjr0aelsKXDpbql1aWhpdal6qXDpa8xMKPjo+2kq6Tp2JyJ07TMpLek5aSmy83Bz59vwc9TdW4gTGlmZaGhvNLNpdPDpculw6XIpd+lt6Xz4ZgxNLrFoaFIQSZ0aW1lcztJU1A=,pculw6XI08Ol36W3pfPhmLrxytakzqXLpcOlyNPDoaNTdW4gTGlmZaGhvNLNpdPDpculw6XIpd+lt6Xz4ZgxNLrFoaFIQSZ0aW1lcztJU1A=[rn]
25-29661,aHR0cDovL3RzaG9wLnIxMHMuanAvZS1tYWJ1Y2hpL2NhYmluZXQvZnVrdS8wNDEzMjIwNS95YXItNzAtMS5qcGc/Zml0aW49NzAwOjcwMA==,NzIwLjAwMDA=,,yNXTw8a362rYmz/OxLe/vt8/ytbcvyA+IMrW3L8/pa+l6aXVpcg/yfq12CA+IKWipa+lu6W1peqpYKWvpeml1aXIssTBzyA+IKWipa+ltaXqqWCl0algpcQgPiCkvaTOy/s=,SU5BWlVNQSC6z8aks9akwcrWob43MKPjo+3Mq7/aytaktaSypbel56XrpcCpYKW/paSl16G/,,PGNlbnRlcj48QlI+CjxJTUcgc3JjPSJodHRwOi8vaW1hZ2UucmFrdXRlbi5jby5qcC9lLW1hYnVjaGkvY2FiaW5ldC90ZW5zZW4tbC5qcGciIGJvcmRlcj0iMCI+PEZPTlQgc2l6ZT0iMiI+PEJSPgo8QlI+CjwvRk9OVD48Rk9OVCBzaXplPSIyIj66z7PJxqS47zcwo+Oj7aTOzKu/2srWpLWksjxCUj4Kpbel56XrpcCpYKW/paSl16GjPEJSPgo8QlI+CrxzNzCj46PtpM7pTKS1pMqkzqTHPEJSPgqlyKlgpcil0KXDpbCk5KW3peel66XAqWCl0KXDpbCkyzxCUj4KpKqluaW5peGkx6S5o6GhozxCUj4KPEJSPgo8QlI+CjwvRk9OVD4KPFRBQkxFIGJvcmRlcj0iMCI+CiAgPFRCT0RZPgogICAgPFRSPgogICAgICA8VEQ+PElNRyBzcmM9Imh0dHA6Ly9pbWFnZS5yYWt1dGVuLmNvLmpwL2UtbWFidWNoaS9jYWJpbmV0L21pbmktaXRvLmpwZyIgYm9yZGVyPSIwIj6hoTxTUEFOIGNsYXNzPSJpdGVtX2Rlc2MiPjxGT05UIGNvbG9yPSIjMDAwMDAwIiBzaXplPSIyIj6ltaWkpbqjusir6Uy8czcwY208L0ZPTlQ+PC9TUEFOPjxCUj4KICAgICAgPElNRyBzcmM9Imh0dHA6Ly9pbWFnZS5yYWt1dGVuLmNvLmpwL2UtbWFidWNoaS9jYWJpbmV0L21pbmktaXRvLmpwZyIgYm9yZGVyPSIwIj6hoTxTUEFOIGNsYXNzPSJpdGVtX2Rlc2MiPjxGT05UIGNvbG9yPSIjMDAwMDAwIiBzaXplPSIyIj63+aO6vHMxLjFjbTxCUj4KICAgICAgPC9GT05UPjwvU1BBTj48U1BBTiBjbGFzcz0iaXRlbV9kZXNjIj48L1NQQU4+PElNRyBzcmM9Imh0dHA6Ly9pbWFnZS5yYWt1dGVuLmNvLmpwL2UtbWFidWNoaS9jYWJpbmV0L21pbmktaXRvLmpwZyIgYm9yZGVyPSIwIj6hoTxTUEFOIGNsYXNzPSJpdGVtX2Rlc2MiPjxGT05UIHNpemU9IjIiPsvYssSjurrPs8nGpLjvoaEysb7I6zxCUj4KICAgICAgoaGhoaGho6jRWaSipMY0w7a4tqSto6k8L0ZPTlQ+PC9TUEFOPjwvVEQ+CiAgICA8L1RSPgogIDwvVEJPRFk+CjwvVEFCTEU+CjxGT05UIHNpemU9IjIiPjxCUj4KPC9GT05UPjxCUj4KPElNRyBzcmM9Imh0dHA6Ly9pbWFnZS5yYWt1dGVuLmNvLmpwL2UtbWFidWNoaS9jYWJpbmV0L3RlbnNlbi1jLmpwZyIgYm9yZGVyPSIwIj6hoTxCPjxGT05UIHNpemU9IjIiPsvNwc+kz8/C05uk8qS0ss7V1c/CpLWkpKGhPElNRyBzcmM9Imh0dHA6Ly9pbWFnZS5yYWt1dGVuLmNvLmpwL2UtbWFidWNoaS9jYWJpbmV0L3RlbnNlbi1jLmpwZyIgYm9yZGVyPSIwIj48L0ZPTlQ+PC9CPjxCUj4KPEJSPgo8VEFCTEUgYm9yZGVyPSIwIiB3aWR0aD0iMjgwIiBoZWlnaHQ9IjE1MiIgc3R5bGU9J2ZvbnQtc2l6ZSA6IHNtYWxsO2ZvbnQtZmFtaWx5IDogIqPNo9MgpbSlt6XDpa8iO3RleHQtYWxpZ24gOiBjZW50ZXI7cmlnaHQgOiBpbmhlcml0Oyc+CiAgPFRCT0RZPgogICAgPFRSPgogICAgICA8VEQgY29sc3Bhbj0iMyIgd2lkdGg9IjMzNCI+PElNRyBzcmM9Imh0dHA6Ly9pbWFnZS5yYWt1dGVuLmNvLmpwL2UtbWFidWNoaS9jYWJpbmV0L2hwL2xpbmUteW9rby1zcy5naWYiIGJvcmRlcj0iMCI+PC9URD4KICAgIDwvVFI+CiAgICA8VFI+CiAgICAgIDxURCBiZ2NvbG9yPSIjZmZlZmRmIiB3aWR0aD0iODAiPsXky823vbeoPC9URD4KICAgICAgPFREIGJnY29sb3I9IiNmZmVmZGYiIHdpZHRoPSIxMDAiPqS016LOxIVnzrs8L1REPgogICAgICA8VEQgYmdjb2xvcj0iI2ZmZWZkZiIgd2lkdGg9IjEwMCI+y83BzzwvVEQ+CiAgICA8L1RSPgogICAgPFRSPgogICAgICA8VEQgY29sc3Bhbj0iMyIgd2lkdGg9IjMzNCI+PElNRyBzcmM9Imh0dHA6Ly9pbWFnZS5yYWt1dGVuLmNvLmpwL2UtbWFidWNoaS9jYWJpbmV0L2hwL2xpbmUteW9rby1zcy5naWYiIGJvcmRlcj0iMCI+PC9URD4KICAgIDwvVFI+CiAgICA8VFI+CiAgICAgIDxURCBiZ2NvbG9yPSIjZmZlZmRmIiB3aWR0aD0iODAiPqXNpbOl3aW5PC9URD4KICAgICAgPFREIHdpZHRoPSIxMDAiPqHBPC9URD4KICAgICAgPFREIHdpZHRoPSIxMDAiPi08L1REPgogICAgPC9UUj4KICAgIDxUUj4KICAgICAgPFREIGNvbHNwYW49IjMiIHdpZHRoPSIzMzQiPjxJTUcgc3JjPSJodHRwOi8vaW1hZ2UucmFrdXRlbi5jby5qcC9lLW1hYnVjaGkvY2FiaW5ldC9ocC9saW5lLXlva28tc3MuZ2lmIiBib3JkZXI9IjAiPjwvVEQ+CiAgICA8L1RSPgogICAgPFRSPgogICAgICA8VEQgYmdjb2xvcj0iI2ZmZWZkZiIgd2lkdGg9IjgwIj62qNDOzeI8L1REPgogICAgICA8VEQgd2lkdGg9IjEwMCI+wPvTw7/JPC9URD4KICAgICAgPFREIHdpZHRoPSIxMDAiPjQwMIPSPC9URD4KICAgIDwvVFI+CiAgICA8VFI+CiAgICAgIDxURCBjb2xzcGFuPSIzIiB3aWR0aD0iMzM0Ij48SU1HIHNyYz0iaHR0cDovL2ltYWdlLnJha3V0ZW4uY28uanAvZS1tYWJ1Y2hpL2NhYmluZXQvaHAvbGluZS15b2tvLXNzLmdpZiIgYm9yZGVyPSIwIj48L1REPgogICAgPC9UUj4KICAgIDxUUj4KICAgICAgPFREIGJnY29sb3I9IiNmZmVmZGYiIGhlaWdodD0iMTciIHdpZHRoPSI4MCI+1azF5LHjPC9URD4KICAgICAgPFREIGhlaWdodD0iMTciIHdpZHRoPSIxMDAiPsD708O/yTwvVEQ+CiAgICAgIDxURCBoZWlnaHQ9IjE3IiB3aWR0aD0iMTAwIj41NDCD0qSrNDMyg9I8L1REPgogICAgPC9UUj4KICAgIDxUUj4KICAgICAgPFREIGNvbHNwYW49IjMiIGhlaWdodD0iMTkiIHdpZHRoPSIzMzQiPjxJTUcgc3JjPSJodHRwOi8vaW1hZ2UucmFrdXRlbi5jby5qcC9lLW1hYnVjaGkvY2FiaW5ldC9ocC9saW5lLXlva28tc3MuZ2lmIiBib3JkZXI9IjAiPjwvVEQ+CiAgICA8L1RSPgogIDwvVEJPRFk+CjwvVEFCTEU+CjxCUj4KPFRBQkxFIGJvcmRlcj0iMCI+CiAgPFRCT0RZPgogICAgPFRSPgogICAgICA8VEQ+PEZPTlQgc2l6ZT0iMiI+ofmlzaWzpd2luaTPpLTA+9PD7ZSksaTepLuk86GjPEJSPgogICAgICA8QlI+CiAgICAgIKH51azF5LHjNDMyg9Kkz5Z8sbE2sWikzqTfpMehorGxuqO1wD88QlI+CiAgICAgIKGhm1+/ST/reI11pPKz/aSvy/uxaKSsNTQwg9KkyKTKpOqk3qS5oaM8QlI+CiAgICAgIDxCUj4KICAgICAgofnJz9Obwc+98KTPzazJzMa3pM6I9rrPpMekuaGjPEJSPgogICAgICChocv7yczGt6TIpM7NrJd5pM/LzcHPpKyJ5KTvpOuI9rrPpKw8QlI+CiAgICAgIKGhpLSktqSkpN6kuaTOpMektMHLs9DPwqS1pKShozxCUj4KICAgICAgPEJSPgogICAgICCh+bfWpLGkxqS016LOxO2UpKSkxqTisGvLzaTPpKqjscjLmJQxl3k8QlI+CiAgICAgIKGhsPykzrBry82kx6S5oaOEZcvNpM+MnY/qpLekxqSqpOqk3qS7pPOhozwvRk9OVD48L1REPgogICAgPC9UUj4KICA8L1RCT0RZPgo8L1RBQkxFPgo8QlI+CjxCUj4KPElNRyBzcmM9Imh0dHA6Ly9pbWFnZS5yYWt1dGVuLmNvLmpwL2UtbWFidWNoaS9jYWJpbmV0L3RlbnNlbi1jLmpwZyIgYm9yZGVyPSIwIj6hoTxCPjxGT05UIHNpemU9IjIiPqSqpLmkuaThpaKlpKXGpeChoTxJTUcgc3JjPSJodHRwOi8vaW1hZ2UucmFrdXRlbi5jby5qcC9lLW1hYnVjaGkvY2FiaW5ldC90ZW5zZW4tYy5qcGciIGJvcmRlcj0iMCI+PC9GT05UPjwvQj48QlI+CjxCUj4KPElNRyBzcmM9Imh0dHA6Ly9pbWFnZS5yYWt1dGVuLmNvLmpwL2UtbWFidWNoaS9jYWJpbmV0L21pbmktaXRvLmpwZyIgYm9yZGVyPSIwIj6hoTxGT05UIHNpemU9IjIiPqXspbapYNPDyta/cKSk9Ok8L0ZPTlQ+PEJSPgo8QlI+CjxJTUcgc3JjPSJodHRwOi8vaW1hZ2UucmFrdXRlbi5jby5qcC9lLW1hYnVjaGkvY2FiaW5ldC90ZW5zZW4tci5qcGciIGJvcmRlcj0iMCI+PEJSPgo8L0NFTlRFUj48Qj48Rk9OVCBjb2xvcj1yZWQgc2l6ZT0yPjxJTUcgc3JjPSJodHRwOi8vaW1hZ2UucmFrdXRlbi5jby5qcC9lLW1hYnVjaGkvY2FiaW5ldC9ocC9hc3UuZ2lmIiBib3JkZXI9IjAiPiA8L0ZPTlQ+PC9CPjxGT05UIHNpemU9Mj6MZ7XqxW6kyNTajuy5stPQpM6e6aGipc2lw6XIpbel56XDpdekx9icidOkt6TGpKSkxqTijGe16sVupMeJ06TspMakt6TepMOkv4j2us+hojxCUj4KoaEg2JyJ09bQpMek4snqpLfUVaS0pLakpKTepLuk86SsoaKktNeizsSkzqW/paSl36XzpbCky6TopOrGt8fQpOykzoj2us+krKS0pLakpKTepLmhozxCUj4KoaGkvaTO60ikz6GipeGpYKXrtcikx6S030K9aqS1pLukxu2UpK2k3qS5pM6kx6S0wcuz0M/CpLWkpKGjPEJSPgqhodPWoaLU2o7sx9Ck7KTH1NqO7KSspKKk67fWpPLPyKTLpKrLzaTqpLmk64j2us+kz6Giy83Bz6SsMrvYt9akq6SrpOqk3qS5pM6kx6GiPEJSPgqhocnqpLfUVaS0pLakpKTepLuk86SsPEI+MrvYt9akzsvNwc+kz6Sqv82YlNiTtaM8L0I+pMekqu6KpKTWwqS3pN6kuaGjPEJSPgqhoYRly82ktM+jzfukzoj2us+kz6GipLTBy7PQpM7Jz6S008PD/M/CpLWkpKGjPC9GT05UPjxCPjxGT05UIHNpemU9Mj48QlI+CjxCUj4KPEZPTlQgY29sb3I9cmVkIHNpemU9Mj48SU1HIHNyYz0iaHR0cDovL2ltYWdlLnJha3V0ZW4uY28uanAvZS1tYWJ1Y2hpL2NhYmluZXQvaHAvYXN1LmdpZiIgYm9yZGVyPSIwIj4gPC9GT05UPjwvRk9OVD48L0I+PEZPTlQgc2l6ZT0yPqS000XtlKSvrWi+s6TLpOik6qWrpempYKSs32Ckw6TG0oqkqKTriPa6z6SspLSktqSkpN6kuaTOpMehoqS0wcuz0M/CpLWkpKGjPEJSPgo8QlI+CjxGT05UIGNvbG9yPSJyZWQiIHNpemU9IjIiPjxJTUcgc3JjPSJodHRwOi8vaW1hZ2UucmFrdXRlbi5jby5qcC9lLW1hYnVjaGkvY2FiaW5ldC9ocC9hc3UuZ2lmIiBib3JkZXI9IjAiPiA8L0ZPTlQ+se3Tm6S3pMakqqTqpN6kucn6tdi97aTPoaLKy8nPpKyk6qTLpOikw6TGtuDJ2cew4eGkuaTriPa6z6SspLSktqSkpN6kuaGjPEJSPgqhodPWoaLNrKS4yfq12KTHpOLIvqThpOu4qqSs32CkpqTIyauky86iw+6kyt9gpKSkrLP2pN6kuaGj17e806S016LOxLXIpMfNrKS4yfq12KTyPEJSPgqhoaS016LOxO2UpKSkv4j2us+kx6TiyL6k4aTruKqkrN9gpMOkv8n6tdikz6GiyPS4yaWrpempYKSsieSk76TrysKkrKS0pLakpKTepLmkzqTHoaI8QlI+CqGhpLTBy7PQpM7Jz6GipLTXos7EpPKkqu6KpKTWwqS3pN6kuaGjPEJSPgo8QlI+CjwvRk9OVD4KPEZPTlQgY29sb3I9InJlZCIgc2l6ZT0iMiI+PElNRyBzcmM9Imh0dHA6Ly9pbWFnZS5yYWt1dGVuLmNvLmpwL2UtbWFidWNoaS9jYWJpbmV0L2hwL2FzdS5naWYiIGJvcmRlcj0iMCI+IDwvRk9OVD48Rk9OVCBzaXplPSIyIj7F5MvNt723qKTHpc2ls6Xdpbmk5Lao0M7N4uBdseOk8qS01ri2qO2UpKSkxqTi0o62qM3ipMektMD708PtlKSxpMqkpIj2us+kz6GiPEJSPgqhobHXteqkx7Bry82/ycTcpMrF5MvNt723qKTLieS4/NbCpLek3qS5oaM8QlI+CqGhtqjQzs3i4F2x46Sr1azF5LHjpMuJ5Lj8pLekxrBry83WwqS3pN6kuaTOpMehotPopOGktMHLs9Ckr6TApLWkpKGjPEJSPgo8QlI+CjxGT05UIGNvbG9yPSJyZWQiPjxJTUcgc3JjPSJodHRwOi8vaW1hZ2UucmFrdXRlbi5jby5qcC9lLW1hYnVjaGkvY2FiaW5ldC9ocC9hc3UuZ2lmIiBib3JkZXI9IjAiPiA8L0ZPTlQ+pdqpYKW4pMux7dObpLWk7KTGpKSk68vNwc+kz6GipKq/zZiUpKzF5MvNt723qKTy33iSa6S1pOyk68S/sLKkzp7ppM6x7dObpMikyqTqpN6kuaGjPEJSPgqhocXky823vbeopM/SjraozeKkx6S0wPvTw+2UpLGkyqSkiPa6z6TOpN+x17XqpMeJ5Lj81sKkt6TepLmkrKGipL2k7NLUzeKkz6GiPEJSPgqhoTxCPqS016LOxJVypMvfeJJr7ZSkpKS/xeTLzbe9t6ikx6TOsGvLzTwvQj6kyKTKpOqk3qS5oaM8L0ZPTlQ+PEJSPg==,SU5BWlVNQSC6z8aks9akwcrWob43MKPjo+3Mq7/aytaktaSypbel56XrpcCpYKW/paSl16G/o7ql3qXWpcGlzaXDpcilt6XnpcOl1w==,pd6l1qXBkmmkraWtpeOl86XQpbmhobK8yfq12NHzssPK1ty/peml36XNqWClyL5kwum3q7K8pbOluaXXpezSwtewk9zLrrzTuaSl36W3pfPhmPTpyOuIQMjr0aelsKXDpbql1aWhpdal6qXDpa8xMKPjo+2kq6Tp2JyJ07TMpLek5aSmy83Bz59vwc9JTkFaVU1BILrPxqSz1qTBytahvjcwo+Oj7cyrv9rK1qS1pLKlt6XnpeulwKlgpb+lpKXXob8=,SU5BWlVNQSC6z8aks9akwcrWob43MKPjo+3Mq7/aytaktaSypbel56XrpcCpYKW/paSl16G/[rn]
25-29662,aHR0cDovL3RzaG9wLnIxMHMuanAvZS1tYWJ1Y2hpL2NhYmluZXQvZnVrdS8wNDEzMjIwNS95YXI0OC0xLmpwZz9maXRpbj03MDA6NzAw,NTkyLjAwMDA=,,yNXTw8a362rYmz/OxLe/vt8/ytbcvyA+IMrW3L8/pa+l6aXVpcg/yfq12CA+IKWipa+lu6W1peqpYKWvpeml1aXIssTBzyA+IKWipa+ltaXqqWCl0algpcQgPiCkvaTOy/s=,SU5BWlVNQSC6z8aks9akwcrWob40OKPjo+3Mq7/aytaktaSypb+lpKXXob8=,,PGNlbnRlcj48QlI+CjxJTUcgc3JjPSJodHRwOi8vaW1hZ2UucmFrdXRlbi5jby5qcC9lLW1hYnVjaGkvY2FiaW5ldC90ZW5zZW4tbC5qcGciIGJvcmRlcj0iMCI+PEZPTlQgc2l6ZT0iMiI+PEJSPgo8QlI+CjwvRk9OVD48Rk9OVCBzaXplPSIyIj66z7PJxqS47zQ4o+Oj7aTOzKu/2srWpLWksqW/paSl16GjPEJSPgo8QlI+CrxzNDij46PtpM7pTKS1pMqkzqTHPEJSPgqlyKlgpcil0KXDpbCky6TipKqluaW5peGkx6S5o6GhozxCUj4KPEJSPgo4t6zJq6TPjvzJq6THpLmhozxCUj4KPEJSPgo8QlI+CjwvRk9OVD4KPFRBQkxFIGJvcmRlcj0iMCI+CiAgPFRCT0RZPgogICAgPFRSPgogICAgICA8VEQ+PElNRyBzcmM9Imh0dHA6Ly9pbWFnZS5yYWt1dGVuLmNvLmpwL2UtbWFidWNoaS9jYWJpbmV0L21pbmktaXRvLmpwZyIgYm9yZGVyPSIwIj6hoTxTUEFOIGNsYXNzPSJpdGVtX2Rlc2MiPjxGT05UIGNvbG9yPSIjMDAwMDAwIiBzaXplPSIyIj6ltaWkpbqjusir6Uy8czQ4Y208QlI+CiAgICAgIKGhoaGhoaOovfC+37K/t9a6rKTgo6k8L0ZPTlQ+PC9TUEFOPjxCUj4KICAgICAgPElNRyBzcmM9Imh0dHA6Ly9pbWFnZS5yYWt1dGVuLmNvLmpwL2UtbWFidWNoaS9jYWJpbmV0L21pbmktaXRvLmpwZyIgYm9yZGVyPSIwIj6hoTxTUEFOIGNsYXNzPSJpdGVtX2Rlc2MiPjxGT05UIGNvbG9yPSIjMDAwMDAwIiBzaXplPSIyIj63+aO6vHMxLjFjbTxCUj4KICAgICAgPC9GT05UPjwvU1BBTj48U1BBTiBjbGFzcz0iaXRlbV9kZXNjIj48L1NQQU4+PElNRyBzcmM9Imh0dHA6Ly9pbWFnZS5yYWt1dGVuLmNvLmpwL2UtbWFidWNoaS9jYWJpbmV0L21pbmktaXRvLmpwZyIgYm9yZGVyPSIwIj6hoTxTUEFOIGNsYXNzPSJpdGVtX2Rlc2MiPjxGT05UIHNpemU9IjIiPsvYssSjurrPs8nGpLjvoaEysb7I6zxCUj4KICAgICAgoaGhoaGho6jRWaSipMY0w7a4tqSto6k8L0ZPTlQ+PC9TUEFOPjwvVEQ+CiAgICA8L1RSPgogIDwvVEJPRFk+CjwvVEFCTEU+CjxGT05UIHNpemU9IjIiPjxCUj4KPC9GT05UPjxCUj4KPElNRyBzcmM9Imh0dHA6Ly9pbWFnZS5yYWt1dGVuLmNvLmpwL2UtbWFidWNoaS9jYWJpbmV0L3RlbnNlbi1jLmpwZyIgYm9yZGVyPSIwIj6hoTxCPjxGT05UIHNpemU9IjIiPsvNwc+kz8/C05uk8qS0ss7V1c/CpLWkpKGhPElNRyBzcmM9Imh0dHA6Ly9pbWFnZS5yYWt1dGVuLmNvLmpwL2UtbWFidWNoaS9jYWJpbmV0L3RlbnNlbi1jLmpwZyIgYm9yZGVyPSIwIj48L0ZPTlQ+PC9CPjxCUj4KPEJSPgo8VEFCTEUgYm9yZGVyPSIwIiB3aWR0aD0iMjgwIiBoZWlnaHQ9IjE1MiIgc3R5bGU9J2ZvbnQtc2l6ZSA6IHNtYWxsO2ZvbnQtZmFtaWx5IDogIqPNo9MgpbSlt6XDpa8iO3RleHQtYWxpZ24gOiBjZW50ZXI7cmlnaHQgOiBpbmhlcml0Oyc+CiAgPFRCT0RZPgogICAgPFRSPgogICAgICA8VEQgY29sc3Bhbj0iMyIgd2lkdGg9IjMzNCI+PElNRyBzcmM9Imh0dHA6Ly9pbWFnZS5yYWt1dGVuLmNvLmpwL2UtbWFidWNoaS9jYWJpbmV0L2hwL2xpbmUteW9rby1zcy5naWYiIGJvcmRlcj0iMCI+PC9URD4KICAgIDwvVFI+CiAgICA8VFI+CiAgICAgIDxURCBiZ2NvbG9yPSIjZmZlZmRmIiB3aWR0aD0iODAiPsXky823vbeoPC9URD4KICAgICAgPFREIGJnY29sb3I9IiNmZmVmZGYiIHdpZHRoPSIxMDAiPqS016LOxIVnzrs8L1REPgogICAgICA8VEQgYmdjb2xvcj0iI2ZmZWZkZiIgd2lkdGg9IjEwMCI+y83BzzwvVEQ+CiAgICA8L1RSPgogICAgPFRSPgogICAgICA8VEQgY29sc3Bhbj0iMyIgd2lkdGg9IjMzNCI+PElNRyBzcmM9Imh0dHA6Ly9pbWFnZS5yYWt1dGVuLmNvLmpwL2UtbWFidWNoaS9jYWJpbmV0L2hwL2xpbmUteW9rby1zcy5naWYiIGJvcmRlcj0iMCI+PC9URD4KICAgIDwvVFI+CiAgICA8VFI+CiAgICAgIDxURCBiZ2NvbG9yPSIjZmZlZmRmIiB3aWR0aD0iODAiPqXNpbOl3aW5PC9URD4KICAgICAgPFREIHdpZHRoPSIxMDAiPqHBPC9URD4KICAgICAgPFREIHdpZHRoPSIxMDAiPi08L1REPgogICAgPC9UUj4KICAgIDxUUj4KICAgICAgPFREIGNvbHNwYW49IjMiIHdpZHRoPSIzMzQiPjxJTUcgc3JjPSJodHRwOi8vaW1hZ2UucmFrdXRlbi5jby5qcC9lLW1hYnVjaGkvY2FiaW5ldC9ocC9saW5lLXlva28tc3MuZ2lmIiBib3JkZXI9IjAiPjwvVEQ+CiAgICA8L1RSPgogICAgPFRSPgogICAgICA8VEQgYmdjb2xvcj0iI2ZmZWZkZiIgd2lkdGg9IjgwIj62qNDOzeI8L1REPgogICAgICA8VEQgd2lkdGg9IjEwMCI+wPvTw7/JPC9URD4KICAgICAgPFREIHdpZHRoPSIxMDAiPjQwMIPSPC9URD4KICAgIDwvVFI+CiAgICA8VFI+CiAgICAgIDxURCBjb2xzcGFuPSIzIiB3aWR0aD0iMzM0Ij48SU1HIHNyYz0iaHR0cDovL2ltYWdlLnJha3V0ZW4uY28uanAvZS1tYWJ1Y2hpL2NhYmluZXQvaHAvbGluZS15b2tvLXNzLmdpZiIgYm9yZGVyPSIwIj48L1REPgogICAgPC9UUj4KICAgIDxUUj4KICAgICAgPFREIGJnY29sb3I9IiNmZmVmZGYiIGhlaWdodD0iMTciIHdpZHRoPSI4MCI+1azF5LHjPC9URD4KICAgICAgPFREIGhlaWdodD0iMTciIHdpZHRoPSIxMDAiPsD708O/yTwvVEQ+CiAgICAgIDxURCBoZWlnaHQ9IjE3IiB3aWR0aD0iMTAwIj41NDCD0qSrNDMyg9I8L1REPgogICAgPC9UUj4KICAgIDxUUj4KICAgICAgPFREIGNvbHNwYW49IjMiIGhlaWdodD0iMTkiIHdpZHRoPSIzMzQiPjxJTUcgc3JjPSJodHRwOi8vaW1hZ2UucmFrdXRlbi5jby5qcC9lLW1hYnVjaGkvY2FiaW5ldC9ocC9saW5lLXlva28tc3MuZ2lmIiBib3JkZXI9IjAiPjwvVEQ+CiAgICA8L1RSPgogIDwvVEJPRFk+CjwvVEFCTEU+CjxCUj4KPFRBQkxFIGJvcmRlcj0iMCI+CiAgPFRCT0RZPgogICAgPFRSPgogICAgICA8VEQ+PEZPTlQgc2l6ZT0iMiI+ofmlzaWzpd2luaTPpLTA+9PD7ZSksaTepLuk86GjPEJSPgogICAgICA8QlI+CiAgICAgIKH51azF5LHjNDMyg9Kkz5Z8sbE2sWikzqTfpMehorGxuqO1wD88QlI+CiAgICAgIKGhm1+/ST/reI11pPKz/aSvy/uxaKSsNTQwg9KkyKTKpOqk3qS5oaM8QlI+CiAgICAgIDxCUj4KICAgICAgofnJz9Obwc+98KTPzazJzMa3pM6I9rrPpMekuaGjPEJSPgogICAgICChocv7yczGt6TIpM7NrJd5pM/LzcHPpKyJ5KTvpOuI9rrPpKw8QlI+CiAgICAgIKGhpLSktqSkpN6kuaTOpMektMHLs9DPwqS1pKShozxCUj4KICAgICAgPEJSPgogICAgICCh+bfWpLGkxqS016LOxO2UpKSkxqTisGvLzaTPpKqjscjLmJQxl3k8QlI+CiAgICAgIKGhsPykzrBry82kx6S5oaOEZcvNpM+MnY/qpLekxqSqpOqk3qS7pPOhozwvRk9OVD48L1REPgogICAgPC9UUj4KICA8L1RCT0RZPgo8L1RBQkxFPgo8QlI+CjxCUj4KPElNRyBzcmM9Imh0dHA6Ly9pbWFnZS5yYWt1dGVuLmNvLmpwL2UtbWFidWNoaS9jYWJpbmV0L3RlbnNlbi1jLmpwZyIgYm9yZGVyPSIwIj6hoTxCPjxGT05UIHNpemU9IjIiPqSqpLmkuaThpaKlpKXGpeChoTxJTUcgc3JjPSJodHRwOi8vaW1hZ2UucmFrdXRlbi5jby5qcC9lLW1hYnVjaGkvY2FiaW5ldC90ZW5zZW4tYy5qcGciIGJvcmRlcj0iMCI+PC9GT05UPjwvQj48QlI+CjxCUj4KPElNRyBzcmM9Imh0dHA6Ly9pbWFnZS5yYWt1dGVuLmNvLmpwL2UtbWFidWNoaS9jYWJpbmV0L21pbmktaXRvLmpwZyIgYm9yZGVyPSIwIj6hoTxGT05UIHNpemU9IjIiPqXspbapYNPDyta/cKSk9Ok8L0ZPTlQ+PEJSPgo8QlI+CjxJTUcgc3JjPSJodHRwOi8vaW1hZ2UucmFrdXRlbi5jby5qcC9lLW1hYnVjaGkvY2FiaW5ldC90ZW5zZW4tci5qcGciIGJvcmRlcj0iMCI+PEJSPgo8L0NFTlRFUj48Qj48Rk9OVCBjb2xvcj1yZWQgc2l6ZT0yPjxJTUcgc3JjPSJodHRwOi8vaW1hZ2UucmFrdXRlbi5jby5qcC9lLW1hYnVjaGkvY2FiaW5ldC9ocC9hc3UuZ2lmIiBib3JkZXI9IjAiPiA8L0ZPTlQ+PC9CPjxGT05UIHNpemU9Mj6MZ7XqxW6kyNTajuy5stPQpM6e6aGipc2lw6XIpbel56XDpdekx9icidOkt6TGpKSkxqTijGe16sVupMeJ06TspMakt6TepMOkv4j2us+hojxCUj4KoaEg2JyJ09bQpMek4snqpLfUVaS0pLakpKTepLuk86SsoaKktNeizsSkzqW/paSl36XzpbCky6TopOrGt8fQpOykzoj2us+krKS0pLakpKTepLmhozxCUj4KoaGkvaTO60ikz6GipeGpYKXrtcikx6S030K9aqS1pLukxu2UpK2k3qS5pM6kx6S0wcuz0M/CpLWkpKGjPEJSPgqhodPWoaLU2o7sx9Ck7KTH1NqO7KSspKKk67fWpPLPyKTLpKrLzaTqpLmk64j2us+kz6Giy83Bz6SsMrvYt9akq6SrpOqk3qS5pM6kx6GiPEJSPgqhocnqpLfUVaS0pLakpKTepLuk86SsPEI+MrvYt9akzsvNwc+kz6Sqv82YlNiTtaM8L0I+pMekqu6KpKTWwqS3pN6kuaGjPEJSPgqhoYRly82ktM+jzfukzoj2us+kz6GipLTBy7PQpM7Jz6S008PD/M/CpLWkpKGjPC9GT05UPjxCPjxGT05UIHNpemU9Mj48QlI+CjxCUj4KPEZPTlQgY29sb3I9cmVkIHNpemU9Mj48SU1HIHNyYz0iaHR0cDovL2ltYWdlLnJha3V0ZW4uY28uanAvZS1tYWJ1Y2hpL2NhYmluZXQvaHAvYXN1LmdpZiIgYm9yZGVyPSIwIj4gPC9GT05UPjwvRk9OVD48L0I+PEZPTlQgc2l6ZT0yPqS000XtlKSvrWi+s6TLpOik6qWrpempYKSs32Ckw6TG0oqkqKTriPa6z6SspLSktqSkpN6kuaTOpMehoqS0wcuz0M/CpLWkpKGjPEJSPgo8QlI+CjxGT05UIGNvbG9yPSJyZWQiIHNpemU9IjIiPjxJTUcgc3JjPSJodHRwOi8vaW1hZ2UucmFrdXRlbi5jby5qcC9lLW1hYnVjaGkvY2FiaW5ldC9ocC9hc3UuZ2lmIiBib3JkZXI9IjAiPiA8L0ZPTlQ+se3Tm6S3pMakqqTqpN6kucn6tdi97aTPoaLKy8nPpKyk6qTLpOikw6TGtuDJ2cew4eGkuaTriPa6z6SspLSktqSkpN6kuaGjPEJSPgqhodPWoaLNrKS4yfq12KTHpOLIvqThpOu4qqSs32CkpqTIyauky86iw+6kyt9gpKSkrLP2pN6kuaGj17e806S016LOxLXIpMfNrKS4yfq12KTyPEJSPgqhoaS016LOxO2UpKSkv4j2us+kx6TiyL6k4aTruKqkrN9gpMOkv8n6tdikz6GiyPS4yaWrpempYKSsieSk76TrysKkrKS0pLakpKTepLmkzqTHoaI8QlI+CqGhpLTBy7PQpM7Jz6GipLTXos7EpPKkqu6KpKTWwqS3pN6kuaGjPEJSPgo8QlI+CjwvRk9OVD4KPEZPTlQgY29sb3I9InJlZCIgc2l6ZT0iMiI+PElNRyBzcmM9Imh0dHA6Ly9pbWFnZS5yYWt1dGVuLmNvLmpwL2UtbWFidWNoaS9jYWJpbmV0L2hwL2FzdS5naWYiIGJvcmRlcj0iMCI+IDwvRk9OVD48Rk9OVCBzaXplPSIyIj7F5MvNt723qKTHpc2ls6Xdpbmk5Lao0M7N4uBdseOk8qS01ri2qO2UpKSkxqTi0o62qM3ipMektMD708PtlKSxpMqkpIj2us+kz6GiPEJSPgqhobHXteqkx7Bry82/ycTcpMrF5MvNt723qKTLieS4/NbCpLek3qS5oaM8QlI+CqGhtqjQzs3i4F2x46Sr1azF5LHjpMuJ5Lj8pLekxrBry83WwqS3pN6kuaTOpMehotPopOGktMHLs9Ckr6TApLWkpKGjPEJSPgo8QlI+CjxGT05UIGNvbG9yPSJyZWQiPjxJTUcgc3JjPSJodHRwOi8vaW1hZ2UucmFrdXRlbi5jby5qcC9lLW1hYnVjaGkvY2FiaW5ldC9ocC9hc3UuZ2lmIiBib3JkZXI9IjAiPiA8L0ZPTlQ+pdqpYKW4pMux7dObpLWk7KTGpKSk68vNwc+kz6GipKq/zZiUpKzF5MvNt723qKTy33iSa6S1pOyk68S/sLKkzp7ppM6x7dObpMikyqTqpN6kuaGjPEJSPgqhocXky823vbeopM/SjraozeKkx6S0wPvTw+2UpLGkyqSkiPa6z6TOpN+x17XqpMeJ5Lj81sKkt6TepLmkrKGipL2k7NLUzeKkz6GiPEJSPgqhoTxCPqS016LOxJVypMvfeJJr7ZSkpKS/xeTLzbe9t6ikx6TOsGvLzTwvQj6kyKTKpOqk3qS5oaM8L0ZPTlQ+PEJSPg==,SU5BWlVNQSC6z8aks9akwcrWob40OKPjo+3Mq7/aytaktaSypb+lpKXXob+juqXepdalwaXNpcOlyKW3peelw6XX,pd6l1qXBkmmkraWtpeOl86XQpbmhobK8yfq12NHzssPK1ty/peml36XNqWClyL5kwum3q7K8pbOluaXXpezSwtewk9zLrrzTuaSl36W3pfPhmPTpyOuIQMjr0aelsKXDpbql1aWhpdal6qXDpa8xMKPjo+2kq6Tp2JyJ07TMpLek5aSmy83Bz59vwc9JTkFaVU1BILrPxqSz1qTBytahvjQ4o+Oj7cyrv9rK1qS1pLKlv6Wkpdehvw==,SU5BWlVNQSC6z8aks9akwcrWob40OKPjo+3Mq7/aytaktaSypb+lpKXXob8=[rn]
25-29663,aHR0cDovL3RzaG9wLnIxMHMuanAvZS1tYWJ1Y2hpL2NhYmluZXQvZnVrdS9hLW5lZWRsZS9jLWZyYW5jZS1uZWVkbGU3LTEwLmdpZj9maXRpbj03MDA6NzAw,MzIwLjAwMDA=,,yNXTw8a362rYmz/OxLe/vt8/ytbcvyA+IMrW3L8/pa+l6aXVpcg/yfq12CA+IKWipa+lu6W1peqpYKWvpeml1aXIssTBzyA+IKWipa+ltaXqqWCl0algpcQgPiCkvaTOy/s=,pa+l7aXQqWCl1aXppfOlubTMpLek5aSm4ZihoU5PLjehqzEwyKG6z6S7,,PGNlbnRlcj48Qj5uZWVkbGU8L0I+PEJSPgo8QlI+CjxJTUcgc3JjPSJodHRwOi8vaW1hZ2UucmFrdXRlbi5jby5qcC9lLW1hYnVjaGkvY2FiaW5ldC90ZW5zZW4tbC5qcGciIGJvcmRlcj0iMCI+PEJSPgo8QlI+CjxGT05UIHNpemU9IjIiPkVtYnJvaWRlcnk3oasxMDxCUj4KPEJSPgrhmM/IpKzkhKSvvOKkw6TGpKSk3qS5pM6kxzxCUj4Ksry12KTLpbml4Klgpbqky82opOqk3qS5oaM8QlI+CjxCUj4KPEJSPgo8SU1HIHNyYz0iaHR0cDovL2ltYWdlLnJha3V0ZW4uY28uanAvZS1tYWJ1Y2hpL2NhYmluZXQvdGVuc2VuLWMuanBnIiBib3JkZXI9IjAiPqGhoaE8Qj6lu6XDpcjE2sjdPC9CPqGhoaE8SU1HIHNyYz0iaHR0cDovL2ltYWdlLnJha3V0ZW4uY28uanAvZS1tYWJ1Y2hpL2NhYmluZXQvdGVuc2VuLWMuanBnIiBib3JkZXI9IjAiPjxCUj4KPEJSPgo8QlI+CjwvRk9OVD6hoTxGT05UIGNvbG9yPSIjMDAwMDAwIiBzaXplPSIyIj4KpL2k7KS+pOykzuGYpMu6z6Sm9OmkzzxCUj4K1/O7rc/xM7esxL+k8qS0ss7V1c/CpLWkpKGjPEJSPgo8QlI+CjxCUj4KPC9GT05UPjxJTUcgc3JjPSJodHRwOi8vaW1hZ2UucmFrdXRlbi5jby5qcC9lLW1hYnVjaGkvY2FiaW5ldC90ZW5zZW4tYy5qcGciIGJvcmRlcj0iMCI+oaE8Qj48Rk9OVCBzaXplPSIyIj7LzcHPpM/PwtObpPKktLLO1dXPwqS1pKShoTxJTUcgc3JjPSJodHRwOi8vaW1hZ2UucmFrdXRlbi5jby5qcC9lLW1hYnVjaGkvY2FiaW5ldC90ZW5zZW4tYy5qcGciIGJvcmRlcj0iMCI+PC9GT05UPjwvQj48QlI+CjxCUj4KPFRBQkxFIGJvcmRlcj0iMCIgd2lkdGg9IjI4MCIgaGVpZ2h0PSIxNTIiIHN0eWxlPSdmb250LXNpemUgOiBzbWFsbDtmb250LWZhbWlseSA6ICKjzaPTIKW0pbelw6WvIjt0ZXh0LWFsaWduIDogY2VudGVyO3JpZ2h0IDogaW5oZXJpdDsnPgogIDxUQk9EWT4KICAgIDxUUj4KICAgICAgPFREIGNvbHNwYW49IjMiIHdpZHRoPSIzMzQiPjxJTUcgc3JjPSJodHRwOi8vaW1hZ2UucmFrdXRlbi5jby5qcC9lLW1hYnVjaGkvY2FiaW5ldC9ocC9saW5lLXlva28tc3MuZ2lmIiBib3JkZXI9IjAiPjwvVEQ+CiAgICA8L1RSPgogICAgPFRSPgogICAgICA8VEQgYmdjb2xvcj0iI2ZmZWZkZiIgd2lkdGg9IjgwIj7F5MvNt723qDwvVEQ+CiAgICAgIDxURCBiZ2NvbG9yPSIjZmZlZmRmIiB3aWR0aD0iMTAwIj6ktNeizsSFZ867PC9URD4KICAgICAgPFREIGJnY29sb3I9IiNmZmVmZGYiIHdpZHRoPSIxMDAiPsvNwc88L1REPgogICAgPC9UUj4KICAgIDxUUj4KICAgICAgPFREIGNvbHNwYW49IjMiIHdpZHRoPSIzMzQiPjxJTUcgc3JjPSJodHRwOi8vaW1hZ2UucmFrdXRlbi5jby5qcC9lLW1hYnVjaGkvY2FiaW5ldC9ocC9saW5lLXlva28tc3MuZ2lmIiBib3JkZXI9IjAiPjwvVEQ+CiAgICA8L1RSPgogICAgPFRSPgogICAgICA8VEQgYmdjb2xvcj0iI2ZmZWZkZiIgd2lkdGg9IjgwIj6lzaWzpd2luTwvVEQ+CiAgICAgIDxURCB3aWR0aD0iMTAwIj7A+9PDv8k8L1REPgogICAgICA8VEQgd2lkdGg9IjEwMCI+Mjcwg9I8L1REPgogICAgPC9UUj4KICAgIDxUUj4KICAgICAgPFREIGNvbHNwYW49IjMiIHdpZHRoPSIzMzQiPjxJTUcgc3JjPSJodHRwOi8vaW1hZ2UucmFrdXRlbi5jby5qcC9lLW1hYnVjaGkvY2FiaW5ldC9ocC9saW5lLXlva28tc3MuZ2lmIiBib3JkZXI9IjAiPjwvVEQ+CiAgICA8L1RSPgogICAgPFRSPgogICAgICA8VEQgYmdjb2xvcj0iI2ZmZWZkZiIgd2lkdGg9IjgwIj62qNDOzeI8L1REPgogICAgICA8VEQgd2lkdGg9IjEwMCI+wPvTw7/JPC9URD4KICAgICAgPFREIHdpZHRoPSIxMDAiPjQwMIPSPC9URD4KICAgIDwvVFI+CiAgICA8VFI+CiAgICAgIDxURCBjb2xzcGFuPSIzIiB3aWR0aD0iMzM0Ij48SU1HIHNyYz0iaHR0cDovL2ltYWdlLnJha3V0ZW4uY28uanAvZS1tYWJ1Y2hpL2NhYmluZXQvaHAvbGluZS15b2tvLXNzLmdpZiIgYm9yZGVyPSIwIj48L1REPgogICAgPC9UUj4KICAgIDxUUj4KICAgICAgPFREIGJnY29sb3I9IiNmZmVmZGYiIGhlaWdodD0iMTciIHdpZHRoPSI4MCI+1azF5LHjPC9URD4KICAgICAgPFREIGhlaWdodD0iMTciIHdpZHRoPSIxMDAiPsD708O/yTwvVEQ+CiAgICAgIDxURCBoZWlnaHQ9IjE3IiB3aWR0aD0iMTAwIj41NDCD0qSrNDMyg9I8L1REPgogICAgPC9UUj4KICAgIDxUUj4KICAgICAgPFREIGNvbHNwYW49IjMiIGhlaWdodD0iMTkiIHdpZHRoPSIzMzQiPjxJTUcgc3JjPSJodHRwOi8vaW1hZ2UucmFrdXRlbi5jby5qcC9lLW1hYnVjaGkvY2FiaW5ldC9ocC9saW5lLXlva28tc3MuZ2lmIiBib3JkZXI9IjAiPjwvVEQ+CiAgICA8L1RSPgogIDwvVEJPRFk+CjwvVEFCTEU+CjxCUj4KPFRBQkxFIGJvcmRlcj0iMCI+CiAgPFRCT0RZPgogICAgPFRSPgogICAgICA8VEQ+PEZPTlQgc2l6ZT0iMiI+ofnVrMXkseM0MzKD0qTPlnyxsTaxaKTOpN+kx6GisbG6o7XAPzxCUj4KICAgICAgoaGbX79JP+t4jXWk8rP9pK/L+7FopKw1NDCD0qTIpMqk6qTepLmhozxCUj4KICAgICAgPEJSPgogICAgICCh+cnP05vBz73wpM/NrMnMxrekzoj2us+kx6S5oaM8QlI+CiAgICAgIKGhy/vJzMa3pMikzs2sl3mkz8vNwc+krInkpO+k64j2us+krDxCUj4KICAgICAgoaGktKS2pKSk3qS5pM6kx6S0wcuz0M/CpLWkpKGjPEJSPgogICAgICA8QlI+CiAgICAgIKH5t9aksaTGpLTXos7E7ZSkpKTGpOKwa8vNpM+kqqOxyMuYlDGXeTxCUj4KICAgICAgoaGw/KTOsGvLzaTHpLmho4Rly82kz4ydj+qkt6TGpKqk6qTepLuk86GjPC9GT05UPjwvVEQ+CiAgICA8L1RSPgogIDwvVEJPRFk+CjwvVEFCTEU+CjxCUj4KPEJSPgo8Rk9OVCBzaXplPSIyIj48SU1HIHNyYz0iaHR0cDovL2ltYWdlLnJha3V0ZW4uY28uanAvZS1tYWJ1Y2hpL2NhYmluZXQvdGVuc2VuLWMuanBnIiBib3JkZXI9IjAiPqGhPEI+pKqkuaS5pOGloqWkpcal4DwvQj6hoTxJTUcgc3JjPSJodHRwOi8vaW1hZ2UucmFrdXRlbi5jby5qcC9lLW1hYnVjaGkvY2FiaW5ldC90ZW5zZW4tYy5qcGciIGJvcmRlcj0iMCI+PEJSPgo8QlI+CjwvRk9OVD4KPFRBQkxFPgogIDxUQk9EWT4KICAgIDxUUj4KICAgICAgPFREPjxGT05UIHNpemU9IjIiPjxJTUcgc3JjPSJodHRwOi8vaW1hZ2UucmFrdXRlbi5jby5qcC9lLW1hYnVjaGkvY2FiaW5ldC9taW5pLWl0by5qcGciIGJvcmRlcj0iMCI+oaHTw8a3P9PDvt88QlI+CiAgICAgIDxJTUcgc3JjPSJodHRwOi8vaW1hZ2UucmFrdXRlbi5jby5qcC9lLW1hYnVjaGkvY2FiaW5ldC9taW5pLWl0by5qcGciIGJvcmRlcj0iMCI+oaGlt6XqpbOl86W5pdel7KlgPC9GT05UPjwvVEQ+CiAgICA8L1RSPgogIDwvVEJPRFk+CjwvVEFCTEU+CjxGT05UIHNpemU9IjIiPjxCUj4KPElNRyBzcmM9Imh0dHA6Ly9pbWFnZS5yYWt1dGVuLmNvLmpwL2UtbWFidWNoaS9jYWJpbmV0L3RlbnNlbi1yLmpwZyIgYm9yZGVyPSIwIj48QlI+CjwvRk9OVD48L0NFTlRFUj48Qj48Rk9OVCBjb2xvcj1yZWQgc2l6ZT0yPjxJTUcgc3JjPSJodHRwOi8vaW1hZ2UucmFrdXRlbi5jby5qcC9lLW1hYnVjaGkvY2FiaW5ldC9ocC9hc3UuZ2lmIiBib3JkZXI9IjAiPiA8L0ZPTlQ+PC9CPjxGT05UIHNpemU9Mj6MZ7XqxW6kyNTajuy5stPQpM6e6aGipc2lw6XIpbel56XDpdekx9icidOkt6TGpKSkxqTijGe16sVupMeJ06TspMakt6TepMOkv4j2us+hojxCUj4KoaEgCticidPW0KTHpOLJ6qS31FWktKS2pKSk3qS7pPOkrKGipLTXos7EpM6lv6Wkpd+l86WwpMuk6KTqxrfH0KTspM6I9rrPpKyktKS2pKSk3qS5oaM8QlI+CqGhpL2kzutIpM+hoqXhqWCl67XIpMektN9CvWqktaS7pMbtlKStpN6kuaTOpMektMHLs9DPwqS1pKShozxCUj4KoaHT1qGi1NqO7MfQpOykx9TajuykrKSipOu31qTyz8iky6Sqy82k6qS5pOuI9rrPpM+hosvNwc+krDK72LfWpKukq6TqpN6kuaTOpMehojxCUj4KoaHJ6qS31FWktKS2pKSk3qS7pPOkrDxCPjK72LfWpM7LzcHPpM+kqr/NmJTYk7WjPC9CPqTHpKruiqSk1sKkt6TepLmhozxCUj4KoaGEZcvNpLTPo837pM6I9rrPpM+hoqS0wcuz0KTOyc+ktNPDw/zPwqS1pKShozwvRk9OVD48Qj48Rk9OVCBzaXplPTI+PEJSPgo8QlI+CjwvRk9OVD48Rk9OVCBzaXplPSIyIiBjb2xvcj0iI2ZmMDAwMCI+PElNRyBzcmM9Imh0dHA6Ly9pbWFnZS5yYWt1dGVuLmNvLmpwL2UtbWFidWNoaS9jYWJpbmV0L2hwL2FzdS5naWYiIGJvcmRlcj0iMCI+IDwvRk9OVD48L0I+PEZPTlQgc2l6ZT0yPqSqv82YlKTOpLTTRaTLpMqk661ovrOky6TopOqhoqWrpempYKSs32Ckw6TG0oqkqKTriPa6z6SspLSktqSkpN6kuaTOpMehoqS0wcuz0M/CpLWkpKGjPC9GT05UPjxCUj4KPEI+PEZPTlQgc2l6ZT0yPjxCUj4KPC9GT05UPjwvQj48Rk9OVCBjb2xvcj0icmVkIiBzaXplPSIyIj48SU1HIHNyYz0iaHR0cDovL2ltYWdlLnJha3V0ZW4uY28uanAvZS1tYWJ1Y2hpL2NhYmluZXQvaHAvYXN1LmdpZiIgYm9yZGVyPSIwIj4gPC9GT05UPjxGT05UIHNpemU9IjIiPsXky823vbeopMelzaWzpd2luaTktqjQzs3i4F2x46TypLTWuLao7ZSkpKTGpOLSjraozeKkx6S0wPvTw+2UpLGkyqSkiPa6z6TPoaI8QlI+CqGhsde16qTHsGvLzb/JxNykysXky823vbeopMuJ5Lj81sKkt6TepLmhozxCUj4KoaG2qNDOzeLgXbHjpKvVrMXkseOky4nkuPykt6TGsGvLzdbCpLek3qS5pM6kx6Gi0+ik4aS0wcuz0KSvpMCktaSkoaM8QlI+CqGhPEJSPgo8SU1HIHNyYz0iaHR0cDovL2ltYWdlLnJha3V0ZW4uY28uanAvZS1tYWJ1Y2hpL2NhYmluZXQvaHAvYXN1LmdpZiIgYm9yZGVyPSIwIj4gpdqpYKW4pMux7dObpLWk7KTGpKSk68vNwc+kz6GipKq/zZiUpKzF5MvNt723qKTy33iSa6S1pOyk68S/sLKkzp7ppM6x7dObpMikyqTqpN6kuaGjPEJSPgqhocXky823vbeopM/SjraozeKkx6S0wPvTw+2UpLGkyqSkiPa6z6TOpN+x17XqpMeJ5Lj81sKkt6TepLmkrKGipL2k7NLUzeKkz6GiPEJSPgqhoTxCPqS016LOxJVypMvfeJJr7ZSkpKS/xeTLzbe9t6ikx6TOsGvLzTwvQj6kyKTKpOqk3qS5oaM8L0ZPTlQ+PEJSPg==,pa+l7aXQqWCl1aXppfOlubTMpLek5aSm4ZihoU5PLjehqzEwyKG6z6S7o7ql3qXWpcGlzaXDpcilt6XnpcOl1w==,pd6l1qXBkmmkraWtpeOl86XQpbmhobK8yfq12NHzssPK1ty/peml36XNqWClyL5kwum3q7K8pbOluaXXpezSwtewk9zLrrzTuaSl36W3pfPhmPTpyOuIQMjr0aelsKXDpbql1aWhpdal6qXDpa8xMKPjo+2kq6Tp2JyJ07TMpLek5aSmy83Bz59vwc+lr6XtpdCpYKXVpeml86W5tMykt6TlpKbhmKGhTk8uN6GrMTDIobrPpLs=,pa+l7aXQqWCl1aXppfOlubTMpLek5aSm4ZihoU5PLjehqzEwyKG6z6S7[rn]
25-29664,aHR0cDovL3RzaG9wLnIxMHMuanAvZS1tYWJ1Y2hpL2NhYmluZXQvZnVrdS95b3VndS90YWtlanlha3UzMC5naWY/Zml0aW49NzAwOjcwMA==,MjI0LjAwMDA=,,yNXTw8a362rYmz/OxLe/vt8/ytbcvyA+IMrW3L8/pa+l6aXVpcg/yfq12CA+IKWipa+lu6W1peqpYKWvpeml1aXIssTBzyA+IKWipa+ltaXqqWCl0algpcQgPiCkvaTOy/s=,pc+lpKXTpbmlq6W5oaHW8bPfMzCj46Pt,,PGNlbnRlcj48QlI+CjxJTUcgc3JjPSJodHRwOi8vaW1hZ2UucmFrdXRlbi5jby5qcC9lLW1hYnVjaGkvY2FiaW5ldC90ZW5zZW4tbC5qcGciIGJvcmRlcj0iMCI+PEZPTlQgc2l6ZT0iMiI+PEJSPgo8QlI+Csq5pKSE2crWpM7BvKSkMzCj46PtpM7W8bPfpMekuaGjPEJSPgo8QlI+CszsyLukztbxpPLKudPDpLekxqSkpOukv6ThoaI8QlI+CsnMxreky8j0uMmkzqWtpbqk5JtBpOykrKSipOqk3qS5oaM8QlI+CjxCUj4KyrnTw6S5pOuky6TPhpbufaSspKKk6qTepLuk86TOpMc8QlI+CqS0wcuz0KSvpMCktaSkoaM8QlI+CjwvRk9OVD48QlI+CjxCUj4KPElNRyBzcmM9Imh0dHA6Ly9pbWFnZS5yYWt1dGVuLmNvLmpwL2UtbWFidWNoaS9jYWJpbmV0L3RlbnNlbi1jLmpwZyIgYm9yZGVyPSIwIj6hoTxCPjxGT05UIHNpemU9IjIiPsvNwc+kz8/C05uk8qS0ss7V1c/CpLWkpKGhPElNRyBzcmM9Imh0dHA6Ly9pbWFnZS5yYWt1dGVuLmNvLmpwL2UtbWFidWNoaS9jYWJpbmV0L3RlbnNlbi1jLmpwZyIgYm9yZGVyPSIwIj48L0ZPTlQ+PC9CPjxCUj4KPEJSPgo8VEFCTEUgYm9yZGVyPSIwIiB3aWR0aD0iMjgwIiBoZWlnaHQ9IjE1MiIgc3R5bGU9J2ZvbnQtc2l6ZSA6IHNtYWxsO2ZvbnQtZmFtaWx5IDogIqPNo9MgpbSlt6XDpa8iO3RleHQtYWxpZ24gOiBjZW50ZXI7cmlnaHQgOiBpbmhlcml0Oyc+CiAgPFRCT0RZPgogICAgPFRSPgogICAgICA8VEQgY29sc3Bhbj0iMyIgd2lkdGg9IjMzNCI+PElNRyBzcmM9Imh0dHA6Ly9pbWFnZS5yYWt1dGVuLmNvLmpwL2UtbWFidWNoaS9jYWJpbmV0L2hwL2xpbmUteW9rby1zcy5naWYiIGJvcmRlcj0iMCI+PC9URD4KICAgIDwvVFI+CiAgICA8VFI+CiAgICAgIDxURCBiZ2NvbG9yPSIjZmZlZmRmIiB3aWR0aD0iODAiPsXky823vbeoPC9URD4KICAgICAgPFREIGJnY29sb3I9IiNmZmVmZGYiIHdpZHRoPSIxMDAiPqS016LOxIVnzrs8L1REPgogICAgICA8VEQgYmdjb2xvcj0iI2ZmZWZkZiIgd2lkdGg9IjEwMCI+y83BzzwvVEQ+CiAgICA8L1RSPgogICAgPFRSPgogICAgICA8VEQgY29sc3Bhbj0iMyIgd2lkdGg9IjMzNCI+PElNRyBzcmM9Imh0dHA6Ly9pbWFnZS5yYWt1dGVuLmNvLmpwL2UtbWFidWNoaS9jYWJpbmV0L2hwL2xpbmUteW9rby1zcy5naWYiIGJvcmRlcj0iMCI+PC9URD4KICAgIDwvVFI+CiAgICA8VFI+CiAgICAgIDxURCBiZ2NvbG9yPSIjZmZlZmRmIiB3aWR0aD0iODAiPqXNpbOl3aW5PC9URD4KICAgICAgPFREIHdpZHRoPSIxMDAiPqHBPC9URD4KICAgICAgPFREIHdpZHRoPSIxMDAiPi08L1REPgogICAgPC9UUj4KICAgIDxUUj4KICAgICAgPFREIGNvbHNwYW49IjMiIHdpZHRoPSIzMzQiPjxJTUcgc3JjPSJodHRwOi8vaW1hZ2UucmFrdXRlbi5jby5qcC9lLW1hYnVjaGkvY2FiaW5ldC9ocC9saW5lLXlva28tc3MuZ2lmIiBib3JkZXI9IjAiPjwvVEQ+CiAgICA8L1RSPgogICAgPFRSPgogICAgICA8VEQgYmdjb2xvcj0iI2ZmZWZkZiIgd2lkdGg9IjgwIj62qNDOzeI8L1REPgogICAgICA8VEQgd2lkdGg9IjEwMCI+wPvTw7/JPC9URD4KICAgICAgPFREIHdpZHRoPSIxMDAiPjQwMIPSPC9URD4KICAgIDwvVFI+CiAgICA8VFI+CiAgICAgIDxURCBjb2xzcGFuPSIzIiB3aWR0aD0iMzM0Ij48SU1HIHNyYz0iaHR0cDovL2ltYWdlLnJha3V0ZW4uY28uanAvZS1tYWJ1Y2hpL2NhYmluZXQvaHAvbGluZS15b2tvLXNzLmdpZiIgYm9yZGVyPSIwIj48L1REPgogICAgPC9UUj4KICAgIDxUUj4KICAgICAgPFREIGJnY29sb3I9IiNmZmVmZGYiIGhlaWdodD0iMTciIHdpZHRoPSI4MCI+1azF5LHjPC9URD4KICAgICAgPFREIGhlaWdodD0iMTciIHdpZHRoPSIxMDAiPsD708O/yTwvVEQ+CiAgICAgIDxURCBoZWlnaHQ9IjE3IiB3aWR0aD0iMTAwIj41NDCD0qSrNDMyg9I8L1REPgogICAgPC9UUj4KICAgIDxUUj4KICAgICAgPFREIGNvbHNwYW49IjMiIGhlaWdodD0iMTkiIHdpZHRoPSIzMzQiPjxJTUcgc3JjPSJodHRwOi8vaW1hZ2UucmFrdXRlbi5jby5qcC9lLW1hYnVjaGkvY2FiaW5ldC9ocC9saW5lLXlva28tc3MuZ2lmIiBib3JkZXI9IjAiPjwvVEQ+CiAgICA8L1RSPgogIDwvVEJPRFk+CjwvVEFCTEU+CjxCUj4KPFRBQkxFIGJvcmRlcj0iMCI+CiAgPFRCT0RZPgogICAgPFRSPgogICAgICA8VEQ+PEZPTlQgc2l6ZT0iMiI+ofnVrMXkseM0MzKD0qTPlnyxsTaxaKTOpN+kx6GisbG6o7XAPzxCUj4KICAgICAgoaGbX79JP+t4jXWk8rP9pK/L+7FopKw1NDCD0qTIpMqk6qTepLmhozxCUj4KICAgICAgPEJSPgogICAgICCh+cnP05vBz73wpM/NrMnMxrekzoj2us+kx6S5oaM8QlI+CiAgICAgIKGhy/vJzMa3pMikzs2sl3mkz8vNwc+krInkpO+k64j2us+krDxCUj4KICAgICAgoaGktKS2pKSk3qS5pM6kx6S0wcuz0M/CpLWkpKGjPEJSPgogICAgICA8QlI+CiAgICAgIKH5t9aksaTGpLTXos7E7ZSkpKTGpOKwa8vNpM+kqqOxyMuYlDGXeTxCUj4KICAgICAgoaGw/KTOsGvLzaTHpLmho4Rly82kz4ydj+qkt6TGpKqk6qTepLuk86GjPC9GT05UPjwvVEQ+CiAgICA8L1RSPgogIDwvVEJPRFk+CjwvVEFCTEU+CjxCUj4KPEJSPgo8SU1HIHNyYz0iaHR0cDovL2ltYWdlLnJha3V0ZW4uY28uanAvZS1tYWJ1Y2hpL2NhYmluZXQvdGVuc2VuLXIuanBnIiBib3JkZXI9IjAiPjxCUj4KPC9DRU5URVI+PEI+PEZPTlQgY29sb3I9cmVkIHNpemU9Mj48SU1HIHNyYz0iaHR0cDovL2ltYWdlLnJha3V0ZW4uY28uanAvZS1tYWJ1Y2hpL2NhYmluZXQvaHAvYXN1LmdpZiIgYm9yZGVyPSIwIj4gPC9GT05UPjwvQj48Rk9OVCBzaXplPTI+jGe16sVupMjU2o7subLT0KTOnumhoqXNpcOlyKW3peelw6XXpMfYnInTpLekxqSkpMak4oxnterFbqTHidOk7KTGpLek3qTDpL+I9rrPoaI8QlI+CqGhIArYnInT1tCkx6Tiyeqkt9RVpLSktqSkpN6ku6TzpKyhoqS016LOxKTOpb+lpKXfpfOlsKTLpOik6sa3x9Ck7KTOiPa6z6SspLSktqSkpN6kuaGjPEJSPgqhoaS9pM7rSKTPoaKl4algpeu1yKTHpLTfQr1qpLWku6TG7ZSkraTepLmkzqTHpLTBy7PQz8KktaSkoaM8QlI+CqGh09ahotTajuzH0KTspMfU2o7spKykoqTrt9ak8s/IpMukqsvNpOqkuaTriPa6z6TPoaLLzcHPpKwyu9i31qSrpKuk6qTepLmkzqTHoaI8QlI+CqGhyeqkt9RVpLSktqSkpN6ku6TzpKw8Qj4yu9i31qTOy83Bz6TPpKq/zZiU2JO1ozwvQj6kx6Sq7oqkpNbCpLek3qS5oaM8QlI+CqGhhGXLzaS0z6PN+6TOiPa6z6TPoaKktMHLs9CkzsnPpLTTw8P8z8KktaSkoaM8L0ZPTlQ+PEI+PEZPTlQgc2l6ZT0yPjxCUj4KPEJSPgo8L0ZPTlQ+PEZPTlQgc2l6ZT0iMiIgY29sb3I9IiNmZjAwMDAiPjxJTUcgc3JjPSJodHRwOi8vaW1hZ2UucmFrdXRlbi5jby5qcC9lLW1hYnVjaGkvY2FiaW5ldC9ocC9hc3UuZ2lmIiBib3JkZXI9IjAiPiA8L0ZPTlQ+PC9CPjxGT05UIHNpemU9Mj6kqr/NmJSkzqS000Wky6TKpOutaL6zpMuk6KTqoaKlq6XpqWCkrN9gpMOkxtKKpKik64j2us+krKS0pLakpKTepLmkzqTHoaKktMHLs9DPwqS1pKShozwvRk9OVD48QlI+CjxCPjxGT05UIHNpemU9Mj48QlI+CjwvRk9OVD48L0I+PEZPTlQgY29sb3I9InJlZCIgc2l6ZT0iMiI+PElNRyBzcmM9Imh0dHA6Ly9pbWFnZS5yYWt1dGVuLmNvLmpwL2UtbWFidWNoaS9jYWJpbmV0L2hwL2FzdS5naWYiIGJvcmRlcj0iMCI+IDwvRk9OVD48Rk9OVCBzaXplPSIyIj7F5MvNt723qKTHpc2ls6Xdpbmk5Lao0M7N4uBdseOk8qS01ri2qO2UpKSkxqTi0o62qM3ipMektMD708PtlKSxpMqkpIj2us+kz6GiPEJSPgqhobHXteqkx7Bry82/ycTcpMrF5MvNt723qKTLieS4/NbCpLek3qS5oaM8QlI+CqGhtqjQzs3i4F2x46Sr1azF5LHjpMuJ5Lj8pLekxrBry83WwqS3pN6kuaTOpMehotPopOGktMHLs9Ckr6TApLWkpKGjPEJSPgqhoTxCUj4KPElNRyBzcmM9Imh0dHA6Ly9pbWFnZS5yYWt1dGVuLmNvLmpwL2UtbWFidWNoaS9jYWJpbmV0L2hwL2FzdS5naWYiIGJvcmRlcj0iMCI+IKXaqWCluKTLse3Tm6S1pOykxqSkpOvLzcHPpM+hoqSqv82YlKSsxeTLzbe9t6ik8t94kmuktaTspOvEv7CypM6e6aTOse3Tm6TIpMqk6qTepLmhozxCUj4KoaHF5MvNt723qKTP0o62qM3ipMektMD708PtlKSxpMqkpIj2us+kzqTfsde16qTHieS4/NbCpLek3qS5pKyhoqS9pOzS1M3ipM+hojxCUj4KoaE8Qj6ktNeizsSVcqTL33iSa+2UpKSkv8Xky823vbeopMekzrBry808L0I+pMikyqTqpN6kuaGjPC9GT05UPjxCUj4=,pc+lpKXTpbmlq6W5oaHW8bPfMzCj46Pto7ql3qXWpcGlzaXDpcilt6XnpcOl1w==,pd6l1qXBkmmkraWtpeOl86XQpbmhobK8yfq12NHzssPK1ty/peml36XNqWClyL5kwum3q7K8pbOluaXXpezSwtewk9zLrrzTuaSl36W3pfPhmPTpyOuIQMjr0aelsKXDpbql1aWhpdal6qXDpa8xMKPjo+2kq6Tp2JyJ07TMpLek5aSmy83Bz59vwc+lz6WkpdOluaWrpbmhodbxs98zMKPjo+0=,pc+lpKXTpbmlq6W5oaHW8bPfMzCj46Pt[rn]
25-29665,aHR0cDovL3RzaG9wLnIxMHMuanAvZS1tYWJ1Y2hpL2NhYmluZXQvZnVrdS9hLW5lZWRsZS9jbG92ZXItY2VsbC1tcC1taXguanBnP2ZpdGluPTcwMDo3MDA=,MjgwLjAwMDA=,,yNXTw8a362rYmz/OxLe/vt8/ytbcvyA+IMrW3L8/pa+l6aXVpcg/yfq12CA+IKWipa+lu6W1peqpYKWvpeml1aXIssTBzyA+IKWipa+ltaXqqWCl0algpcQgPiCkvaTOy/s=,Q2xvdmVyoaGlu6XrtP3hmKG+yKG6z6S7ob8=,,PGNlbnRlcj48Qj5tYWtpbmcgcGluPC9CPiA8QlI+CjxCUj4KPElNRyBzcmM9Imh0dHA6Ly9pbWFnZS5yYWt1dGVuLmNvLmpwL2UtbWFidWNoaS9jYWJpbmV0L3RlbnNlbi1sLmpwZyIgYm9yZGVyPSIwIj48QlI+CjxGT05UIHNpemU9IjIiPjxCUj4Kpbul67T94ZgzpbWlpKW6saG12NPDP8bVzai12NPDPzxCUj4KuvG12NPDpM6loqW9qWClyKW7pcOlyKTHpLmhozxCUj4KPEJSPgo8QlI+CjwvRk9OVD4KPFRBQkxFIGJvcmRlcj0iMCI+CiAgPFRCT0RZPgogICAgPFRSPgogICAgICA8VEQ+PEZPTlQgc2l6ZT0iMiI+PElNRyBzcmM9Imh0dHA6Ly9pbWFnZS5yYWt1dGVuLmNvLmpwL2UtbWFidWNoaS9jYWJpbmV0L21pbmktaXRvLmpwZyIgYm9yZGVyPSIwIj6hobGhtdjTw6O6NrG+PEJSPgogICAgICChoaGhoaHG1c2otdjTw6O6OLG+PEJSPgogICAgICChoaGhoaG68bXY08OjujaxvjxCUj4KICAgICAgPEJSPgogICAgICA8SU1HIHNyYz0iaHR0cDovL2ltYWdlLnJha3V0ZW4uY28uanAvZS1tYWJ1Y2hpL2NhYmluZXQvbWluaS1pdG8uanBnIiBib3JkZXI9IjAiPqGhssTZfKO64ZihoeSTo6ily6XDpbGl66XhpcOlraOpPEJSPgogICAgICChoaGhoaGhoaGhoaHuXrK/oaFBQlOY5NasPC9GT05UPjwvVEQ+CiAgICA8L1RSPgogIDwvVEJPRFk+CjwvVEFCTEU+CjxCUj4KPEJSPgo8SU1HIHNyYz0iaHR0cDovL2ltYWdlLnJha3V0ZW4uY28uanAvZS1tYWJ1Y2hpL2NhYmluZXQvdGVuc2VuLWMuanBnIiBib3JkZXI9IjAiPqGhPEI+PEZPTlQgc2l6ZT0iMiI+y83Bz6TPz8LTm6TypLSyztXVz8KktaSkoaE8L0ZPTlQ+PElNRyBzcmM9Imh0dHA6Ly9pbWFnZS5yYWt1dGVuLmNvLmpwL2UtbWFidWNoaS9jYWJpbmV0L3RlbnNlbi1jLmpwZyIgYm9yZGVyPSIwIj48L0I+PEJSPgo8QlI+CjxUQUJMRSBib3JkZXI9IjAiIHdpZHRoPSIyODAiIGhlaWdodD0iMTUyIj4KICA8VEJPRFk+CiAgICA8VFI+CiAgICAgIDxURCBjb2xzcGFuPSIzIiBhbGlnbj0iY2VudGVyIiB3aWR0aD0iMzM0Ij48Rk9OVCBzaXplPSIyIj48SU1HIHNyYz0iaHR0cDovL2ltYWdlLnJha3V0ZW4uY28uanAvZS1tYWJ1Y2hpL2NhYmluZXQvaHAvbGluZS15b2tvLXNzLmdpZiIgYm9yZGVyPSIwIj48L0ZPTlQ+PC9URD4KICAgIDwvVFI+CiAgICA8VFI+CiAgICAgIDxURCBhbGlnbj0iY2VudGVyIiBiZ2NvbG9yPSIjZmZlZmRmIiB3aWR0aD0iODAiPjxGT05UIHNpemU9IjIiPsXky823vbeoPC9GT05UPjwvVEQ+CiAgICAgIDxURCBhbGlnbj0iY2VudGVyIiBiZ2NvbG9yPSIjZmZlZmRmIiB3aWR0aD0iMTAwIj48Rk9OVCBzaXplPSIyIj6ktNeizsSFZ867PC9GT05UPjwvVEQ+CiAgICAgIDxURCBhbGlnbj0iY2VudGVyIiBiZ2NvbG9yPSIjZmZlZmRmIiB3aWR0aD0iMTAwIj48Rk9OVCBzaXplPSIyIj7LzcHPPC9GT05UPjwvVEQ+CiAgICA8L1RSPgogICAgPFRSPgogICAgICA8VEQgY29sc3Bhbj0iMyIgYWxpZ249ImNlbnRlciIgd2lkdGg9IjMzNCI+PEZPTlQgc2l6ZT0iMiI+PElNRyBzcmM9Imh0dHA6Ly9pbWFnZS5yYWt1dGVuLmNvLmpwL2UtbWFidWNoaS9jYWJpbmV0L2hwL2xpbmUteW9rby1zcy5naWYiIGJvcmRlcj0iMCI+PC9GT05UPjwvVEQ+CiAgICA8L1RSPgogICAgPFRSPgogICAgICA8VEQgYWxpZ249ImNlbnRlciIgYmdjb2xvcj0iI2ZmZWZkZiIgd2lkdGg9IjgwIj48Rk9OVCBzaXplPSIyIj6lzaWzpd2luTwvRk9OVD48L1REPgogICAgICA8VEQgYWxpZ249ImNlbnRlciIgd2lkdGg9IjEwMCI+PEZPTlQgc2l6ZT0iMiI+wPvTw7/JPC9GT05UPjwvVEQ+CiAgICAgIDxURCBhbGlnbj0iY2VudGVyIiB3aWR0aD0iMTAwIj48Rk9OVCBzaXplPSIyIj4yNzCD0jwvRk9OVD48L1REPgogICAgPC9UUj4KICAgIDxUUj4KICAgICAgPFREIGNvbHNwYW49IjMiIGFsaWduPSJjZW50ZXIiIHdpZHRoPSIzMzQiPjxGT05UIHNpemU9IjIiPjxJTUcgc3JjPSJodHRwOi8vaW1hZ2UucmFrdXRlbi5jby5qcC9lLW1hYnVjaGkvY2FiaW5ldC9ocC9saW5lLXlva28tc3MuZ2lmIiBib3JkZXI9IjAiPjwvRk9OVD48L1REPgogICAgPC9UUj4KICAgIDxUUj4KICAgICAgPFREIGFsaWduPSJjZW50ZXIiIGJnY29sb3I9IiNmZmVmZGYiIHdpZHRoPSI4MCI+PEZPTlQgc2l6ZT0iMiI+tqjQzs3iPC9GT05UPjwvVEQ+CiAgICAgIDxURCBhbGlnbj0iY2VudGVyIiB3aWR0aD0iMTAwIj48Rk9OVCBzaXplPSIyIj7A+9PDv8k8L0ZPTlQ+PC9URD4KICAgICAgPFREIGFsaWduPSJjZW50ZXIiIHdpZHRoPSIxMDAiPjxGT05UIHNpemU9IjIiPjQwMIPSPC9GT05UPjwvVEQ+CiAgICA8L1RSPgogICAgPFRSPgogICAgICA8VEQgY29sc3Bhbj0iMyIgYWxpZ249ImNlbnRlciIgd2lkdGg9IjMzNCI+PEZPTlQgc2l6ZT0iMiI+PElNRyBzcmM9Imh0dHA6Ly9pbWFnZS5yYWt1dGVuLmNvLmpwL2UtbWFidWNoaS9jYWJpbmV0L2hwL2xpbmUteW9rby1zcy5naWYiIGJvcmRlcj0iMCI+PC9GT05UPjwvVEQ+CiAgICA8L1RSPgogICAgPFRSPgogICAgICA8VEQgYWxpZ249ImNlbnRlciIgYmdjb2xvcj0iI2ZmZWZkZiIgaGVpZ2h0PSIxNyIgd2lkdGg9IjgwIj48Rk9OVCBzaXplPSIyIj7VrMXkseM8L0ZPTlQ+PC9URD4KICAgICAgPFREIGFsaWduPSJjZW50ZXIiIGhlaWdodD0iMTciIHdpZHRoPSIxMDAiPjxGT05UIHNpemU9IjIiPsD708O/yTwvRk9OVD48L1REPgogICAgICA8VEQgYWxpZ249ImNlbnRlciIgaGVpZ2h0PSIxNyIgd2lkdGg9IjEwMCI+PEZPTlQgc2l6ZT0iMiI+NTQwg9KkqzQzMoPSPC9GT05UPjwvVEQ+CiAgICA8L1RSPgogICAgPFRSPgogICAgICA8VEQgY29sc3Bhbj0iMyIgYWxpZ249ImNlbnRlciIgaGVpZ2h0PSIxOSIgd2lkdGg9IjMzNCI+PEZPTlQgc2l6ZT0iMiI+PElNRyBzcmM9Imh0dHA6Ly9pbWFnZS5yYWt1dGVuLmNvLmpwL2UtbWFidWNoaS9jYWJpbmV0L2hwL2xpbmUteW9rby1zcy5naWYiIGJvcmRlcj0iMCI+PC9GT05UPjwvVEQ+CiAgICA8L1RSPgogIDwvVEJPRFk+CjwvVEFCTEU+CjxGT05UIHNpemU9IjIiPjxCUj4KPC9GT05UPgo8VEFCTEUgYm9yZGVyPSIwIj4KICA8VEJPRFk+CiAgICA8VFI+CiAgICAgIDxURD48Rk9OVCBzaXplPSIyIj6h+dWsxeSx4zQzMoPSpM+WfLGxNrFopM6k36THoaKxsbqjtcA/PEJSPgogICAgICChoZtfv0k/63iNdaTys/2kr8v7sWikrDU0MIPSpMikyqTqpN6kuaGjPEJSPgogICAgICA8QlI+CiAgICAgIKH5t9aksaTGpLTXos7E7ZSkpKTGpOKwa8vNpM+kqqOxyMuYlDGXebD8PEJSPgogICAgICChoaTOsGvLzaTHpLmho6GhhGXLzaTPjJ2P6qS3pMakqqTqpN6ku6TzoaM8L0ZPTlQ+PC9URD4KICAgIDwvVFI+CiAgPC9UQk9EWT4KPC9UQUJMRT4KPEJSPgo8QlI+CjxGT05UIHNpemU9IjIiPjxJTUcgc3JjPSJodHRwOi8vaW1hZ2UucmFrdXRlbi5jby5qcC9lLW1hYnVjaGkvY2FiaW5ldC90ZW5zZW4tYy5qcGciIGJvcmRlcj0iMCI+oaE8Qj6kqqS5pLmk4aWipaSlxqXgPC9CPqGhPElNRyBzcmM9Imh0dHA6Ly9pbWFnZS5yYWt1dGVuLmNvLmpwL2UtbWFidWNoaS9jYWJpbmV0L3RlbnNlbi1jLmpwZyIgYm9yZGVyPSIwIj48QlI+CjxCUj4KPC9GT05UPgo8VEFCTEU+CiAgPFRCT0RZPgogICAgPFRSPgogICAgICA8VEQ+PEZPTlQgc2l6ZT0iMiI+PElNRyBzcmM9Imh0dHA6Ly9pbWFnZS5yYWt1dGVuLmNvLmpwL2UtbWFidWNoaS9jYWJpbmV0L21pbmktaXRvLmpwZyIgYm9yZGVyPSIwIj6hodPDxrc/08O+3zxCUj4KICAgICAgPElNRyBzcmM9Imh0dHA6Ly9pbWFnZS5yYWt1dGVuLmNvLmpwL2UtbWFidWNoaS9jYWJpbmV0L21pbmktaXRvLmpwZyIgYm9yZGVyPSIwIj6hoaW3peqls6Xzpbml16XsqWA8QlI+CiAgICAgIDxJTUcgc3JjPSJodHRwOi8vaW1hZ2UucmFrdXRlbi5jby5qcC9lLW1hYnVjaGkvY2FiaW5ldC9taW5pLWl0by5qcGciIGJvcmRlcj0iMCI+oaGl36W3pfP06TxCUj4KICAgICAgPC9GT05UPjwvVEQ+CiAgICA8L1RSPgogIDwvVEJPRFk+CjwvVEFCTEU+CjxCUj4KPElNRyBzcmM9Imh0dHA6Ly9pbWFnZS5yYWt1dGVuLmNvLmpwL2UtbWFidWNoaS9jYWJpbmV0L3RlbnNlbi1yLmpwZyIgYm9yZGVyPSIwIj48Rk9OVCBzaXplPSIyIj48QlI+CjwvRk9OVD48L0NFTlRFUj48Qj48Rk9OVCBjb2xvcj1yZWQgc2l6ZT0yPjxJTUcgc3JjPSJodHRwOi8vaW1hZ2UucmFrdXRlbi5jby5qcC9lLW1hYnVjaGkvY2FiaW5ldC9ocC9hc3UuZ2lmIiBib3JkZXI9IjAiPiA8L0ZPTlQ+PC9CPjxGT05UIHNpemU9Mj6MZ7XqxW6kyNTajuy5stPQpM6e6aGipc2lw6XIpbel56XDpdekx9icidOkt6TGpKSkxqTijGe16sVupMeJ06TspMakt6TepMOkv4j2us+hojxCUj4KoaEgCticidPW0KTHpOLJ6qS31FWktKS2pKSk3qS7pPOkrKGipLTXos7EpM6lv6Wkpd+l86WwpMuk6KTqxrfH0KTspM6I9rrPpKyktKS2pKSk3qS5oaM8QlI+CqGhpL2kzutIpM+hoqXhqWCl67XIpMektN9CvWqktaS7pMbtlKStpN6kuaTOpMektMHLs9DPwqS1pKShozxCUj4KoaHT1qGi1NqO7MfQpOykx9TajuykrKSipOu31qTyz8iky6Sqy82k6qS5pOuI9rrPpM+hosvNwc+krDK72LfWpKukq6TqpN6kuaTOpMehojxCUj4KoaHJ6qS31FWktKS2pKSk3qS7pPOkrDxCPjK72LfWpM7LzcHPpM+kqr/NmJTYk7WjPC9CPqTHpKruiqSk1sKkt6TepLmhozxCUj4KoaGEZcvNpLTPo837pM6I9rrPpM+hoqS0wcuz0KTOyc+ktNPDw/zPwqS1pKShozwvRk9OVD48Qj48Rk9OVCBzaXplPTI+PEJSPgo8QlI+CjwvRk9OVD48Rk9OVCBzaXplPSIyIiBjb2xvcj0iI2ZmMDAwMCI+PElNRyBzcmM9Imh0dHA6Ly9pbWFnZS5yYWt1dGVuLmNvLmpwL2UtbWFidWNoaS9jYWJpbmV0L2hwL2FzdS5naWYiIGJvcmRlcj0iMCI+IDwvRk9OVD48L0I+PEZPTlQgc2l6ZT0yPqSqv82YlKTOpLTTRaTLpMqk661ovrOky6TopOqhoqWrpempYKSs32Ckw6TG0oqkqKTriPa6z6SspLSktqSkpN6kuaTOpMehoqS0wcuz0M/CpLWkpKGjPC9GT05UPjxCUj4KPEI+PEZPTlQgc2l6ZT0yPjxCUj4KPC9GT05UPjwvQj48Rk9OVCBjb2xvcj0icmVkIiBzaXplPSIyIj48SU1HIHNyYz0iaHR0cDovL2ltYWdlLnJha3V0ZW4uY28uanAvZS1tYWJ1Y2hpL2NhYmluZXQvaHAvYXN1LmdpZiIgYm9yZGVyPSIwIj4gPC9GT05UPjxGT05UIHNpemU9IjIiPsXky823vbeopMelzaWzpd2luaTktqjQzs3i4F2x46TypLTWuLao7ZSkpKTGpOLSjraozeKkx6S0wPvTw+2UpLGkyqSkiPa6z6TPoaI8QlI+CqGhsde16qTHsGvLzb/JxNykysXky823vbeopMuJ5Lj81sKkt6TepLmhozxCUj4KoaG2qNDOzeLgXbHjpKvVrMXkseOky4nkuPykt6TGsGvLzdbCpLek3qS5pM6kx6Gi0+ik4aS0wcuz0KSvpMCktaSkoaM8QlI+CqGhPEJSPgo8SU1HIHNyYz0iaHR0cDovL2ltYWdlLnJha3V0ZW4uY28uanAvZS1tYWJ1Y2hpL2NhYmluZXQvaHAvYXN1LmdpZiIgYm9yZGVyPSIwIj4gpdqpYKW4pMux7dObpLWk7KTGpKSk68vNwc+kz6GipKq/zZiUpKzF5MvNt723qKTy33iSa6S1pOyk68S/sLKkzp7ppM6x7dObpMikyqTqpN6kuaGjPEJSPgqhocXky823vbeopM/SjraozeKkx6S0wPvTw+2UpLGkyqSkiPa6z6TOpN+x17XqpMeJ5Lj81sKkt6TepLmkrKGipL2k7NLUzeKkz6GiPEJSPgqhoTxCPqS016LOxJVypMvfeJJr7ZSkpKS/xeTLzbe9t6ikx6TOsGvLzTwvQj6kyKTKpOqk3qS5oaM8L0ZPTlQ+PEJSPg==,Q2xvdmVyoaGlu6XrtP3hmKG+yKG6z6S7ob+juqXepdalwaXNpcOlyKW3peelw6XX,pd6l1qXBkmmkraWtpeOl86XQpbmhobK8yfq12NHzssPK1ty/peml36XNqWClyL5kwum3q7K8pbOluaXXpezSwtewk9zLrrzTuaSl36W3pfPhmPTpyOuIQMjr0aelsKXDpbql1aWhpdal6qXDpa8xMKPjo+2kq6Tp2JyJ07TMpLek5aSmy83Bz59vwc9DbG92ZXKhoaW7peu0/eGYob7IobrPpLuhvw==,Q2xvdmVyoaGlu6XrtP3hmKG+yKG6z6S7ob8=[rn]
25-29666,aHR0cDovL3RzaG9wLnIxMHMuanAvZS1tYWJ1Y2hpL2NhYmluZXQvZnVrdS8wNDEzMjIwNS9ibS0zODAzYS1oYW5hLmpwZz9maXRpbj03MDA6NzAw,MTUyMC4wMDAw,,yNXTw8a362rYmz/OxLe/vt8/ytbcvyA+IMrW3L8/pa+l6aXVpcg/yfq12CA+IKWipa+lu6W1peqpYKWvpeml1aXIssTBzyA+IKWipa+ltaXqqWCl0algpcQgPiCkvaTOy/s=,SU5BWlVNQSCxvsaks9akwcrWob6kqruoIDM4o+Oj7crWpLWksqW/paSl16G/,,PGNlbnRlcj48QlI+CjxJTUcgc3JjPSJodHRwOi8vaW1hZ2UucmFrdXRlbi5jby5qcC9lLW1hYnVjaGkvY2FiaW5ldC90ZW5zZW4tbC5qcGciIGJvcmRlcj0iMCI+PEZPTlQgc2l6ZT0iMiI+PEJSPgo8QlI+CjwvRk9OVD48Rk9OVCBzaXplPSIyIj6xvsakMzij46PtpM7K1qS1pLKlv6WkpdehozxCUj4KPEJSPgqkr6TvpKi98L7fpMqkzqTHPEJSPgq/cKTvpLqky6XRpcOlwaXzo6E8QlI+CjxCUj4KPEJSPgo8L0ZPTlQ+CjxUQUJMRSBib3JkZXI9IjAiPgogIDxUQk9EWT4KICAgIDxUUj4KICAgICAgPFREPjxJTUcgc3JjPSJodHRwOi8vaW1hZ2UucmFrdXRlbi5jby5qcC9lLW1hYnVjaGkvY2FiaW5ldC9taW5pLWl0by5qcGciIGJvcmRlcj0iMCI+oaE8U1BBTiBjbGFzcz0iaXRlbV9kZXNjIj48Rk9OVCBjb2xvcj0iIzAwMDAwMCIgc2l6ZT0iMiI+pbWlpKW6o7rIq+lMvHMzOGNtPEJSPgogICAgICChoaGhoaGjqL3wvt+yv7fWuqyk4KOpPC9GT05UPjwvU1BBTj48QlI+CiAgICAgIDxJTUcgc3JjPSJodHRwOi8vaW1hZ2UucmFrdXRlbi5jby5qcC9lLW1hYnVjaGkvY2FiaW5ldC9taW5pLWl0by5qcGciIGJvcmRlcj0iMCI+oaE8U1BBTiBjbGFzcz0iaXRlbV9kZXNjIj48Rk9OVCBjb2xvcj0iIzAwMDAwMCIgc2l6ZT0iMiI+t/mjurxzMWNtoaE8QlI+CiAgICAgIDwvRk9OVD48L1NQQU4+PElNRyBzcmM9Imh0dHA6Ly9pbWFnZS5yYWt1dGVuLmNvLmpwL2UtbWFidWNoaS9jYWJpbmV0L21pbmktaXRvLmpwZyIgYm9yZGVyPSIwIj6hoTxTUEFOIGNsYXNzPSJpdGVtX2Rlc2MiPjxGT05UIHNpemU9IjIiPsvYssSjurG+uO+hoTKxvsjrPEJSPgogICAgICA8L0ZPTlQ+PC9TUEFOPjwvVEQ+CiAgICA8L1RSPgogIDwvVEJPRFk+CjwvVEFCTEU+CjxGT05UIHNpemU9IjIiPjxCUj4KPC9GT05UPjxCUj4KPElNRyBzcmM9Imh0dHA6Ly9pbWFnZS5yYWt1dGVuLmNvLmpwL2UtbWFidWNoaS9jYWJpbmV0L3RlbnNlbi1jLmpwZyIgYm9yZGVyPSIwIj6hoTxCPjxGT05UIHNpemU9IjIiPsvNwc+kz8/C05uk8qS0ss7V1c/CpLWkpKGhPElNRyBzcmM9Imh0dHA6Ly9pbWFnZS5yYWt1dGVuLmNvLmpwL2UtbWFidWNoaS9jYWJpbmV0L3RlbnNlbi1jLmpwZyIgYm9yZGVyPSIwIj48L0ZPTlQ+PC9CPjxCUj4KPEJSPgo8VEFCTEUgYm9yZGVyPSIwIiB3aWR0aD0iMjgwIiBoZWlnaHQ9IjE1MiIgc3R5bGU9J2ZvbnQtc2l6ZSA6IHNtYWxsO2ZvbnQtZmFtaWx5IDogIqPNo9MgpbSlt6XDpa8iO3RleHQtYWxpZ24gOiBjZW50ZXI7cmlnaHQgOiBpbmhlcml0Oyc+CiAgPFRCT0RZPgogICAgPFRSPgogICAgICA8VEQgY29sc3Bhbj0iMyIgd2lkdGg9IjMzNCI+PElNRyBzcmM9Imh0dHA6Ly9pbWFnZS5yYWt1dGVuLmNvLmpwL2UtbWFidWNoaS9jYWJpbmV0L2hwL2xpbmUteW9rby1zcy5naWYiIGJvcmRlcj0iMCI+PC9URD4KICAgIDwvVFI+CiAgICA8VFI+CiAgICAgIDxURCBiZ2NvbG9yPSIjZmZlZmRmIiB3aWR0aD0iODAiPsXky823vbeoPC9URD4KICAgICAgPFREIGJnY29sb3I9IiNmZmVmZGYiIHdpZHRoPSIxMDAiPqS016LOxIVnzrs8L1REPgogICAgICA8VEQgYmdjb2xvcj0iI2ZmZWZkZiIgd2lkdGg9IjEwMCI+y83BzzwvVEQ+CiAgICA8L1RSPgogICAgPFRSPgogICAgICA8VEQgY29sc3Bhbj0iMyIgd2lkdGg9IjMzNCI+PElNRyBzcmM9Imh0dHA6Ly9pbWFnZS5yYWt1dGVuLmNvLmpwL2UtbWFidWNoaS9jYWJpbmV0L2hwL2xpbmUteW9rby1zcy5naWYiIGJvcmRlcj0iMCI+PC9URD4KICAgIDwvVFI+CiAgICA8VFI+CiAgICAgIDxURCBiZ2NvbG9yPSIjZmZlZmRmIiB3aWR0aD0iODAiPqXNpbOl3aW5PC9URD4KICAgICAgPFREIHdpZHRoPSIxMDAiPqHBPC9URD4KICAgICAgPFREIHdpZHRoPSIxMDAiPi08L1REPgogICAgPC9UUj4KICAgIDxUUj4KICAgICAgPFREIGNvbHNwYW49IjMiIHdpZHRoPSIzMzQiPjxJTUcgc3JjPSJodHRwOi8vaW1hZ2UucmFrdXRlbi5jby5qcC9lLW1hYnVjaGkvY2FiaW5ldC9ocC9saW5lLXlva28tc3MuZ2lmIiBib3JkZXI9IjAiPjwvVEQ+CiAgICA8L1RSPgogICAgPFRSPgogICAgICA8VEQgYmdjb2xvcj0iI2ZmZWZkZiIgd2lkdGg9IjgwIj62qNDOzeI8L1REPgogICAgICA8VEQgd2lkdGg9IjEwMCI+wPvTw7/JPC9URD4KICAgICAgPFREIHdpZHRoPSIxMDAiPjQwMIPSPC9URD4KICAgIDwvVFI+CiAgICA8VFI+CiAgICAgIDxURCBjb2xzcGFuPSIzIiB3aWR0aD0iMzM0Ij48SU1HIHNyYz0iaHR0cDovL2ltYWdlLnJha3V0ZW4uY28uanAvZS1tYWJ1Y2hpL2NhYmluZXQvaHAvbGluZS15b2tvLXNzLmdpZiIgYm9yZGVyPSIwIj48L1REPgogICAgPC9UUj4KICAgIDxUUj4KICAgICAgPFREIGJnY29sb3I9IiNmZmVmZGYiIGhlaWdodD0iMTciIHdpZHRoPSI4MCI+1azF5LHjPC9URD4KICAgICAgPFREIGhlaWdodD0iMTciIHdpZHRoPSIxMDAiPsD708O/yTwvVEQ+CiAgICAgIDxURCBoZWlnaHQ9IjE3IiB3aWR0aD0iMTAwIj41NDCD0qSrNDMyg9I8L1REPgogICAgPC9UUj4KICAgIDxUUj4KICAgICAgPFREIGNvbHNwYW49IjMiIGhlaWdodD0iMTkiIHdpZHRoPSIzMzQiPjxJTUcgc3JjPSJodHRwOi8vaW1hZ2UucmFrdXRlbi5jby5qcC9lLW1hYnVjaGkvY2FiaW5ldC9ocC9saW5lLXlva28tc3MuZ2lmIiBib3JkZXI9IjAiPjwvVEQ+CiAgICA8L1RSPgogIDwvVEJPRFk+CjwvVEFCTEU+CjxCUj4KPFRBQkxFIGJvcmRlcj0iMCI+CiAgPFRCT0RZPgogICAgPFRSPgogICAgICA8VEQ+PEZPTlQgc2l6ZT0iMiI+ofmlzaWzpd2luaTPpLTA+9PD7ZSksaTepLuk86GjPEJSPgogICAgICA8QlI+CiAgICAgIKH51azF5LHjNDMyg9Kkz5Z8sbE2sWikzqTfpMehorGxuqO1wD88QlI+CiAgICAgIKGhm1+/ST/reI11pPKz/aSvy/uxaKSsNTQwg9KkyKTKpOqk3qS5oaM8QlI+CiAgICAgIDxCUj4KICAgICAgofnJz9Obwc+98KTPzazJzMa3pM6I9rrPpMekuaGjPEJSPgogICAgICChocv7yczGt6TIpM7NrJd5pM/LzcHPpKyJ5KTvpOuI9rrPpKw8QlI+CiAgICAgIKGhpLSktqSkpN6kuaTOpMektMHLs9DPwqS1pKShozxCUj4KICAgICAgPEJSPgogICAgICCh+bfWpLGkxqS016LOxO2UpKSkxqTisGvLzaTPpKqjscjLmJQxl3k8QlI+CiAgICAgIKGhsPykzrBry82kx6S5oaOEZcvNpM+MnY/qpLekxqSqpOqk3qS7pPOhozwvRk9OVD48L1REPgogICAgPC9UUj4KICA8L1RCT0RZPgo8L1RBQkxFPgo8QlI+CjxCUj4KPElNRyBzcmM9Imh0dHA6Ly9pbWFnZS5yYWt1dGVuLmNvLmpwL2UtbWFidWNoaS9jYWJpbmV0L3RlbnNlbi1jLmpwZyIgYm9yZGVyPSIwIj6hoTxCPjxGT05UIHNpemU9IjIiPqSqpLmkuaThpaKlpKXGpeChoTxJTUcgc3JjPSJodHRwOi8vaW1hZ2UucmFrdXRlbi5jby5qcC9lLW1hYnVjaGkvY2FiaW5ldC90ZW5zZW4tYy5qcGciIGJvcmRlcj0iMCI+PC9GT05UPjwvQj48QlI+CjxCUj4KPElNRyBzcmM9Imh0dHA6Ly9pbWFnZS5yYWt1dGVuLmNvLmpwL2UtbWFidWNoaS9jYWJpbmV0L21pbmktaXRvLmpwZyIgYm9yZGVyPSIwIj6hoTxGT05UIHNpemU9IjIiPqXspbapYNPDyta/cKSk9Ok8L0ZPTlQ+PEJSPgo8QlI+CjxJTUcgc3JjPSJodHRwOi8vaW1hZ2UucmFrdXRlbi5jby5qcC9lLW1hYnVjaGkvY2FiaW5ldC90ZW5zZW4tci5qcGciIGJvcmRlcj0iMCI+PEJSPgo8L0NFTlRFUj48Qj48Rk9OVCBjb2xvcj1yZWQgc2l6ZT0yPjxJTUcgc3JjPSJodHRwOi8vaW1hZ2UucmFrdXRlbi5jby5qcC9lLW1hYnVjaGkvY2FiaW5ldC9ocC9hc3UuZ2lmIiBib3JkZXI9IjAiPiA8L0ZPTlQ+PC9CPjxGT05UIHNpemU9Mj6MZ7XqxW6kyNTajuy5stPQpM6e6aGipc2lw6XIpbel56XDpdekx9icidOkt6TGpKSkxqTijGe16sVupMeJ06TspMakt6TepMOkv4j2us+hojxCUj4KoaEg2JyJ09bQpMek4snqpLfUVaS0pLakpKTepLuk86SsoaKktNeizsSkzqW/paSl36XzpbCky6TopOrGt8fQpOykzoj2us+krKS0pLakpKTepLmhozxCUj4KoaGkvaTO60ikz6GipeGpYKXrtcikx6S030K9aqS1pLukxu2UpK2k3qS5pM6kx6S0wcuz0M/CpLWkpKGjPEJSPgqhodPWoaLU2o7sx9Ck7KTH1NqO7KSspKKk67fWpPLPyKTLpKrLzaTqpLmk64j2us+kz6Giy83Bz6SsMrvYt9akq6SrpOqk3qS5pM6kx6GiPEJSPgqhocnqpLfUVaS0pLakpKTepLuk86SsPEI+MrvYt9akzsvNwc+kz6Sqv82YlNiTtaM8L0I+pMekqu6KpKTWwqS3pN6kuaGjPEJSPgqhoYRly82ktM+jzfukzoj2us+kz6GipLTBy7PQpM7Jz6S008PD/M/CpLWkpKGjPC9GT05UPjxCPjxGT05UIHNpemU9Mj48QlI+CjxCUj4KPEZPTlQgY29sb3I9cmVkIHNpemU9Mj48SU1HIHNyYz0iaHR0cDovL2ltYWdlLnJha3V0ZW4uY28uanAvZS1tYWJ1Y2hpL2NhYmluZXQvaHAvYXN1LmdpZiIgYm9yZGVyPSIwIj4gPC9GT05UPjwvRk9OVD48L0I+PEZPTlQgc2l6ZT0yPqS000XtlKSvrWi+s6TLpOik6qWrpempYKSs32Ckw6TG0oqkqKTriPa6z6SspLSktqSkpN6kuaTOpMehoqS0wcuz0M/CpLWkpKGjPEJSPgo8QlI+CjxGT05UIGNvbG9yPSJyZWQiIHNpemU9IjIiPjxJTUcgc3JjPSJodHRwOi8vaW1hZ2UucmFrdXRlbi5jby5qcC9lLW1hYnVjaGkvY2FiaW5ldC9ocC9hc3UuZ2lmIiBib3JkZXI9IjAiPiA8L0ZPTlQ+se3Tm6S3pMakqqTqpN6kucn6tdi97aTPoaLKy8nPpKyk6qTLpOikw6TGtuDJ2cew4eGkuaTriPa6z6SspLSktqSkpN6kuaGjPEJSPgqhodPWoaLNrKS4yfq12KTHpOLIvqThpOu4qqSs32CkpqTIyauky86iw+6kyt9gpKSkrLP2pN6kuaGj17e806S016LOxLXIpMfNrKS4yfq12KTyPEJSPgqhoaS016LOxO2UpKSkv4j2us+kx6TiyL6k4aTruKqkrN9gpMOkv8n6tdikz6GiyPS4yaWrpempYKSsieSk76TrysKkrKS0pLakpKTepLmkzqTHoaI8QlI+CqGhpLTBy7PQpM7Jz6GipLTXos7EpPKkqu6KpKTWwqS3pN6kuaGjPEJSPgo8QlI+CjwvRk9OVD4KPEZPTlQgY29sb3I9InJlZCIgc2l6ZT0iMiI+PElNRyBzcmM9Imh0dHA6Ly9pbWFnZS5yYWt1dGVuLmNvLmpwL2UtbWFidWNoaS9jYWJpbmV0L2hwL2FzdS5naWYiIGJvcmRlcj0iMCI+IDwvRk9OVD48Rk9OVCBzaXplPSIyIj7F5MvNt723qKTHpc2ls6Xdpbmk5Lao0M7N4uBdseOk8qS01ri2qO2UpKSkxqTi0o62qM3ipMektMD708PtlKSxpMqkpIj2us+kz6GiPEJSPgqhobHXteqkx7Bry82/ycTcpMrF5MvNt723qKTLieS4/NbCpLek3qS5oaM8QlI+CqGhtqjQzs3i4F2x46Sr1azF5LHjpMuJ5Lj8pLekxrBry83WwqS3pN6kuaTOpMehotPopOGktMHLs9Ckr6TApLWkpKGjPEJSPgo8QlI+CjxGT05UIGNvbG9yPSJyZWQiPjxJTUcgc3JjPSJodHRwOi8vaW1hZ2UucmFrdXRlbi5jby5qcC9lLW1hYnVjaGkvY2FiaW5ldC9ocC9hc3UuZ2lmIiBib3JkZXI9IjAiPiA8L0ZPTlQ+pdqpYKW4pMux7dObpLWk7KTGpKSk68vNwc+kz6GipKq/zZiUpKzF5MvNt723qKTy33iSa6S1pOyk68S/sLKkzp7ppM6x7dObpMikyqTqpN6kuaGjPEJSPgqhocXky823vbeopM/SjraozeKkx6S0wPvTw+2UpLGkyqSkiPa6z6TOpN+x17XqpMeJ5Lj81sKkt6TepLmkrKGipL2k7NLUzeKkz6GiPEJSPgqhoTxCPqS016LOxJVypMvfeJJr7ZSkpKS/xeTLzbe9t6ikx6TOsGvLzTwvQj6kyKTKpOqk3qS5oaM8L0ZPTlQ+PEJSPg==,SU5BWlVNQSCxvsaks9akwcrWob6kqruoIDM4o+Oj7crWpLWksqW/paSl16G/o7ql3qXWpcGlzaXDpcilt6XnpcOl1w==,pd6l1qXBkmmkraWtpeOl86XQpbmhobK8yfq12NHzssPK1ty/peml36XNqWClyL5kwum3q7K8pbOluaXXpezSwtewk9zLrrzTuaSl36W3pfPhmPTpyOuIQMjr0aelsKXDpbql1aWhpdal6qXDpa8xMKPjo+2kq6Tp2JyJ07TMpLek5aSmy83Bz59vwc9JTkFaVU1BILG+xqSz1qTBytahvqSqu6ggMzij46PtytaktaSypb+lpKXXob8=,SU5BWlVNQSCxvsaks9akwcrWob6kqruoIDM4o+Oj7crWpLWksqW/paSl16G/[rn]
25-29667,aHR0cDovL3RzaG9wLnIxMHMuanAvZS1tYWJ1Y2hpL2NhYmluZXQvZnVrdS95b3VndS90YWtlanlha3U1MC5naWY/Zml0aW49NzAwOjcwMA==,Mzg0LjAwMDA=,,yNXTw8a362rYmz/OxLe/vt8/ytbcvyA+IMrW3L8/pa+l6aXVpcg/yfq12CA+IKWipa+lu6W1peqpYKWvpeml1aXIssTBzyA+IKWipa+ltaXqqWCl0algpcQgPiCkvaTOy/s=,pc+lpKXTpbmlq6W5oaHW8bPfNTCj46Pt,,PGNlbnRlcj48QlI+CjxJTUcgc3JjPSJodHRwOi8vaW1hZ2UucmFrdXRlbi5jby5qcC9lLW1hYnVjaGkvY2FiaW5ldC90ZW5zZW4tbC5qcGciIGJvcmRlcj0iMCI+PEZPTlQgc2l6ZT0iMiI+PEJSPgo8QlI+Csq5pKSE2crWpM7BvKSkNTCj46PtpM7W8bPfpMekuaGjPEJSPgo8QlI+CszsyLukztbxpPLKudPDpLekxqSkpOukv6ThoaI8QlI+CsnMxreky8j0uMmkzqWtpbqk5JtBpOykrKSipOqk3qS5oaM8QlI+CjxCUj4KyrnTw6S5pOuky6TPhpbufaSspKKk6qTepLuk86TOpMc8QlI+CqS0wcuz0KSvpMCktaSkoaM8QlI+CjwvRk9OVD48QlI+CjxCUj4KPElNRyBzcmM9Imh0dHA6Ly9pbWFnZS5yYWt1dGVuLmNvLmpwL2UtbWFidWNoaS9jYWJpbmV0L3RlbnNlbi1jLmpwZyIgYm9yZGVyPSIwIj6hoTxCPjxGT05UIHNpemU9IjIiPsvNwc+kz8/C05uk8qS0ss7V1c/CpLWkpKGhPElNRyBzcmM9Imh0dHA6Ly9pbWFnZS5yYWt1dGVuLmNvLmpwL2UtbWFidWNoaS9jYWJpbmV0L3RlbnNlbi1jLmpwZyIgYm9yZGVyPSIwIj48L0ZPTlQ+PC9CPjxCUj4KPEJSPgo8VEFCTEUgYm9yZGVyPSIwIiB3aWR0aD0iMjgwIiBoZWlnaHQ9IjE1MiIgc3R5bGU9J2ZvbnQtc2l6ZSA6IHNtYWxsO2ZvbnQtZmFtaWx5IDogIqPNo9MgpbSlt6XDpa8iO3RleHQtYWxpZ24gOiBjZW50ZXI7cmlnaHQgOiBpbmhlcml0Oyc+CiAgPFRCT0RZPgogICAgPFRSPgogICAgICA8VEQgY29sc3Bhbj0iMyIgd2lkdGg9IjMzNCI+PElNRyBzcmM9Imh0dHA6Ly9pbWFnZS5yYWt1dGVuLmNvLmpwL2UtbWFidWNoaS9jYWJpbmV0L2hwL2xpbmUteW9rby1zcy5naWYiIGJvcmRlcj0iMCI+PC9URD4KICAgIDwvVFI+CiAgICA8VFI+CiAgICAgIDxURCBiZ2NvbG9yPSIjZmZlZmRmIiB3aWR0aD0iODAiPsXky823vbeoPC9URD4KICAgICAgPFREIGJnY29sb3I9IiNmZmVmZGYiIHdpZHRoPSIxMDAiPqS016LOxIVnzrs8L1REPgogICAgICA8VEQgYmdjb2xvcj0iI2ZmZWZkZiIgd2lkdGg9IjEwMCI+y83BzzwvVEQ+CiAgICA8L1RSPgogICAgPFRSPgogICAgICA8VEQgY29sc3Bhbj0iMyIgd2lkdGg9IjMzNCI+PElNRyBzcmM9Imh0dHA6Ly9pbWFnZS5yYWt1dGVuLmNvLmpwL2UtbWFidWNoaS9jYWJpbmV0L2hwL2xpbmUteW9rby1zcy5naWYiIGJvcmRlcj0iMCI+PC9URD4KICAgIDwvVFI+CiAgICA8VFI+CiAgICAgIDxURCBiZ2NvbG9yPSIjZmZlZmRmIiB3aWR0aD0iODAiPqXNpbOl3aW5PC9URD4KICAgICAgPFREIHdpZHRoPSIxMDAiPqHBPC9URD4KICAgICAgPFREIHdpZHRoPSIxMDAiPi08L1REPgogICAgPC9UUj4KICAgIDxUUj4KICAgICAgPFREIGNvbHNwYW49IjMiIHdpZHRoPSIzMzQiPjxJTUcgc3JjPSJodHRwOi8vaW1hZ2UucmFrdXRlbi5jby5qcC9lLW1hYnVjaGkvY2FiaW5ldC9ocC9saW5lLXlva28tc3MuZ2lmIiBib3JkZXI9IjAiPjwvVEQ+CiAgICA8L1RSPgogICAgPFRSPgogICAgICA8VEQgYmdjb2xvcj0iI2ZmZWZkZiIgd2lkdGg9IjgwIj62qNDOzeI8L1REPgogICAgICA8VEQgd2lkdGg9IjEwMCI+wPvTw7/JPC9URD4KICAgICAgPFREIHdpZHRoPSIxMDAiPjQwMIPSPC9URD4KICAgIDwvVFI+CiAgICA8VFI+CiAgICAgIDxURCBjb2xzcGFuPSIzIiB3aWR0aD0iMzM0Ij48SU1HIHNyYz0iaHR0cDovL2ltYWdlLnJha3V0ZW4uY28uanAvZS1tYWJ1Y2hpL2NhYmluZXQvaHAvbGluZS15b2tvLXNzLmdpZiIgYm9yZGVyPSIwIj48L1REPgogICAgPC9UUj4KICAgIDxUUj4KICAgICAgPFREIGJnY29sb3I9IiNmZmVmZGYiIGhlaWdodD0iMTciIHdpZHRoPSI4MCI+1azF5LHjPC9URD4KICAgICAgPFREIGhlaWdodD0iMTciIHdpZHRoPSIxMDAiPsD708O/yTwvVEQ+CiAgICAgIDxURCBoZWlnaHQ9IjE3IiB3aWR0aD0iMTAwIj41NDCD0qSrNDMyg9I8L1REPgogICAgPC9UUj4KICAgIDxUUj4KICAgICAgPFREIGNvbHNwYW49IjMiIGhlaWdodD0iMTkiIHdpZHRoPSIzMzQiPjxJTUcgc3JjPSJodHRwOi8vaW1hZ2UucmFrdXRlbi5jby5qcC9lLW1hYnVjaGkvY2FiaW5ldC9ocC9saW5lLXlva28tc3MuZ2lmIiBib3JkZXI9IjAiPjwvVEQ+CiAgICA8L1RSPgogIDwvVEJPRFk+CjwvVEFCTEU+CjxCUj4KPFRBQkxFIGJvcmRlcj0iMCI+CiAgPFRCT0RZPgogICAgPFRSPgogICAgICA8VEQ+PEZPTlQgc2l6ZT0iMiI+ofnVrMXkseM0MzKD0qTPlnyxsTaxaKTOpN+kx6GisbG6o7XAPzxCUj4KICAgICAgoaGbX79JP+t4jXWk8rP9pK/L+7FopKw1NDCD0qTIpMqk6qTepLmhozxCUj4KICAgICAgPEJSPgogICAgICCh+cnP05vBz73wpM/NrMnMxrekzoj2us+kx6S5oaM8QlI+CiAgICAgIKGhy/vJzMa3pMikzs2sl3mkz8vNwc+krInkpO+k64j2us+krDxCUj4KICAgICAgoaGktKS2pKSk3qS5pM6kx6S0wcuz0M/CpLWkpKGjPEJSPgogICAgICA8QlI+CiAgICAgIKH5t9aksaTGpLTXos7E7ZSkpKTGpOKwa8vNpM+kqqOxyMuYlDGXeTxCUj4KICAgICAgoaGw/KTOsGvLzaTHpLmho4Rly82kz4ydj+qkt6TGpKqk6qTepLuk86GjPC9GT05UPjwvVEQ+CiAgICA8L1RSPgogIDwvVEJPRFk+CjwvVEFCTEU+CjxCUj4KPEJSPgo8SU1HIHNyYz0iaHR0cDovL2ltYWdlLnJha3V0ZW4uY28uanAvZS1tYWJ1Y2hpL2NhYmluZXQvdGVuc2VuLXIuanBnIiBib3JkZXI9IjAiPjxCUj4KPC9DRU5URVI+PEI+PEZPTlQgY29sb3I9cmVkIHNpemU9Mj48SU1HIHNyYz0iaHR0cDovL2ltYWdlLnJha3V0ZW4uY28uanAvZS1tYWJ1Y2hpL2NhYmluZXQvaHAvYXN1LmdpZiIgYm9yZGVyPSIwIj4gPC9GT05UPjwvQj48Rk9OVCBzaXplPTI+jGe16sVupMjU2o7subLT0KTOnumhoqXNpcOlyKW3peelw6XXpMfYnInTpLekxqSkpMak4oxnterFbqTHidOk7KTGpLek3qTDpL+I9rrPoaI8QlI+CqGhIArYnInT1tCkx6Tiyeqkt9RVpLSktqSkpN6ku6TzpKyhoqS016LOxKTOpb+lpKXfpfOlsKTLpOik6sa3x9Ck7KTOiPa6z6SspLSktqSkpN6kuaGjPEJSPgqhoaS9pM7rSKTPoaKl4algpeu1yKTHpLTfQr1qpLWku6TG7ZSkraTepLmkzqTHpLTBy7PQz8KktaSkoaM8QlI+CqGh09ahotTajuzH0KTspMfU2o7spKykoqTrt9ak8s/IpMukqsvNpOqkuaTriPa6z6TPoaLLzcHPpKwyu9i31qSrpKuk6qTepLmkzqTHoaI8QlI+CqGhyeqkt9RVpLSktqSkpN6ku6TzpKw8Qj4yu9i31qTOy83Bz6TPpKq/zZiU2JO1ozwvQj6kx6Sq7oqkpNbCpLek3qS5oaM8QlI+CqGhhGXLzaS0z6PN+6TOiPa6z6TPoaKktMHLs9CkzsnPpLTTw8P8z8KktaSkoaM8L0ZPTlQ+PEI+PEZPTlQgc2l6ZT0yPjxCUj4KPEJSPgo8L0ZPTlQ+PEZPTlQgc2l6ZT0iMiIgY29sb3I9IiNmZjAwMDAiPjxJTUcgc3JjPSJodHRwOi8vaW1hZ2UucmFrdXRlbi5jby5qcC9lLW1hYnVjaGkvY2FiaW5ldC9ocC9hc3UuZ2lmIiBib3JkZXI9IjAiPiA8L0ZPTlQ+PC9CPjxGT05UIHNpemU9Mj6kqr/NmJSkzqS000Wky6TKpOutaL6zpMuk6KTqoaKlq6XpqWCkrN9gpMOkxtKKpKik64j2us+krKS0pLakpKTepLmkzqTHoaKktMHLs9DPwqS1pKShozwvRk9OVD48QlI+CjxCPjxGT05UIHNpemU9Mj48QlI+CjwvRk9OVD48L0I+PEZPTlQgY29sb3I9InJlZCIgc2l6ZT0iMiI+PElNRyBzcmM9Imh0dHA6Ly9pbWFnZS5yYWt1dGVuLmNvLmpwL2UtbWFidWNoaS9jYWJpbmV0L2hwL2FzdS5naWYiIGJvcmRlcj0iMCI+IDwvRk9OVD48Rk9OVCBzaXplPSIyIj7F5MvNt723qKTHpc2ls6Xdpbmk5Lao0M7N4uBdseOk8qS01ri2qO2UpKSkxqTi0o62qM3ipMektMD708PtlKSxpMqkpIj2us+kz6GiPEJSPgqhobHXteqkx7Bry82/ycTcpMrF5MvNt723qKTLieS4/NbCpLek3qS5oaM8QlI+CqGhtqjQzs3i4F2x46Sr1azF5LHjpMuJ5Lj8pLekxrBry83WwqS3pN6kuaTOpMehotPopOGktMHLs9Ckr6TApLWkpKGjPEJSPgqhoTxCUj4KPElNRyBzcmM9Imh0dHA6Ly9pbWFnZS5yYWt1dGVuLmNvLmpwL2UtbWFidWNoaS9jYWJpbmV0L2hwL2FzdS5naWYiIGJvcmRlcj0iMCI+IKXaqWCluKTLse3Tm6S1pOykxqSkpOvLzcHPpM+hoqSqv82YlKSsxeTLzbe9t6ik8t94kmuktaTspOvEv7CypM6e6aTOse3Tm6TIpMqk6qTepLmhozxCUj4KoaHF5MvNt723qKTP0o62qM3ipMektMD708PtlKSxpMqkpIj2us+kzqTfsde16qTHieS4/NbCpLek3qS5pKyhoqS9pOzS1M3ipM+hojxCUj4KoaE8Qj6ktNeizsSVcqTL33iSa+2UpKSkv8Xky823vbeopMekzrBry808L0I+pMikyqTqpN6kuaGjPC9GT05UPjxCUj4=,pc+lpKXTpbmlq6W5oaHW8bPfNTCj46Pto7ql3qXWpcGlzaXDpcilt6XnpcOl1w==,pd6l1qXBkmmkraWtpeOl86XQpbmhobK8yfq12NHzssPK1ty/peml36XNqWClyL5kwum3q7K8pbOluaXXpezSwtewk9zLrrzTuaSl36W3pfPhmPTpyOuIQMjr0aelsKXDpbql1aWhpdal6qXDpa8xMKPjo+2kq6Tp2JyJ07TMpLek5aSmy83Bz59vwc+lz6WkpdOluaWrpbmhodbxs981MKPjo+0=,pc+lpKXTpbmlq6W5oaHW8bPfNTCj46Pt[rn]
25-29668,aHR0cDovL3RzaG9wLnIxMHMuanAvZS1tYWJ1Y2hpL2NhYmluZXQvZnVrdS8wNDEzMjIwNS95YWgtMzAtMS5qcGc/Zml0aW49NzAwOjcwMA==,NDAwLjAwMDA=,,yNXTw8a362rYmz/OxLe/vt8/ytbcvyA+IMrW3L8/pa+l6aXVpcg/yfq12CA+IKWipa+lu6W1peqpYKWvpeml1aXIssTBzyA+IKWipa+ltaXqqWCl0algpcQgPiCkvaTOy/s=,SU5BWlVNQSC6z8aks9akwcrWob4zMKPjo+28mr/aytaktaSypb+lpKXXob8=,,PGNlbnRlcj48QlI+CjxJTUcgc3JjPSJodHRwOi8vaW1hZ2UucmFrdXRlbi5jby5qcC9lLW1hYnVjaGkvY2FiaW5ldC90ZW5zZW4tbC5qcGciIGJvcmRlcj0iMCI+PEZPTlQgc2l6ZT0iMiI+PEJSPgo8QlI+CjwvRk9OVD48Rk9OVCBzaXplPSIyIj66z7PJxqS47zMwo+Oj7aTOvJq/2srWpLWksqW/paSl16GjPEJSPgo8QlI+CtChpLWkyqXQpcOlsKTkpKrX05iU08OkzqXQpcOlsKTLPEJSPgqkqqW5pbml4aTHpLk/PEJSPgo8QlI+Cji3rMmrpM+O/MmrpMekuaGjPEJSPgo8QlI+CjwvRk9OVD4KPFRBQkxFIGJvcmRlcj0iMCI+CiAgPFRCT0RZPgogICAgPFRSPgogICAgICA8VEQ+PElNRyBzcmM9Imh0dHA6Ly9pbWFnZS5yYWt1dGVuLmNvLmpwL2UtbWFidWNoaS9jYWJpbmV0L21pbmktaXRvLmpwZyIgYm9yZGVyPSIwIj6hoTxTUEFOIGNsYXNzPSJpdGVtX2Rlc2MiPjxGT05UIGNvbG9yPSIjMDAwMDAwIiBzaXplPSIyIj6ltaWkpbqjusir6Uy8czMwY208L0ZPTlQ+PC9TUEFOPjxCUj4KICAgICAgPElNRyBzcmM9Imh0dHA6Ly9pbWFnZS5yYWt1dGVuLmNvLmpwL2UtbWFidWNoaS9jYWJpbmV0L21pbmktaXRvLmpwZyIgYm9yZGVyPSIwIj6hoTxTUEFOIGNsYXNzPSJpdGVtX2Rlc2MiPjxGT05UIGNvbG9yPSIjMDAwMDAwIiBzaXplPSIyIj63+aO6vHMwLjVjbTxCUj4KICAgICAgPC9GT05UPjwvU1BBTj48U1BBTiBjbGFzcz0iaXRlbV9kZXNjIj48L1NQQU4+PElNRyBzcmM9Imh0dHA6Ly9pbWFnZS5yYWt1dGVuLmNvLmpwL2UtbWFidWNoaS9jYWJpbmV0L21pbmktaXRvLmpwZyIgYm9yZGVyPSIwIj6hoTxTUEFOIGNsYXNzPSJpdGVtX2Rlc2MiPjxGT05UIHNpemU9IjIiPsvYssSjurrPs8nGpLjvo6gysb7I66OpPC9GT05UPjwvU1BBTj48L1REPgogICAgPC9UUj4KICA8L1RCT0RZPgo8L1RBQkxFPgo8Rk9OVCBzaXplPSIyIj48QlI+CjwvRk9OVD48QlI+CjxJTUcgc3JjPSJodHRwOi8vaW1hZ2UucmFrdXRlbi5jby5qcC9lLW1hYnVjaGkvY2FiaW5ldC90ZW5zZW4tYy5qcGciIGJvcmRlcj0iMCI+oaE8Qj48Rk9OVCBzaXplPSIyIj7LzcHPpM/PwtObpPKktLLO1dXPwqS1pKShoTxJTUcgc3JjPSJodHRwOi8vaW1hZ2UucmFrdXRlbi5jby5qcC9lLW1hYnVjaGkvY2FiaW5ldC90ZW5zZW4tYy5qcGciIGJvcmRlcj0iMCI+PC9GT05UPjwvQj48QlI+CjxCUj4KPFRBQkxFIGJvcmRlcj0iMCIgd2lkdGg9IjI4MCIgaGVpZ2h0PSIxNTIiIHN0eWxlPSdmb250LXNpemUgOiBzbWFsbDtmb250LWZhbWlseSA6ICKjzaPTIKW0pbelw6WvIjt0ZXh0LWFsaWduIDogY2VudGVyO3JpZ2h0IDogaW5oZXJpdDsnPgogIDxUQk9EWT4KICAgIDxUUj4KICAgICAgPFREIGNvbHNwYW49IjMiIHdpZHRoPSIzMzQiPjxJTUcgc3JjPSJodHRwOi8vaW1hZ2UucmFrdXRlbi5jby5qcC9lLW1hYnVjaGkvY2FiaW5ldC9ocC9saW5lLXlva28tc3MuZ2lmIiBib3JkZXI9IjAiPjwvVEQ+CiAgICA8L1RSPgogICAgPFRSPgogICAgICA8VEQgYmdjb2xvcj0iI2ZmZWZkZiIgd2lkdGg9IjgwIj7F5MvNt723qDwvVEQ+CiAgICAgIDxURCBiZ2NvbG9yPSIjZmZlZmRmIiB3aWR0aD0iMTAwIj6ktNeizsSFZ867PC9URD4KICAgICAgPFREIGJnY29sb3I9IiNmZmVmZGYiIHdpZHRoPSIxMDAiPsvNwc88L1REPgogICAgPC9UUj4KICAgIDxUUj4KICAgICAgPFREIGNvbHNwYW49IjMiIHdpZHRoPSIzMzQiPjxJTUcgc3JjPSJodHRwOi8vaW1hZ2UucmFrdXRlbi5jby5qcC9lLW1hYnVjaGkvY2FiaW5ldC9ocC9saW5lLXlva28tc3MuZ2lmIiBib3JkZXI9IjAiPjwvVEQ+CiAgICA8L1RSPgogICAgPFRSPgogICAgICA8VEQgYmdjb2xvcj0iI2ZmZWZkZiIgd2lkdGg9IjgwIj6lzaWzpd2luTwvVEQ+CiAgICAgIDxURCB3aWR0aD0iMTAwIj7A+9PDv8k8L1REPgogICAgICA8VEQgd2lkdGg9IjEwMCI+Mjcwg9I8L1REPgogICAgPC9UUj4KICAgIDxUUj4KICAgICAgPFREIGNvbHNwYW49IjMiIHdpZHRoPSIzMzQiPjxJTUcgc3JjPSJodHRwOi8vaW1hZ2UucmFrdXRlbi5jby5qcC9lLW1hYnVjaGkvY2FiaW5ldC9ocC9saW5lLXlva28tc3MuZ2lmIiBib3JkZXI9IjAiPjwvVEQ+CiAgICA8L1RSPgogICAgPFRSPgogICAgICA8VEQgYmdjb2xvcj0iI2ZmZWZkZiIgd2lkdGg9IjgwIj62qNDOzeI8L1REPgogICAgICA8VEQgd2lkdGg9IjEwMCI+wPvTw7/JPC9URD4KICAgICAgPFREIHdpZHRoPSIxMDAiPjQwMIPSPC9URD4KICAgIDwvVFI+CiAgICA8VFI+CiAgICAgIDxURCBjb2xzcGFuPSIzIiB3aWR0aD0iMzM0Ij48SU1HIHNyYz0iaHR0cDovL2ltYWdlLnJha3V0ZW4uY28uanAvZS1tYWJ1Y2hpL2NhYmluZXQvaHAvbGluZS15b2tvLXNzLmdpZiIgYm9yZGVyPSIwIj48L1REPgogICAgPC9UUj4KICAgIDxUUj4KICAgICAgPFREIGJnY29sb3I9IiNmZmVmZGYiIGhlaWdodD0iMTciIHdpZHRoPSI4MCI+1azF5LHjPC9URD4KICAgICAgPFREIGhlaWdodD0iMTciIHdpZHRoPSIxMDAiPsD708O/yTwvVEQ+CiAgICAgIDxURCBoZWlnaHQ9IjE3IiB3aWR0aD0iMTAwIj41NDCD0qSrNDMyg9I8L1REPgogICAgPC9UUj4KICAgIDxUUj4KICAgICAgPFREIGNvbHNwYW49IjMiIGhlaWdodD0iMTkiIHdpZHRoPSIzMzQiPjxJTUcgc3JjPSJodHRwOi8vaW1hZ2UucmFrdXRlbi5jby5qcC9lLW1hYnVjaGkvY2FiaW5ldC9ocC9saW5lLXlva28tc3MuZ2lmIiBib3JkZXI9IjAiPjwvVEQ+CiAgICA8L1RSPgogIDwvVEJPRFk+CjwvVEFCTEU+CjxCUj4KPFRBQkxFIGJvcmRlcj0iMCI+CiAgPFRCT0RZPgogICAgPFRSPgogICAgICA8VEQ+PEZPTlQgc2l6ZT0iMiI+ofnVrMXkseM0MzKD0qTPlnyxsTaxaKTOpN+kx6GisbG6o7XAPzxCUj4KICAgICAgoaGbX79JP+t4jXWk8rP9pK/L+7FopKw1NDCD0qTIpMqk6qTepLmhozxCUj4KICAgICAgPEJSPgogICAgICCh+cnP05vBz73wpM/NrMnMxrekzoj2us+kx6S5oaM8QlI+CiAgICAgIKGhy/vJzMa3pMikzs2sl3mkz8vNwc+krInkpO+k64j2us+krDxCUj4KICAgICAgoaGktKS2pKSk3qS5pM6kx6S0wcuz0M/CpLWkpKGjPEJSPgogICAgICA8QlI+CiAgICAgIKH5t9aksaTGpLTXos7E7ZSkpKTGpOKwa8vNpM+kqqOxyMuYlDGXeTxCUj4KICAgICAgoaGw/KTOsGvLzaTHpLmho4Rly82kz4ydj+qkt6TGpKqk6qTepLuk86GjPC9GT05UPjwvVEQ+CiAgICA8L1RSPgogIDwvVEJPRFk+CjwvVEFCTEU+CjxCUj4KPEJSPgo8SU1HIHNyYz0iaHR0cDovL2ltYWdlLnJha3V0ZW4uY28uanAvZS1tYWJ1Y2hpL2NhYmluZXQvdGVuc2VuLWMuanBnIiBib3JkZXI9IjAiPqGhPEI+PEZPTlQgc2l6ZT0iMiI+pKqkuaS5pOGloqWkpcal4KGhPElNRyBzcmM9Imh0dHA6Ly9pbWFnZS5yYWt1dGVuLmNvLmpwL2UtbWFidWNoaS9jYWJpbmV0L3RlbnNlbi1jLmpwZyIgYm9yZGVyPSIwIj48L0ZPTlQ+PC9CPjxCUj4KPEJSPgo8SU1HIHNyYz0iaHR0cDovL2ltYWdlLnJha3V0ZW4uY28uanAvZS1tYWJ1Y2hpL2NhYmluZXQvbWluaS1pdG8uanBnIiBib3JkZXI9IjAiPqGhPEZPTlQgc2l6ZT0iMiI+peyltqlg08PK1r9wpKT06TwvRk9OVD48QlI+CjxCUj4KPElNRyBzcmM9Imh0dHA6Ly9pbWFnZS5yYWt1dGVuLmNvLmpwL2UtbWFidWNoaS9jYWJpbmV0L3RlbnNlbi1yLmpwZyIgYm9yZGVyPSIwIj48QlI+CjwvQ0VOVEVSPjxCPjxGT05UIGNvbG9yPXJlZCBzaXplPTI+PElNRyBzcmM9Imh0dHA6Ly9pbWFnZS5yYWt1dGVuLmNvLmpwL2UtbWFidWNoaS9jYWJpbmV0L2hwL2FzdS5naWYiIGJvcmRlcj0iMCI+IDwvRk9OVD48L0I+PEZPTlQgc2l6ZT0yPoxnterFbqTI1NqO7Lmy09Ckzp7poaKlzaXDpcilt6XnpcOl16TH2JyJ06S3pMakpKTGpOKMZ7XqxW6kx4nTpOykxqS3pN6kw6S/iPa6z6GiPEJSPgqhoSDYnInT1tCkx6Tiyeqkt9RVpLSktqSkpN6ku6TzpKyhoqS016LOxKTOpb+lpKXfpfOlsKTLpOik6sa3x9Ck7KTOiPa6z6SspLSktqSkpN6kuaGjPEJSPgqhoaS9pM7rSKTPoaKl4algpeu1yKTHpLTfQr1qpLWku6TG7ZSkraTepLmkzqTHpLTBy7PQz8KktaSkoaM8QlI+CqGh09ahotTajuzH0KTspMfU2o7spKykoqTrt9ak8s/IpMukqsvNpOqkuaTriPa6z6TPoaLLzcHPpKwyu9i31qSrpKuk6qTepLmkzqTHoaI8QlI+CqGhyeqkt9RVpLSktqSkpN6ku6TzpKw8Qj4yu9i31qTOy83Bz6TPpKq/zZiU2JO1ozwvQj6kx6Sq7oqkpNbCpLek3qS5oaM8QlI+CqGhhGXLzaS0z6PN+6TOiPa6z6TPoaKktMHLs9CkzsnPpLTTw8P8z8KktaSkoaM8L0ZPTlQ+PEI+PEZPTlQgc2l6ZT0yPjxCUj4KPEJSPgo8Rk9OVCBjb2xvcj1yZWQgc2l6ZT0yPjxJTUcgc3JjPSJodHRwOi8vaW1hZ2UucmFrdXRlbi5jby5qcC9lLW1hYnVjaGkvY2FiaW5ldC9ocC9hc3UuZ2lmIiBib3JkZXI9IjAiPiA8L0ZPTlQ+PC9GT05UPjwvQj48Rk9OVCBzaXplPTI+pLTTRe2UpK+taL6zpMuk6KTqpaul6algpKzfYKTDpMbSiqSopOuI9rrPpKyktKS2pKSk3qS5pM6kx6GipLTBy7PQz8KktaSkoaM8QlI+CjxCUj4KPEZPTlQgY29sb3I9InJlZCIgc2l6ZT0iMiI+PElNRyBzcmM9Imh0dHA6Ly9pbWFnZS5yYWt1dGVuLmNvLmpwL2UtbWFidWNoaS9jYWJpbmV0L2hwL2FzdS5naWYiIGJvcmRlcj0iMCI+IDwvRk9OVD6x7dObpLekxqSqpOqk3qS5yfq12L3tpM+hosrLyc+krKTqpMuk6KTDpMa24MnZx7Dh4aS5pOuI9rrPpKyktKS2pKSk3qS5oaM8QlI+CqGh09ahos2spLjJ+rXYpMek4si+pOGk67iqpKzfYKSmpMjJq6TLzqLD7qTK32CkpKSss/ak3qS5oaPXt7zTpLTXos7Etcikx82spLjJ+rXYpPI8QlI+CqGhpLTXos7E7ZSkpKS/iPa6z6THpOLIvqThpOu4qqSs32Ckw6S/yfq12KTPoaLI9LjJpaul6algpKyJ5KTvpOvKwqSspLSktqSkpN6kuaTOpMehojxCUj4KoaGktMHLs9CkzsnPoaKktNeizsSk8qSq7oqkpNbCpLek3qS5oaM8QlI+CjxCUj4KPC9GT05UPgo8Rk9OVCBjb2xvcj0icmVkIiBzaXplPSIyIj48SU1HIHNyYz0iaHR0cDovL2ltYWdlLnJha3V0ZW4uY28uanAvZS1tYWJ1Y2hpL2NhYmluZXQvaHAvYXN1LmdpZiIgYm9yZGVyPSIwIj4gPC9GT05UPjxGT05UIHNpemU9IjIiPsXky823vbeopMelzaWzpd2luaTktqjQzs3i4F2x46TypLTWuLao7ZSkpKTGpOLSjraozeKkx6S0wPvTw+2UpLGkyqSkiPa6z6TPoaI8QlI+CqGhsde16qTHsGvLzb/JxNykysXky823vbeopMuJ5Lj81sKkt6TepLmhozxCUj4KoaG2qNDOzeLgXbHjpKvVrMXkseOky4nkuPykt6TGsGvLzdbCpLek3qS5pM6kx6Gi0+ik4aS0wcuz0KSvpMCktaSkoaM8QlI+CjxCUj4KPEZPTlQgY29sb3I9InJlZCI+PElNRyBzcmM9Imh0dHA6Ly9pbWFnZS5yYWt1dGVuLmNvLmpwL2UtbWFidWNoaS9jYWJpbmV0L2hwL2FzdS5naWYiIGJvcmRlcj0iMCI+IDwvRk9OVD6l2qlgpbiky7Ht05uktaTspMakpKTry83Bz6TPoaKkqr/NmJSkrMXky823vbeopPLfeJJrpLWk7KTrxL+wsqTOnumkzrHt05ukyKTKpOqk3qS5oaM8QlI+CqGhxeTLzbe9t6ikz9KOtqjN4qTHpLTA+9PD7ZSksaTKpKSI9rrPpM6k37HXteqkx4nkuPzWwqS3pN6kuaSsoaKkvaTs0tTN4qTPoaI8QlI+CqGhPEI+pLTXos7ElXKky994kmvtlKSkpL/F5MvNt723qKTHpM6wa8vNPC9CPqTIpMqk6qTepLmhozwvRk9OVD48QlI+,SU5BWlVNQSC6z8aks9akwcrWob4zMKPjo+28mr/aytaktaSypb+lpKXXob+juqXepdalwaXNpcOlyKW3peelw6XX,pd6l1qXBkmmkraWtpeOl86XQpbmhobK8yfq12NHzssPK1ty/peml36XNqWClyL5kwum3q7K8pbOluaXXpezSwtewk9zLrrzTuaSl36W3pfPhmPTpyOuIQMjr0aelsKXDpbql1aWhpdal6qXDpa8xMKPjo+2kq6Tp2JyJ07TMpLek5aSmy83Bz59vwc9JTkFaVU1BILrPxqSz1qTBytahvjMwo+Oj7byav9rK1qS1pLKlv6Wkpdehvw==,SU5BWlVNQSC6z8aks9akwcrWob4zMKPjo+28mr/aytaktaSypb+lpKXXob8=[rn]
25-29669,aHR0cDovL3RzaG9wLnIxMHMuanAvZS1tYWJ1Y2hpL2NhYmluZXQvZnVrdS9hLW5lZWRsZS9zdW5saWZlLWluZHVzdHJ5OS0xNC5qcGc/Zml0aW49NzAwOjcwMA==,MjQwLjAwMDA=,,yNXTw8a362rYmz/OxLe/vt8/ytbcvyA+IMrW3L8/pa+l6aXVpcg/yfq12CA+IKWipa+lu6W1peqpYKWvpeml1aXIssTBzyA+IKWipa+ltaXqqWCl0algpcQgPiCkvaTOy/s=,U3VuIExpZmUguaSYSdPDoaGxvr9wpKSMn9PDoaE5oasxNLrFpd+lt6Xz4ZihoURCocEx,uaSYSdPDpd+lt6Xz4Zg=,PGNlbnRlcj48Rk9OVCBzaXplPSIyIj48Qj5TdW4gTGlmZTwvQj48L0ZPTlQ+PEJSPgo8QlI+CjxJTUcgc3JjPSJodHRwOi8vaW1hZ2UucmFrdXRlbi5jby5qcC9lLW1hYnVjaGkvY2FiaW5ldC90ZW5zZW4tbC5qcGciIGJvcmRlcj0iMCI+PEJSPgo8QlI+CjxGT05UIHNpemU9IjIiPrG+v3CkpLmkmEnTw6Xfpbel86TL1+7fbaOhPEJSPgo5usU/MTG6xT8xNLrFpM6l36W3pfPhmKTHpLmhozxCUj4KPEJSPgrX89ObMresxL+7rc/xpPKktLLO1dXtlKStpN6kt6TGoaI8QlI+CqS0z6PN+6TOusXK/aTypKrfeKTTpK+kwKS1pKShozxCUj4KPEJSPgo8QlI+CjxJTUcgc3JjPSJodHRwOi8vaW1hZ2UucmFrdXRlbi5jby5qcC9lLW1hYnVjaGkvY2FiaW5ldC9taW5pLWl0by5qcGciIGJvcmRlcj0iMCI+oaE1sb7I66TqPEJSPgo8L0ZPTlQ+PEJSPgo8QlI+CjxJTUcgc3JjPSJodHRwOi8vaW1hZ2UucmFrdXRlbi5jby5qcC9lLW1hYnVjaGkvY2FiaW5ldC90ZW5zZW4tYy5qcGciIGJvcmRlcj0iMCI+oaE8Qj48Rk9OVCBzaXplPSIyIj7LzcHPpM/PwtObpPKktLLO1dXPwqS1pKShoTxJTUcgc3JjPSJodHRwOi8vaW1hZ2UucmFrdXRlbi5jby5qcC9lLW1hYnVjaGkvY2FiaW5ldC90ZW5zZW4tYy5qcGciIGJvcmRlcj0iMCI+PC9GT05UPjwvQj48QlI+CjxCUj4KPFRBQkxFIGJvcmRlcj0iMCIgd2lkdGg9IjI4MCIgaGVpZ2h0PSIxNTIiPgogIDxUQk9EWT4KICAgIDxUUj4KICAgICAgPFREIGNvbHNwYW49IjMiIGFsaWduPSJjZW50ZXIiIHdpZHRoPSIzMzQiPjxGT05UIHNpemU9IjIiPjxJTUcgc3JjPSJodHRwOi8vaW1hZ2UucmFrdXRlbi5jby5qcC9lLW1hYnVjaGkvY2FiaW5ldC9ocC9saW5lLXlva28tc3MuZ2lmIiBib3JkZXI9IjAiPjwvRk9OVD48L1REPgogICAgPC9UUj4KICAgIDxUUj4KICAgICAgPFREIGFsaWduPSJjZW50ZXIiIGJnY29sb3I9IiNmZmVmZGYiIHdpZHRoPSI4MCI+PEZPTlQgc2l6ZT0iMiI+xeTLzbe9t6g8L0ZPTlQ+PC9URD4KICAgICAgPFREIGFsaWduPSJjZW50ZXIiIGJnY29sb3I9IiNmZmVmZGYiIHdpZHRoPSIxMDAiPjxGT05UIHNpemU9IjIiPqS016LOxIVnzrs8L0ZPTlQ+PC9URD4KICAgICAgPFREIGFsaWduPSJjZW50ZXIiIGJnY29sb3I9IiNmZmVmZGYiIHdpZHRoPSIxMDAiPjxGT05UIHNpemU9IjIiPsvNwc88L0ZPTlQ+PC9URD4KICAgIDwvVFI+CiAgICA8VFI+CiAgICAgIDxURCBjb2xzcGFuPSIzIiBhbGlnbj0iY2VudGVyIiB3aWR0aD0iMzM0Ij48Rk9OVCBzaXplPSIyIj48SU1HIHNyYz0iaHR0cDovL2ltYWdlLnJha3V0ZW4uY28uanAvZS1tYWJ1Y2hpL2NhYmluZXQvaHAvbGluZS15b2tvLXNzLmdpZiIgYm9yZGVyPSIwIj48L0ZPTlQ+PC9URD4KICAgIDwvVFI+CiAgICA8VFI+CiAgICAgIDxURCBhbGlnbj0iY2VudGVyIiBiZ2NvbG9yPSIjZmZlZmRmIiB3aWR0aD0iODAiPjxGT05UIHNpemU9IjIiPqXNpbOl3aW5PC9GT05UPjwvVEQ+CiAgICAgIDxURCBhbGlnbj0iY2VudGVyIiB3aWR0aD0iMTAwIj48Rk9OVCBzaXplPSIyIj7A+9PDv8k8L0ZPTlQ+PC9URD4KICAgICAgPFREIGFsaWduPSJjZW50ZXIiIHdpZHRoPSIxMDAiPjxGT05UIHNpemU9IjIiPjI3MIPSPC9GT05UPjwvVEQ+CiAgICA8L1RSPgogICAgPFRSPgogICAgICA8VEQgY29sc3Bhbj0iMyIgYWxpZ249ImNlbnRlciIgd2lkdGg9IjMzNCI+PEZPTlQgc2l6ZT0iMiI+PElNRyBzcmM9Imh0dHA6Ly9pbWFnZS5yYWt1dGVuLmNvLmpwL2UtbWFidWNoaS9jYWJpbmV0L2hwL2xpbmUteW9rby1zcy5naWYiIGJvcmRlcj0iMCI+PC9GT05UPjwvVEQ+CiAgICA8L1RSPgogICAgPFRSPgogICAgICA8VEQgYWxpZ249ImNlbnRlciIgYmdjb2xvcj0iI2ZmZWZkZiIgd2lkdGg9IjgwIj48Rk9OVCBzaXplPSIyIj62qNDOzeI8L0ZPTlQ+PC9URD4KICAgICAgPFREIGFsaWduPSJjZW50ZXIiIHdpZHRoPSIxMDAiPjxGT05UIHNpemU9IjIiPsD708O/yTwvRk9OVD48L1REPgogICAgICA8VEQgYWxpZ249ImNlbnRlciIgd2lkdGg9IjEwMCI+PEZPTlQgc2l6ZT0iMiI+NDAwg9I8L0ZPTlQ+PC9URD4KICAgIDwvVFI+CiAgICA8VFI+CiAgICAgIDxURCBjb2xzcGFuPSIzIiBhbGlnbj0iY2VudGVyIiB3aWR0aD0iMzM0Ij48Rk9OVCBzaXplPSIyIj48SU1HIHNyYz0iaHR0cDovL2ltYWdlLnJha3V0ZW4uY28uanAvZS1tYWJ1Y2hpL2NhYmluZXQvaHAvbGluZS15b2tvLXNzLmdpZiIgYm9yZGVyPSIwIj48L0ZPTlQ+PC9URD4KICAgIDwvVFI+CiAgICA8VFI+CiAgICAgIDxURCBhbGlnbj0iY2VudGVyIiBiZ2NvbG9yPSIjZmZlZmRmIiBoZWlnaHQ9IjE3IiB3aWR0aD0iODAiPjxGT05UIHNpemU9IjIiPtWsxeSx4zwvRk9OVD48L1REPgogICAgICA8VEQgYWxpZ249ImNlbnRlciIgaGVpZ2h0PSIxNyIgd2lkdGg9IjEwMCI+PEZPTlQgc2l6ZT0iMiI+wPvTw7/JPC9GT05UPjwvVEQ+CiAgICAgIDxURCBhbGlnbj0iY2VudGVyIiBoZWlnaHQ9IjE3IiB3aWR0aD0iMTAwIj48Rk9OVCBzaXplPSIyIj41NDCD0qSrNDMyg9I8L0ZPTlQ+PC9URD4KICAgIDwvVFI+CiAgICA8VFI+CiAgICAgIDxURCBjb2xzcGFuPSIzIiBhbGlnbj0iY2VudGVyIiBoZWlnaHQ9IjE5IiB3aWR0aD0iMzM0Ij48Rk9OVCBzaXplPSIyIj48SU1HIHNyYz0iaHR0cDovL2ltYWdlLnJha3V0ZW4uY28uanAvZS1tYWJ1Y2hpL2NhYmluZXQvaHAvbGluZS15b2tvLXNzLmdpZiIgYm9yZGVyPSIwIj48L0ZPTlQ+PC9URD4KICAgIDwvVFI+CiAgPC9UQk9EWT4KPC9UQUJMRT4KPEJSPgo8VEFCTEUgYm9yZGVyPSIwIj4KICA8VEJPRFk+CiAgICA8VFI+CiAgICAgIDxURD48Rk9OVCBzaXplPSIyIj6h+dWsxeSx4zQzMoPSpM+WfLGxNrFopM6k36THoaKxsbqjtcA/PEJSPgogICAgICChoZtfv0k/63iNdaTys/2kr8v7sWikrDU0MIPSpMikyqTqpN6kuaGjPEJSPgogICAgICA8QlI+CiAgICAgIKH5t9aksaTGpLTXos7E7ZSkpKTGpOKwa8vNpM+kqqOxyMuYlDGXebD8PEJSPgogICAgICChoaTOsGvLzaTHpLmho6GhhGXLzaTPjJ2P6qS3pMakqqTqpN6ku6TzoaM8L0ZPTlQ+PC9URD4KICAgIDwvVFI+CiAgPC9UQk9EWT4KPC9UQUJMRT4KPEJSPgo8QlI+CjxGT05UIHNpemU9IjIiPjxJTUcgc3JjPSJodHRwOi8vaW1hZ2UucmFrdXRlbi5jby5qcC9lLW1hYnVjaGkvY2FiaW5ldC90ZW5zZW4tYy5qcGciIGJvcmRlcj0iMCI+oaE8Qj6kqqS5pLmk4aWipaSlxqXgPC9CPqGhPElNRyBzcmM9Imh0dHA6Ly9pbWFnZS5yYWt1dGVuLmNvLmpwL2UtbWFidWNoaS9jYWJpbmV0L3RlbnNlbi1jLmpwZyIgYm9yZGVyPSIwIj48QlI+CjxCUj4KPC9GT05UPgo8VEFCTEU+CiAgPFRCT0RZPgogICAgPFRSPgogICAgICA8VEQ+PEZPTlQgc2l6ZT0iMiI+PElNRyBzcmM9Imh0dHA6Ly9pbWFnZS5yYWt1dGVuLmNvLmpwL2UtbWFidWNoaS9jYWJpbmV0L21pbmktaXRvLmpwZyIgYm9yZGVyPSIwIj6hodPDxrc/08O+3zxCUj4KICAgICAgPElNRyBzcmM9Imh0dHA6Ly9pbWFnZS5yYWt1dGVuLmNvLmpwL2UtbWFidWNoaS9jYWJpbmV0L21pbmktaXRvLmpwZyIgYm9yZGVyPSIwIj6hoaW3peqls6Xzpbml16XsqWA8QlI+CiAgICAgIDxJTUcgc3JjPSJodHRwOi8vaW1hZ2UucmFrdXRlbi5jby5qcC9lLW1hYnVjaGkvY2FiaW5ldC9taW5pLWl0by5qcGciIGJvcmRlcj0iMCI+oaGl36W3pfP06TxCUj4KICAgICAgPC9GT05UPjwvVEQ+CiAgICA8L1RSPgogIDwvVEJPRFk+CjwvVEFCTEU+CjxCUj4KPElNRyBzcmM9Imh0dHA6Ly9pbWFnZS5yYWt1dGVuLmNvLmpwL2UtbWFidWNoaS9jYWJpbmV0L3RlbnNlbi1yLmpwZyIgYm9yZGVyPSIwIj48Rk9OVCBzaXplPSIyIj48QlI+CjwvRk9OVD48L0NFTlRFUj48Qj48Rk9OVCBjb2xvcj1yZWQgc2l6ZT0yPjxJTUcgc3JjPSJodHRwOi8vaW1hZ2UucmFrdXRlbi5jby5qcC9lLW1hYnVjaGkvY2FiaW5ldC9ocC9hc3UuZ2lmIiBib3JkZXI9IjAiPiA8L0ZPTlQ+PC9CPjxGT05UIHNpemU9Mj6MZ7XqxW6kyNTajuy5stPQpM6e6aGipc2lw6XIpbel56XDpdekx9icidOkt6TGpKSkxqTijGe16sVupMeJ06TspMakt6TepMOkv4j2us+hojxCUj4KoaEgCticidPW0KTHpOLJ6qS31FWktKS2pKSk3qS7pPOkrKGipLTXos7EpM6lv6Wkpd+l86WwpMuk6KTqxrfH0KTspM6I9rrPpKyktKS2pKSk3qS5oaM8QlI+CqGhpL2kzutIpM+hoqXhqWCl67XIpMektN9CvWqktaS7pMbtlKStpN6kuaTOpMektMHLs9DPwqS1pKShozxCUj4KoaHT1qGi1NqO7MfQpOykx9TajuykrKSipOu31qTyz8iky6Sqy82k6qS5pOuI9rrPpM+hosvNwc+krDK72LfWpKukq6TqpN6kuaTOpMehojxCUj4KoaHJ6qS31FWktKS2pKSk3qS7pPOkrDxCPjK72LfWpM7LzcHPpM+kqr/NmJTYk7WjPC9CPqTHpKruiqSk1sKkt6TepLmhozxCUj4KoaGEZcvNpLTPo837pM6I9rrPpM+hoqS0wcuz0KTOyc+ktNPDw/zPwqS1pKShozwvRk9OVD48Qj48Rk9OVCBzaXplPTI+PEJSPgo8QlI+CjwvRk9OVD48Rk9OVCBzaXplPSIyIiBjb2xvcj0iI2ZmMDAwMCI+PElNRyBzcmM9Imh0dHA6Ly9pbWFnZS5yYWt1dGVuLmNvLmpwL2UtbWFidWNoaS9jYWJpbmV0L2hwL2FzdS5naWYiIGJvcmRlcj0iMCI+IDwvRk9OVD48L0I+PEZPTlQgc2l6ZT0yPqSqv82YlKTOpLTTRaTLpMqk661ovrOky6TopOqhoqWrpempYKSs32Ckw6TG0oqkqKTriPa6z6SspLSktqSkpN6kuaTOpMehoqS0wcuz0M/CpLWkpKGjPC9GT05UPjxCUj4KPEI+PEZPTlQgc2l6ZT0yPjxCUj4KPC9GT05UPjwvQj48Rk9OVCBjb2xvcj0icmVkIiBzaXplPSIyIj48SU1HIHNyYz0iaHR0cDovL2ltYWdlLnJha3V0ZW4uY28uanAvZS1tYWJ1Y2hpL2NhYmluZXQvaHAvYXN1LmdpZiIgYm9yZGVyPSIwIj4gPC9GT05UPjxGT05UIHNpemU9IjIiPsXky823vbeopMelzaWzpd2luaTktqjQzs3i4F2x46TypLTWuLao7ZSkpKTGpOLSjraozeKkx6S0wPvTw+2UpLGkyqSkiPa6z6TPoaI8QlI+CqGhsde16qTHsGvLzb/JxNykysXky823vbeopMuJ5Lj81sKkt6TepLmhozxCUj4KoaG2qNDOzeLgXbHjpKvVrMXkseOky4nkuPykt6TGsGvLzdbCpLek3qS5pM6kx6Gi0+ik4aS0wcuz0KSvpMCktaSkoaM8QlI+CqGhPEJSPgo8SU1HIHNyYz0iaHR0cDovL2ltYWdlLnJha3V0ZW4uY28uanAvZS1tYWJ1Y2hpL2NhYmluZXQvaHAvYXN1LmdpZiIgYm9yZGVyPSIwIj4gpdqpYKW4pMux7dObpLWk7KTGpKSk68vNwc+kz6GipKq/zZiUpKzF5MvNt723qKTy33iSa6S1pOyk68S/sLKkzp7ppM6x7dObpMikyqTqpN6kuaGjPEJSPgqhocXky823vbeopM/SjraozeKkx6S0wPvTw+2UpLGkyqSkiPa6z6TOpN+x17XqpMeJ5Lj81sKkt6TepLmkrKGipL2k7NLUzeKkz6GiPEJSPgqhoTxCPqS016LOxJVypMvfeJJr7ZSkpKS/xeTLzbe9t6ikx6TOsGvLzTwvQj6kyKTKpOqk3qS5oaM8L0ZPTlQ+PEJSPg==,U3VuIExpZmUguaSYSdPDoaGxvr9wpKSMn9PDoaE5oasxNLrFpd+lt6Xz4ZihoURCJnRpbWVzOzGjuqXepdalwaXNpcOlyKW3peelw6XX,pd6l1qXBkmmkraWtpeOl86XQpbmhobK8yfq12NHzssPK1ty/peml36XNqWClyL5kwum3q7K8pbOluaXXpezSwtewk9zLrrzTuaSl36W3pfPhmPTpyOuIQMjr0aelsKXDpbql1aWhpdal6qXDpa8xMKPjo+2kq6Tp2JyJ07TMpLek5aSmy83Bz59vwc9TdW4gTGlmZSC5pJhJ08OhobG+v3CkpIyf08OhoTmhqzE0usWl36W3pfPhmKGhREImdGltZXM7MQ==,uaSYSdPDpd+lt6Xz4Ziho1N1biBMaWZlILmkmEnTw6Ghsb6/cKSkjJ/Tw6GhOaGrMTS6xaXfpbel8+GYoaFEQiZ0aW1lczsx[rn]
25-29670,aHR0cDovL3RzaG9wLnIxMHMuanAvZS1tYWJ1Y2hpL2NhYmluZXQvZnVrdS95b3VndS90ay1jdXR0aW5nLXNjYWxlLmdpZj9maXRpbj03MDA6NzAw,MTQ0MC4wMDAw,,yNXTw8a362rYmz/OxLe/vt8/ytbcvyA+IMrW3L8/pa+l6aXVpcg/yfq12CA+IKWipa+lu6W1peqpYKWvpeml1aXIssTBzyA+IKWipa+ltaXqqWCl0algpcQgPiCkvaTOy/s=,VEulq6XDpcalo6XzpbCluaWxqWCl67Pf,0M28iNf3pOqky7HjwPujoQ==,PFAgYWxpZ249ImNlbnRlciI+PEJSPgo8SU1HIHNyYz0iaHR0cDovL2ltYWdlLnJha3V0ZW4uY28uanAvZS1tYWJ1Y2hpL2NhYmluZXQvdGVuc2VuLWwuanBnIiBib3JkZXI9IjAiPjwvUD4KPFAgYWxpZ249ImNlbnRlciI+PEZPTlQgc2l6ZT0iMiI+0M28iKTy0XWH7aS5pOukzqTLsePA+6TKtqjSjqTHpLmjoTxCUj4KPEJSPgq2qNKOpM7E2qTIzeKkzqWrqWCl1qTyyrmkw6TGPEJSPgrxxqSwpOqk5NDkpLCk6qGi0OTJvbXIpM6lq6lgpdayv7fWpM48QlI+CtF1h+3X97PJpMu77txTpLek3qS5oaM8QlI+CjxCUj4K1/O7rc/xpM62qNKOpM7VaMP3pM+Yy5zKtOe3qKTLPEJSPgqk6KTrwP2kx6S5pM6kx6GizOXQzaTLj+qkuKTGyrmkpDxCUj4Kt9aksaTGz8KktaSkoaM8L0ZPTlQ+PEJSPgo8Rk9OVCBzaXplPSIyIj48QlI+CjxCUj4KPElNRyBzcmM9Imh0dHA6Ly9pbWFnZS5yYWt1dGVuLmNvLmpwL2UtbWFidWNoaS9jYWJpbmV0L3RlbnNlbi1jLmpwZyIgYm9yZGVyPSIwIj6hoTxCPrLE2Xyjpsq508PJz6TO16LS4jwvQj6hoTxJTUcgc3JjPSJodHRwOi8vaW1hZ2UucmFrdXRlbi5jby5qcC9lLW1hYnVjaGkvY2FiaW5ldC90ZW5zZW4tYy5qcGciIGJvcmRlcj0iMCI+PEJSPgo8QlI+CjxJTUcgc3JjPSJodHRwOi8vaW1hZ2UucmFrdXRlbi5jby5qcC9lLW1hYnVjaGkvY2FiaW5ldC9taW5pLWl0by5qcGciIGJvcmRlcj0iMCI+oaGl16XppbmlwaXDpa88QlI+CjwvRk9OVD48L1A+CjxQIGFsaWduPSJjZW50ZXIiPjxGT05UIHNpemU9IjIiPtaxyeTI1bnioaLT1qTPytLE2qSsNTWh5tLUyc+kyzxCUj4KpMqk64j2y/mkx6TOsaO53KTPieTQzqTO1K3S8qTLPEJSPgqkyqTqpN6kuaTOpMehorHcpLGkxs/CpLWkpKGjPEJSPgo8QlI+CjwvRk9OVD48QlI+CjxJTUcgc3JjPSJodHRwOi8vaW1hZ2UucmFrdXRlbi5jby5qcC9lLW1hYnVjaGkvY2FiaW5ldC90ZW5zZW4tYy5qcGciIGJvcmRlcj0iMCI+PEZPTlQgc2l6ZT0iMiI+PEI+oaHLzcHPpM/PwtObpPKktLLO1dXPwqS1pKShoTxJTUcgc3JjPSJodHRwOi8vaW1hZ2UucmFrdXRlbi5jby5qcC9lLW1hYnVjaGkvY2FiaW5ldC90ZW5zZW4tYy5qcGciIGJvcmRlcj0iMCI+PC9CPjxCUj4KPEJSPgo8L0ZPTlQ+PC9QPgo8Q0VOVEVSPjwvQ0VOVEVSPgo8Q0VOVEVSPgo8Q0VOVEVSPgo8VEFCTEUgYm9yZGVyPSIwIiB3aWR0aD0iMjgwIiBoZWlnaHQ9IjE1MiI+CiAgPFRCT0RZPgogICAgPFRSPgogICAgICA8VEQgY29sc3Bhbj0iMyIgYWxpZ249ImNlbnRlciIgd2lkdGg9IjMzNCI+PEZPTlQgc2l6ZT0iMiI+PEZPTlQgc2l6ZT0iMiI+PElNRyBzcmM9Imh0dHA6Ly9pbWFnZS5yYWt1dGVuLmNvLmpwL2UtbWFidWNoaS9jYWJpbmV0L2hwL2xpbmUteW9rby1zcy5naWYiIGJvcmRlcj0iMCI+PC9GT05UPjwvRk9OVD48L1REPgogICAgPC9UUj4KICAgIDxUUj4KICAgICAgPFREIGFsaWduPSJjZW50ZXIiIGJnY29sb3I9IiNmZmVmZGYiIHdpZHRoPSI4MCI+PEZPTlQgc2l6ZT0iMiI+PEZPTlQgc2l6ZT0iMiI+xeTLzbe9t6g8L0ZPTlQ+PC9GT05UPjwvVEQ+CiAgICAgIDxURCBhbGlnbj0iY2VudGVyIiBiZ2NvbG9yPSIjZmZlZmRmIiB3aWR0aD0iMTAwIj48Rk9OVCBzaXplPSIyIj48Rk9OVCBzaXplPSIyIj6ktNeizsSFZ867PC9GT05UPjwvRk9OVD48L1REPgogICAgICA8VEQgYWxpZ249ImNlbnRlciIgYmdjb2xvcj0iI2ZmZWZkZiIgd2lkdGg9IjEwMCI+PEZPTlQgc2l6ZT0iMiI+PEZPTlQgc2l6ZT0iMiI+y83BzzwvRk9OVD48L0ZPTlQ+PC9URD4KICAgIDwvVFI+CiAgICA8VFI+CiAgICAgIDxURCBjb2xzcGFuPSIzIiBhbGlnbj0iY2VudGVyIiB3aWR0aD0iMzM0Ij48Rk9OVCBzaXplPSIyIj48Rk9OVCBzaXplPSIyIj48SU1HIHNyYz0iaHR0cDovL2ltYWdlLnJha3V0ZW4uY28uanAvZS1tYWJ1Y2hpL2NhYmluZXQvaHAvbGluZS15b2tvLXNzLmdpZiIgYm9yZGVyPSIwIj48L0ZPTlQ+PC9GT05UPjwvVEQ+CiAgICA8L1RSPgogICAgPFRSPgogICAgICA8VEQgYWxpZ249ImNlbnRlciIgYmdjb2xvcj0iI2ZmZWZkZiIgd2lkdGg9IjgwIj48Rk9OVCBzaXplPSIyIj48Rk9OVCBzaXplPSIyIj6lzaWzpd2luTwvRk9OVD48L0ZPTlQ+PC9URD4KICAgICAgPFREIGFsaWduPSJjZW50ZXIiIHdpZHRoPSIxMDAiPjxGT05UIHNpemU9IjIiPjxGT05UIHNpemU9IjIiPsD708O/yTwvRk9OVD48L0ZPTlQ+PC9URD4KICAgICAgPFREIGFsaWduPSJjZW50ZXIiIHdpZHRoPSIxMDAiPjxGT05UIHNpemU9IjIiPjxGT05UIHNpemU9IjIiPjE2MIPSPC9GT05UPjwvRk9OVD48L1REPgogICAgPC9UUj4KICAgIDxUUj4KICAgICAgPFREIGNvbHNwYW49IjMiIGFsaWduPSJjZW50ZXIiIHdpZHRoPSIzMzQiPjxGT05UIHNpemU9IjIiPjxGT05UIHNpemU9IjIiPjxJTUcgc3JjPSJodHRwOi8vaW1hZ2UucmFrdXRlbi5jby5qcC9lLW1hYnVjaGkvY2FiaW5ldC9ocC9saW5lLXlva28tc3MuZ2lmIiBib3JkZXI9IjAiPjwvRk9OVD48L0ZPTlQ+PC9URD4KICAgIDwvVFI+CiAgICA8VFI+CiAgICAgIDxURCBhbGlnbj0iY2VudGVyIiBiZ2NvbG9yPSIjZmZlZmRmIiB3aWR0aD0iODAiPjxGT05UIHNpemU9IjIiPjxGT05UIHNpemU9IjIiPrao0M7N4jwvRk9OVD48L0ZPTlQ+PC9URD4KICAgICAgPFREIGFsaWduPSJjZW50ZXIiIHdpZHRoPSIxMDAiPjxGT05UIHNpemU9IjIiPjxGT05UIHNpemU9IjIiPjaCgKTepMc8L0ZPTlQ+PC9GT05UPjwvVEQ+CiAgICAgIDxURCBhbGlnbj0iY2VudGVyIiB3aWR0aD0iMTAwIj48Rk9OVCBzaXplPSIyIj48Rk9OVCBzaXplPSIyIj40MDCD0jwvRk9OVD48L0ZPTlQ+PC9URD4KICAgIDwvVFI+CiAgICA8VFI+CiAgICAgIDxURCBjb2xzcGFuPSIzIiBhbGlnbj0iY2VudGVyIiB3aWR0aD0iMzM0Ij48Rk9OVCBzaXplPSIyIj48Rk9OVCBzaXplPSIyIj48SU1HIHNyYz0iaHR0cDovL2ltYWdlLnJha3V0ZW4uY28uanAvZS1tYWJ1Y2hpL2NhYmluZXQvaHAvbGluZS15b2tvLXNzLmdpZiIgYm9yZGVyPSIwIj48L0ZPTlQ+PC9GT05UPjwvVEQ+CiAgICA8L1RSPgogICAgPFRSPgogICAgICA8VEQgYWxpZ249ImNlbnRlciIgYmdjb2xvcj0iI2ZmZWZkZiIgaGVpZ2h0PSIxNyIgd2lkdGg9IjgwIj48Rk9OVCBzaXplPSIyIj48Rk9OVCBzaXplPSIyIj7VrMXkseM8L0ZPTlQ+PC9GT05UPjwvVEQ+CiAgICAgIDxURCBhbGlnbj0iY2VudGVyIiBoZWlnaHQ9IjE3IiB3aWR0aD0iMTAwIj48Rk9OVCBzaXplPSIyIj48Rk9OVCBzaXplPSIyIj43goCkq6TpPC9GT05UPjwvRk9OVD48L1REPgogICAgICA8VEQgYWxpZ249ImNlbnRlciIgaGVpZ2h0PSIxNyIgd2lkdGg9IjEwMCI+PEZPTlQgc2l6ZT0iMiI+PEZPTlQgc2l6ZT0iMiI+NTQwg9KkqzQzMoPSPC9GT05UPjwvRk9OVD48L1REPgogICAgPC9UUj4KICAgIDxUUj4KICAgICAgPFREIGNvbHNwYW49IjMiIGFsaWduPSJjZW50ZXIiIGhlaWdodD0iMTkiIHdpZHRoPSIzMzQiPjxGT05UIHNpemU9IjIiPjxGT05UIHNpemU9IjIiPjxJTUcgc3JjPSJodHRwOi8vaW1hZ2UucmFrdXRlbi5jby5qcC9lLW1hYnVjaGkvY2FiaW5ldC9ocC9saW5lLXlva28tc3MuZ2lmIiBib3JkZXI9IjAiPjwvRk9OVD48L0ZPTlQ+PC9URD4KICAgIDwvVFI+CiAgPC9UQk9EWT4KPC9UQUJMRT4KPC9DRU5URVI+CjxGT05UIHNpemU9IjIiPjxCUj4KPC9GT05UPgo8VEFCTEUgYm9yZGVyPSIwIj4KICA8VEJPRFk+CiAgICA8VFI+CiAgICAgIDxURD48Rk9OVCBzaXplPSIyIj6h+dWsxeSx4zQzMoPSpM+WfLGxNrFopM6k36THoaKxsbqjtcA/PEJSPgogICAgICChoZtfv0k/63iNdaTys/2kr8v7sWikrDU0MIPSpMikyqTqpN6kuaGjPEJSPgogICAgICA8QlI+CiAgICAgIKH5yc/Tm8HPvfCkz82syczGt6TOiPa6z6THpLmhozxCUj4KICAgICAgoaHL+8nMxrekyKTOzayXeaTPy83Bz6SsieSk76TriPa6z6SspLSktjxCUj4KICAgICAgoaGkpKTepLmkzqTHpLTBy7PQz8KktaSkoaM8QlI+CiAgICAgIDxCUj4KICAgICAgofm31qSxpMaktNeizsTtlKSkpMak4rBry82kz6Sqo7HIy5iUMZd5sPw8QlI+CiAgICAgIKGhpM6wa8vNpMekuaGjoaGEZcvNpM+MnY/qpLekxqSqpOqk3qS7pPOhozwvRk9OVD48L1REPgogICAgPC9UUj4KICA8L1RCT0RZPgo8L1RBQkxFPgo8Rk9OVCBzaXplPSIyIj48L0ZPTlQ+PEJSPgo8SU1HIHNyYz0iaHR0cDovL2ltYWdlLnJha3V0ZW4uY28uanAvZS1tYWJ1Y2hpL2NhYmluZXQvdGVuc2VuLXIuanBnIiBib3JkZXI9IjAiPjxGT05UIHNpemU9Mj48Qj48Rk9OVCAKY29sb3I9cmVkPjxCUj4KPC9GT05UPjwvQj48L0ZPTlQ+PC9DRU5URVI+PEI+PEZPTlQgY29sb3I9cmVkIHNpemU9Mj48SU1HIHNyYz0iaHR0cDovL2ltYWdlLnJha3V0ZW4uY28uanAvZS1tYWJ1Y2hpL2NhYmluZXQvaHAvYXN1LmdpZiIgYm9yZGVyPSIwIj4gPC9GT05UPjwvQj48Rk9OVCBzaXplPTI+jGe16sVupMjU2o7subLT0KTOnumhoqXNpcOlyKW3peelw6XXpMfYnInTpLekxqSkpMak4oxnterFbqTHidOk7KTGpLek3qTDpL+I9rrPoaI8QlI+CqGhIArYnInT1tCkx6Tiyeqkt9RVpLSktqSkpN6ku6TzpKyhoqS016LOxKTOpb+lpKXfpfOlsKTLpOik6sa3x9Ck7KTOiPa6z6SspLSktqSkpN6kuaGjPEJSPgqhoaS9pM7rSKTPoaKl4algpeu1yKTHpLTfQr1qpLWku6TG7ZSkraTepLmkzqTHpLTBy7PQz8KktaSkoaM8QlI+CqGh09ahotTajuzH0KTspMfU2o7spKykoqTrt9ak8s/IpMukqsvNpOqkuaTriPa6z6TPoaLLzcHPpKwyu9i31qSrpKuk6qTepLmkzqTHoaI8QlI+CqGhyeqkt9RVpLSktqSkpN6ku6TzpKw8Qj4yu9i31qTOy83Bz6TPpKq/zZiU2JO1ozwvQj6kx6Sq7oqkpNbCpLek3qS5oaM8QlI+CqGhhGXLzaS0z6PN+6TOiPa6z6TPoaKktMHLs9CkzsnPpLTTw8P8z8KktaSkoaM8L0ZPTlQ+PEI+PEZPTlQgc2l6ZT0yPjxCUj4KPEJSPgo8L0ZPTlQ+PEZPTlQgc2l6ZT0iMiIgY29sb3I9IiNmZjAwMDAiPjxJTUcgc3JjPSJodHRwOi8vaW1hZ2UucmFrdXRlbi5jby5qcC9lLW1hYnVjaGkvY2FiaW5ldC9ocC9hc3UuZ2lmIiBib3JkZXI9IjAiPiA8L0ZPTlQ+PC9CPjxGT05UIHNpemU9Mj6kqr/NmJSkzqS000Wky6TKpOutaL6zpMuk6KTqoaKlq6XpqWCkrN9gpMOkxtKKpKik64j2us+krKS0pLakpKTepLmkzqTHoaKktMHLs9DPwqS1pKShozwvRk9OVD48QlI+CjxCPjxGT05UIHNpemU9Mj48QlI+CjwvRk9OVD48L0I+PEZPTlQgY29sb3I9InJlZCIgc2l6ZT0iMiI+PElNRyBzcmM9Imh0dHA6Ly9pbWFnZS5yYWt1dGVuLmNvLmpwL2UtbWFidWNoaS9jYWJpbmV0L2hwL2FzdS5naWYiIGJvcmRlcj0iMCI+IDwvRk9OVD48Rk9OVCBzaXplPSIyIj7F5MvNt723qKTHpc2ls6Xdpbmk5Lao0M7N4uBdseOk8qS01ri2qO2UpKSkxqTi0o62qM3ipMektMD708PtlKSxpMqkpIj2us+kz6GiPEJSPgqhobHXteqkx7Bry82/ycTcpMrF5MvNt723qKTLieS4/NbCpLek3qS5oaM8QlI+CqGhtqjQzs3i4F2x46Sr1azF5LHjpMuJ5Lj8pLekxrBry83WwqS3pN6kuaTOpMehotPopOGktMHLs9Ckr6TApLWkpKGjPEJSPgqhoTxCUj4KPElNRyBzcmM9Imh0dHA6Ly9pbWFnZS5yYWt1dGVuLmNvLmpwL2UtbWFidWNoaS9jYWJpbmV0L2hwL2FzdS5naWYiIGJvcmRlcj0iMCI+IKXaqWCluKTLse3Tm6S1pOykxqSkpOvLzcHPpM+hoqSqv82YlKSsxeTLzbe9t6ik8t94kmuktaTspOvEv7CypM6e6aTOse3Tm6TIpMqk6qTepLmhozxCUj4KoaHF5MvNt723qKTP0o62qM3ipMektMD708PtlKSxpMqkpIj2us+kzqTfsde16qTHieS4/NbCpLek3qS5pKyhoqS9pOzS1M3ipM+hojxCUj4KoaE8Qj6ktNeizsSVcqTL33iSa+2UpKSkv8Xky823vbeopMekzrBry808L0I+pMikyqTqpN6kuaGjPC9GT05UPjxCUj4=,VEulq6XDpcalo6XzpbCluaWxqWCl67Pfo7ql3qXWpcGlzaXDpcilt6XnpcOl1w==,pd6l1qXBkmmkraWtpeOl86XQpbmhobK8yfq12NHzssPK1ty/peml36XNqWClyL5kwum3q7K8pbOluaXXpezSwtewk9zLrrzTuaSl36W3pfPhmPTpyOuIQMjr0aelsKXDpbql1aWhpdal6qXDpa8xMKPjo+2kq6Tp2JyJ07TMpLek5aSmy83Bz59vwc9US6WrpcOlxqWjpfOlsKW5pbGpYKXrs98=,0M28iNf3pOqky7HjwPujoaGjVEulq6XDpcalo6XzpbCluaWxqWCl67Pf[rn]
25-29671,aHR0cDovL3RzaG9wLnIxMHMuanAvZS1tYWJ1Y2hpL2NhYmluZXQvZnVrdS9hLW5lZWRsZS9oYW1hbmFrYS1hbWlhbWkxMi5qcGc/Zml0aW49NzAwOjcwMA==,NjQwLjAwMDA=,,yNXTw8a362rYmz/OxLe/vt8/ytbcvyA+IMrW3L8/pa+l6aXVpcg/yfq12CA+IKWipa+lu6W1peqpYKWvpeml1aXIssTBzyA+IKWipa+ltaXqqWCl0algpcQgPiCkvaTOy/s=,pc+l3qXKpasgpaKl36Wipd8gpKukruGYMTKj7aPt,,PGNlbnRlcj48Qj5uZWVkbGU8L0I+PEJSPgo8QlI+CjxJTUcgc3JjPSJodHRwOi8vaW1hZ2UucmFrdXRlbi5jby5qcC9lLW1hYnVjaGkvY2FiaW5ldC90ZW5zZW4tbC5qcGciIGJvcmRlcj0iMCI+PEJSPgo8QlI+CjxGT05UIHNpemU9IjIiPjEybW2kzqW4peOl86XcpKukruGYoaM8QlI+CjxCUj4KpNWk86TvpOqk5qTrpK++jqTgpM6kyzxCUj4KpKqluaW5peGkx6S5oaM8QlI+CjxCUj4KPEJSPgo8L0ZPTlQ+CjxUQUJMRSBib3JkZXI9IjAiPgogIDxUQk9EWT4KICAgIDxUUj4KICAgICAgPFREPjxGT05UIGNvbG9yPSIjMDAwMDAwIiBzaXplPSIyIj48SU1HIHNyYz0iaHR0cDovL2ltYWdlLnJha3V0ZW4uY28uanAvZS1tYWJ1Y2hpL2NhYmluZXQvbWluaS1pdG8uanBnIiBib3JkZXI9IjAiPiDhmKO61vHRdTxCUj4KICAgICAgPEJSPgogICAgICA8SU1HIHNyYz0iaHR0cDovL2ltYWdlLnJha3V0ZW4uY28uanAvZS1tYWJ1Y2hpL2NhYmluZXQvbWluaS1pdG8uanBnIiBib3JkZXI9IjAiPiDI1bG+0XU8QlI+CiAgICAgIDwvRk9OVD48L1REPgogICAgPC9UUj4KICA8L1RCT0RZPgo8L1RBQkxFPgo8Rk9OVCBzaXplPSIyIj48QlI+CjwvRk9OVD48Rk9OVCBjb2xvcj0iIzAwMDAwMCIgc2l6ZT0iMiI+PEJSPgo8L0ZPTlQ+PElNRyBzcmM9Imh0dHA6Ly9pbWFnZS5yYWt1dGVuLmNvLmpwL2UtbWFidWNoaS9jYWJpbmV0L3RlbnNlbi1jLmpwZyIgYm9yZGVyPSIwIj6hoTxCPjxGT05UIHNpemU9IjIiPsvNwc+kz8/C05uk8qS0ss7V1c/CpLWkpKGhPElNRyBzcmM9Imh0dHA6Ly9pbWFnZS5yYWt1dGVuLmNvLmpwL2UtbWFidWNoaS9jYWJpbmV0L3RlbnNlbi1jLmpwZyIgYm9yZGVyPSIwIj48L0ZPTlQ+PC9CPjxCUj4KPEJSPgo8VEFCTEUgYm9yZGVyPSIwIiB3aWR0aD0iMjgwIiBoZWlnaHQ9IjE1MiIgc3R5bGU9J2ZvbnQtc2l6ZSA6IHNtYWxsO2ZvbnQtZmFtaWx5IDogIqPNo9MgpbSlt6XDpa8iO3RleHQtYWxpZ24gOiBjZW50ZXI7cmlnaHQgOiBpbmhlcml0Oyc+CiAgPFRCT0RZPgogICAgPFRSPgogICAgICA8VEQgY29sc3Bhbj0iMyIgd2lkdGg9IjMzNCI+PElNRyBzcmM9Imh0dHA6Ly9pbWFnZS5yYWt1dGVuLmNvLmpwL2UtbWFidWNoaS9jYWJpbmV0L2hwL2xpbmUteW9rby1zcy5naWYiIGJvcmRlcj0iMCI+PC9URD4KICAgIDwvVFI+CiAgICA8VFI+CiAgICAgIDxURCBiZ2NvbG9yPSIjZmZlZmRmIiB3aWR0aD0iODAiPsXky823vbeoPC9URD4KICAgICAgPFREIGJnY29sb3I9IiNmZmVmZGYiIHdpZHRoPSIxMDAiPqS016LOxIVnzrs8L1REPgogICAgICA8VEQgYmdjb2xvcj0iI2ZmZWZkZiIgd2lkdGg9IjEwMCI+y83BzzwvVEQ+CiAgICA8L1RSPgogICAgPFRSPgogICAgICA8VEQgY29sc3Bhbj0iMyIgd2lkdGg9IjMzNCI+PElNRyBzcmM9Imh0dHA6Ly9pbWFnZS5yYWt1dGVuLmNvLmpwL2UtbWFidWNoaS9jYWJpbmV0L2hwL2xpbmUteW9rby1zcy5naWYiIGJvcmRlcj0iMCI+PC9URD4KICAgIDwvVFI+CiAgICA8VFI+CiAgICAgIDxURCBiZ2NvbG9yPSIjZmZlZmRmIiB3aWR0aD0iODAiPqXNpbOl3aW5PC9URD4KICAgICAgPFREIHdpZHRoPSIxMDAiPsD708O/yTwvVEQ+CiAgICAgIDxURCB3aWR0aD0iMTAwIj4yNzCD0jwvVEQ+CiAgICA8L1RSPgogICAgPFRSPgogICAgICA8VEQgY29sc3Bhbj0iMyIgd2lkdGg9IjMzNCI+PElNRyBzcmM9Imh0dHA6Ly9pbWFnZS5yYWt1dGVuLmNvLmpwL2UtbWFidWNoaS9jYWJpbmV0L2hwL2xpbmUteW9rby1zcy5naWYiIGJvcmRlcj0iMCI+PC9URD4KICAgIDwvVFI+CiAgICA8VFI+CiAgICAgIDxURCBiZ2NvbG9yPSIjZmZlZmRmIiB3aWR0aD0iODAiPrao0M7N4jwvVEQ+CiAgICAgIDxURCB3aWR0aD0iMTAwIj7A+9PDv8k8L1REPgogICAgICA8VEQgd2lkdGg9IjEwMCI+NDAwg9I8L1REPgogICAgPC9UUj4KICAgIDxUUj4KICAgICAgPFREIGNvbHNwYW49IjMiIHdpZHRoPSIzMzQiPjxJTUcgc3JjPSJodHRwOi8vaW1hZ2UucmFrdXRlbi5jby5qcC9lLW1hYnVjaGkvY2FiaW5ldC9ocC9saW5lLXlva28tc3MuZ2lmIiBib3JkZXI9IjAiPjwvVEQ+CiAgICA8L1RSPgogICAgPFRSPgogICAgICA8VEQgYmdjb2xvcj0iI2ZmZWZkZiIgaGVpZ2h0PSIxNyIgd2lkdGg9IjgwIj7VrMXkseM8L1REPgogICAgICA8VEQgaGVpZ2h0PSIxNyIgd2lkdGg9IjEwMCI+wPvTw7/JPC9URD4KICAgICAgPFREIGhlaWdodD0iMTciIHdpZHRoPSIxMDAiPjU0MIPSpKs0MzKD0jwvVEQ+CiAgICA8L1RSPgogICAgPFRSPgogICAgICA8VEQgY29sc3Bhbj0iMyIgaGVpZ2h0PSIxOSIgd2lkdGg9IjMzNCI+PElNRyBzcmM9Imh0dHA6Ly9pbWFnZS5yYWt1dGVuLmNvLmpwL2UtbWFidWNoaS9jYWJpbmV0L2hwL2xpbmUteW9rby1zcy5naWYiIGJvcmRlcj0iMCI+PC9URD4KICAgIDwvVFI+CiAgPC9UQk9EWT4KPC9UQUJMRT4KPEJSPgo8VEFCTEUgYm9yZGVyPSIwIj4KICA8VEJPRFk+CiAgICA8VFI+CiAgICAgIDxURD48Rk9OVCBzaXplPSIyIj6h+dWsxeSx4zQzMoPSpM+WfLGxNrFopM6k36THoaKxsbqjtcA/PEJSPgogICAgICChoZtfv0k/63iNdaTys/2kr8v7sWikrDU0MIPSpMikyqTqpN6kuaGjPEJSPgogICAgICA8QlI+CiAgICAgIKH5yc/Tm8HPvfCkz82syczGt6TOiPa6z6THpLmhozxCUj4KICAgICAgoaHL+8nMxrekyKTOzayXeaTPy83Bz6SsieSk76TriPa6z6SsPEJSPgogICAgICChoaS0pLakpKTepLmkzqTHpLTBy7PQz8KktaSkoaM8QlI+CiAgICAgIDxCUj4KICAgICAgofm31qSxpMaktNeizsTtlKSkpMak4rBry82kz6Sqo7HIy5iUMZd5PEJSPgogICAgICChobD8pM6wa8vNpMekuaGjhGXLzaTPjJ2P6qS3pMakqqTqpN6ku6TzoaM8L0ZPTlQ+PC9URD4KICAgIDwvVFI+CiAgPC9UQk9EWT4KPC9UQUJMRT4KPEJSPgo8QlI+CjxGT05UIHNpemU9IjIiPjxJTUcgc3JjPSJodHRwOi8vaW1hZ2UucmFrdXRlbi5jby5qcC9lLW1hYnVjaGkvY2FiaW5ldC90ZW5zZW4tYy5qcGciIGJvcmRlcj0iMCI+oaE8Qj6kqqS5pLmk4aWipaSlxqXgPC9CPqGhPElNRyBzcmM9Imh0dHA6Ly9pbWFnZS5yYWt1dGVuLmNvLmpwL2UtbWFidWNoaS9jYWJpbmV0L3RlbnNlbi1jLmpwZyIgYm9yZGVyPSIwIj48QlI+CjxCUj4KPC9GT05UPgo8VEFCTEU+CiAgPFRCT0RZPgogICAgPFRSPgogICAgICA8VEQ+PEZPTlQgc2l6ZT0iMiI+PElNRyBzcmM9Imh0dHA6Ly9pbWFnZS5yYWt1dGVuLmNvLmpwL2UtbWFidWNoaS9jYWJpbmV0L21pbmktaXRvLmpwZyIgYm9yZGVyPSIwIj6hodPDxrc/08O+3zxCUj4KICAgICAgPElNRyBzcmM9Imh0dHA6Ly9pbWFnZS5yYWt1dGVuLmNvLmpwL2UtbWFidWNoaS9jYWJpbmV0L21pbmktaXRvLmpwZyIgYm9yZGVyPSIwIj6hocOr9Ok8L0ZPTlQ+PC9URD4KICAgIDwvVFI+CiAgPC9UQk9EWT4KPC9UQUJMRT4KPEZPTlQgc2l6ZT0iMiI+PEJSPgo8SU1HIHNyYz0iaHR0cDovL2ltYWdlLnJha3V0ZW4uY28uanAvZS1tYWJ1Y2hpL2NhYmluZXQvdGVuc2VuLXIuanBnIiBib3JkZXI9IjAiPjxCUj4KPC9GT05UPjwvQ0VOVEVSPjxCPjxGT05UIGNvbG9yPXJlZCBzaXplPTI+PElNRyBzcmM9Imh0dHA6Ly9pbWFnZS5yYWt1dGVuLmNvLmpwL2UtbWFidWNoaS9jYWJpbmV0L2hwL2FzdS5naWYiIGJvcmRlcj0iMCI+IDwvRk9OVD48L0I+PEZPTlQgc2l6ZT0yPoxnterFbqTI1NqO7Lmy09Ckzp7poaKlzaXDpcilt6XnpcOl16TH2JyJ06S3pMakpKTGpOKMZ7XqxW6kx4nTpOykxqS3pN6kw6S/iPa6z6GiPEJSPgqhoSAK2JyJ09bQpMek4snqpLfUVaS0pLakpKTepLuk86SsoaKktNeizsSkzqW/paSl36XzpbCky6TopOrGt8fQpOykzoj2us+krKS0pLakpKTepLmhozxCUj4KoaGkvaTO60ikz6GipeGpYKXrtcikx6S030K9aqS1pLukxu2UpK2k3qS5pM6kx6S0wcuz0M/CpLWkpKGjPEJSPgqhodPWoaLU2o7sx9Ck7KTH1NqO7KSspKKk67fWpPLPyKTLpKrLzaTqpLmk64j2us+kz6Giy83Bz6SsMrvYt9akq6SrpOqk3qS5pM6kx6GiPEJSPgqhocnqpLfUVaS0pLakpKTepLuk86SsPEI+MrvYt9akzsvNwc+kz6Sqv82YlNiTtaM8L0I+pMekqu6KpKTWwqS3pN6kuaGjPEJSPgqhoYRly82ktM+jzfukzoj2us+kz6GipLTBy7PQpM7Jz6S008PD/M/CpLWkpKGjPC9GT05UPjxCPjxGT05UIHNpemU9Mj48QlI+CjxCUj4KPC9GT05UPjxGT05UIHNpemU9IjIiIGNvbG9yPSIjZmYwMDAwIj48SU1HIHNyYz0iaHR0cDovL2ltYWdlLnJha3V0ZW4uY28uanAvZS1tYWJ1Y2hpL2NhYmluZXQvaHAvYXN1LmdpZiIgYm9yZGVyPSIwIj4gPC9GT05UPjwvQj48Rk9OVCBzaXplPTI+pKq/zZiUpM6ktNNFpMukyqTrrWi+s6TLpOik6qGipaul6algpKzfYKTDpMbSiqSopOuI9rrPpKyktKS2pKSk3qS5pM6kx6GipLTBy7PQz8KktaSkoaM8L0ZPTlQ+PEJSPgo8Qj48Rk9OVCBzaXplPTI+PEJSPgo8L0ZPTlQ+PC9CPjxGT05UIGNvbG9yPSJyZWQiIHNpemU9IjIiPjxJTUcgc3JjPSJodHRwOi8vaW1hZ2UucmFrdXRlbi5jby5qcC9lLW1hYnVjaGkvY2FiaW5ldC9ocC9hc3UuZ2lmIiBib3JkZXI9IjAiPiA8L0ZPTlQ+PEZPTlQgc2l6ZT0iMiI+xeTLzbe9t6ikx6XNpbOl3aW5pOS2qNDOzeLgXbHjpPKktNa4tqjtlKSkpMak4tKOtqjN4qTHpLTA+9PD7ZSksaTKpKSI9rrPpM+hojxCUj4KoaGx17XqpMewa8vNv8nE3KTKxeTLzbe9t6iky4nkuPzWwqS3pN6kuaGjPEJSPgqhobao0M7N4uBdseOkq9WsxeSx46TLieS4/KS3pMawa8vN1sKkt6TepLmkzqTHoaLT6KThpLTBy7PQpK+kwKS1pKShozxCUj4KoaE8QlI+CjxJTUcgc3JjPSJodHRwOi8vaW1hZ2UucmFrdXRlbi5jby5qcC9lLW1hYnVjaGkvY2FiaW5ldC9ocC9hc3UuZ2lmIiBib3JkZXI9IjAiPiCl2qlgpbiky7Ht05uktaTspMakpKTry83Bz6TPoaKkqr/NmJSkrMXky823vbeopPLfeJJrpLWk7KTrxL+wsqTOnumkzrHt05ukyKTKpOqk3qS5oaM8QlI+CqGhxeTLzbe9t6ikz9KOtqjN4qTHpLTA+9PD7ZSksaTKpKSI9rrPpM6k37HXteqkx4nkuPzWwqS3pN6kuaSsoaKkvaTs0tTN4qTPoaI8QlI+CqGhPEI+pLTXos7ElXKky994kmvtlKSkpL/F5MvNt723qKTHpM6wa8vNPC9CPqTIpMqk6qTepLmhozwvRk9OVD48QlI+,pc+l3qXKpasgpaKl36Wipd8gpKukruGYMTKj7aPto7ql3qXWpcGlzaXDpcilt6XnpcOl1w==,pd6l1qXBkmmkraWtpeOl86XQpbmhobK8yfq12NHzssPK1ty/peml36XNqWClyL5kwum3q7K8pbOluaXXpezSwtewk9zLrrzTuaSl36W3pfPhmPTpyOuIQMjr0aelsKXDpbql1aWhpdal6qXDpa8xMKPjo+2kq6Tp2JyJ07TMpLek5aSmy83Bz59vwc+lz6XepcqlqyCloqXfpaKl3yCkq6Su4ZgxMqPto+0=,pc+l3qXKpasgpaKl36Wipd8gpKukruGYMTKj7aPt[rn]
25-29672,aHR0cDovL3RzaG9wLnIxMHMuanAvZS1tYWJ1Y2hpL2NhYmluZXQvZnVrdS8wNDEzMjIwNS9ibS00MDA2LmpwZz9maXRpbj03MDA6NzAw,MTg0MC4wMDAw,,yNXTw8a362rYmz/OxLe/vt8/ytbcvyA+IMrW3L8/pa+l6aXVpcg/yfq12CA+IKWipa+lu6W1peqpYKWvpeml1aXIssTBzyA+IKWipa+ltaXqqWCl0algpcQgPiCkvaTOy/s=,SU5BWlVNQSC0zL+QILG+xqSz1qTBytahvjQwo+Oj7crWpLWksqW/paSl16G/,,PGNlbnRlcj48QlI+CjxJTUcgc3JjPSJodHRwOi8vaW1hZ2UucmFrdXRlbi5jby5qcC9lLW1hYnVjaGkvY2FiaW5ldC90ZW5zZW4tbC5qcGciIGJvcmRlcj0iMCI+PEZPTlQgc2l6ZT0iMiI+PEJSPgo8QlI+CjwvRk9OVD48Rk9OVCBzaXplPSIyIj60zKS3pOWkpqSsy9iUs6TKsb6477PWpMHK1j88QlI+CjxCUj4KNDCj46PtytaktaSypb+lpKXXoaM8QlI+CjxCUj4KPEJSPgo8L0ZPTlQ+CjxUQUJMRSBib3JkZXI9IjAiPgogIDxUQk9EWT4KICAgIDxUUj4KICAgICAgPFREPjxJTUcgc3JjPSJodHRwOi8vaW1hZ2UucmFrdXRlbi5jby5qcC9lLW1hYnVjaGkvY2FiaW5ldC9taW5pLWl0by5qcGciIGJvcmRlcj0iMCI+PEZPTlQgc2l6ZT0iMiI+pbWlpKW6o7rIq+lMvHM0MGNtPEJSPgogICAgICChoaGhoaGjqL3wvt+yv7fWuqyk4KOpPEJSPgogICAgICA8SU1HIHNyYz0iaHR0cDovL2ltYWdlLnJha3V0ZW4uY28uanAvZS1tYWJ1Y2hpL2NhYmluZXQvbWluaS1pdG8uanBnIiBib3JkZXI9IjAiPqGht/mjurxzMmNtoaE8QlI+CiAgICAgIDxJTUcgc3JjPSJodHRwOi8vaW1hZ2UucmFrdXRlbi5jby5qcC9lLW1hYnVjaGkvY2FiaW5ldC9taW5pLWl0by5qcGciIGJvcmRlcj0iMCI+oaHL2LLEo7qxvrjvoaEysb7I6zwvRk9OVD48QlI+CiAgICAgIDwvVEQ+CiAgICA8L1RSPgogIDwvVEJPRFk+CjwvVEFCTEU+CjxGT05UIHNpemU9IjIiPjxCUj4KPC9GT05UPjxCUj4KPElNRyBzcmM9Imh0dHA6Ly9pbWFnZS5yYWt1dGVuLmNvLmpwL2UtbWFidWNoaS9jYWJpbmV0L3RlbnNlbi1jLmpwZyIgYm9yZGVyPSIwIj6hoTxCPjxGT05UIHNpemU9IjIiPsvNwc+kz8/C05uk8qS0ss7V1c/CpLWkpKGhPElNRyBzcmM9Imh0dHA6Ly9pbWFnZS5yYWt1dGVuLmNvLmpwL2UtbWFidWNoaS9jYWJpbmV0L3RlbnNlbi1jLmpwZyIgYm9yZGVyPSIwIj48L0ZPTlQ+PC9CPjxCUj4KPEJSPgo8VEFCTEUgYm9yZGVyPSIwIiB3aWR0aD0iMjgwIiBoZWlnaHQ9IjE1MiIgc3R5bGU9J2ZvbnQtc2l6ZSA6IHNtYWxsO2ZvbnQtZmFtaWx5IDogIqPNo9MgpbSlt6XDpa8iO3RleHQtYWxpZ24gOiBjZW50ZXI7cmlnaHQgOiBpbmhlcml0Oyc+CiAgPFRCT0RZPgogICAgPFRSPgogICAgICA8VEQgY29sc3Bhbj0iMyIgd2lkdGg9IjMzNCI+PElNRyBzcmM9Imh0dHA6Ly9pbWFnZS5yYWt1dGVuLmNvLmpwL2UtbWFidWNoaS9jYWJpbmV0L2hwL2xpbmUteW9rby1zcy5naWYiIGJvcmRlcj0iMCI+PC9URD4KICAgIDwvVFI+CiAgICA8VFI+CiAgICAgIDxURCBiZ2NvbG9yPSIjZmZlZmRmIiB3aWR0aD0iODAiPsXky823vbeoPC9URD4KICAgICAgPFREIGJnY29sb3I9IiNmZmVmZGYiIHdpZHRoPSIxMDAiPqS016LOxIVnzrs8L1REPgogICAgICA8VEQgYmdjb2xvcj0iI2ZmZWZkZiIgd2lkdGg9IjEwMCI+y83BzzwvVEQ+CiAgICA8L1RSPgogICAgPFRSPgogICAgICA8VEQgY29sc3Bhbj0iMyIgd2lkdGg9IjMzNCI+PElNRyBzcmM9Imh0dHA6Ly9pbWFnZS5yYWt1dGVuLmNvLmpwL2UtbWFidWNoaS9jYWJpbmV0L2hwL2xpbmUteW9rby1zcy5naWYiIGJvcmRlcj0iMCI+PC9URD4KICAgIDwvVFI+CiAgICA8VFI+CiAgICAgIDxURCBiZ2NvbG9yPSIjZmZlZmRmIiB3aWR0aD0iODAiPqXNpbOl3aW5PC9URD4KICAgICAgPFREIHdpZHRoPSIxMDAiPrRf1UrW0DwvVEQ+CiAgICAgIDxURCB3aWR0aD0iMTAwIj4yNzCD0jwvVEQ+CiAgICA8L1RSPgogICAgPFRSPgogICAgICA8VEQgY29sc3Bhbj0iMyIgd2lkdGg9IjMzNCI+PElNRyBzcmM9Imh0dHA6Ly9pbWFnZS5yYWt1dGVuLmNvLmpwL2UtbWFidWNoaS9jYWJpbmV0L2hwL2xpbmUteW9rby1zcy5naWYiIGJvcmRlcj0iMCI+PC9URD4KICAgIDwvVFI+CiAgICA8VFI+CiAgICAgIDxURCBiZ2NvbG9yPSIjZmZlZmRmIiB3aWR0aD0iODAiPrao0M7N4jwvVEQ+CiAgICAgIDxURCB3aWR0aD0iMTAwIj7A+9PDv8k8L1REPgogICAgICA8VEQgd2lkdGg9IjEwMCI+NDAwg9I8L1REPgogICAgPC9UUj4KICAgIDxUUj4KICAgICAgPFREIGNvbHNwYW49IjMiIHdpZHRoPSIzMzQiPjxJTUcgc3JjPSJodHRwOi8vaW1hZ2UucmFrdXRlbi5jby5qcC9lLW1hYnVjaGkvY2FiaW5ldC9ocC9saW5lLXlva28tc3MuZ2lmIiBib3JkZXI9IjAiPjwvVEQ+CiAgICA8L1RSPgogICAgPFRSPgogICAgICA8VEQgYmdjb2xvcj0iI2ZmZWZkZiIgaGVpZ2h0PSIxNyIgd2lkdGg9IjgwIj7VrMXkseM8L1REPgogICAgICA8VEQgaGVpZ2h0PSIxNyIgd2lkdGg9IjEwMCI+wPvTw7/JPC9URD4KICAgICAgPFREIGhlaWdodD0iMTciIHdpZHRoPSIxMDAiPjU0MIPSpKs0MzKD0jwvVEQ+CiAgICA8L1RSPgogICAgPFRSPgogICAgICA8VEQgY29sc3Bhbj0iMyIgaGVpZ2h0PSIxOSIgd2lkdGg9IjMzNCI+PElNRyBzcmM9Imh0dHA6Ly9pbWFnZS5yYWt1dGVuLmNvLmpwL2UtbWFidWNoaS9jYWJpbmV0L2hwL2xpbmUteW9rby1zcy5naWYiIGJvcmRlcj0iMCI+PC9URD4KICAgIDwvVFI+CiAgPC9UQk9EWT4KPC9UQUJMRT4KPEJSPgo8VEFCTEUgYm9yZGVyPSIwIj4KICA8VEJPRFk+CiAgICA8VFI+CiAgICAgIDxURD48Rk9OVCBzaXplPSIyIj6h+dWsxeSx4zQzMoPSpM+WfLGxNrFopM6k36THoaKxsbqjtcA/PEJSPgogICAgICChoZtfv0k/63iNdaTys/2kr8v7sWikrDU0MIPSpMikyqTqpN6kuaGjPEJSPgogICAgICA8QlI+CiAgICAgIKH5yc/Tm8HPvfCkz82syczGt6TOiPa6z6THpLmhozxCUj4KICAgICAgoaHL+8nMxrekyKTOzayXeaTPy83Bz6SsieSk76TriPa6z6SsPEJSPgogICAgICChoaS0pLakpKTepLmkzqTHpLTBy7PQz8KktaSkoaM8QlI+CiAgICAgIDxCUj4KICAgICAgofm31qSxpMaktNeizsTtlKSkpMak4rBry82kz6Sqo7HIy5iUMZd5PEJSPgogICAgICChobD8pM6wa8vNpMekuaGjhGXLzaTPjJ2P6qS3pMakqqTqpN6ku6TzoaM8L0ZPTlQ+PC9URD4KICAgIDwvVFI+CiAgPC9UQk9EWT4KPC9UQUJMRT4KPEJSPgo8QlI+CjxJTUcgc3JjPSJodHRwOi8vaW1hZ2UucmFrdXRlbi5jby5qcC9lLW1hYnVjaGkvY2FiaW5ldC90ZW5zZW4tYy5qcGciIGJvcmRlcj0iMCI+oaE8Qj48Rk9OVCBzaXplPSIyIj6kqqS5pLmk4aWipaSlxqXgoaE8SU1HIHNyYz0iaHR0cDovL2ltYWdlLnJha3V0ZW4uY28uanAvZS1tYWJ1Y2hpL2NhYmluZXQvdGVuc2VuLWMuanBnIiBib3JkZXI9IjAiPjwvRk9OVD48L0I+PEJSPgo8QlI+CjxJTUcgc3JjPSJodHRwOi8vaW1hZ2UucmFrdXRlbi5jby5qcC9lLW1hYnVjaGkvY2FiaW5ldC9taW5pLWl0by5qcGciIGJvcmRlcj0iMCI+oaE8Rk9OVCBzaXplPSIyIj6l7KW2qWDTw8rWv3CkpPTpPC9GT05UPjxCUj4KPEJSPgo8SU1HIHNyYz0iaHR0cDovL2ltYWdlLnJha3V0ZW4uY28uanAvZS1tYWJ1Y2hpL2NhYmluZXQvdGVuc2VuLXIuanBnIiBib3JkZXI9IjAiPjxCUj4KPC9DRU5URVI+PEI+PEZPTlQgY29sb3I9cmVkIHNpemU9Mj48SU1HIHNyYz0iaHR0cDovL2ltYWdlLnJha3V0ZW4uY28uanAvZS1tYWJ1Y2hpL2NhYmluZXQvaHAvYXN1LmdpZiIgYm9yZGVyPSIwIj4gPC9GT05UPjwvQj48Rk9OVCBzaXplPTI+jGe16sVupMjU2o7subLT0KTOnumhoqXNpcOlyKW3peelw6XXpMfYnInTpLekxqSkpMak4oxnterFbqTHidOk7KTGpLek3qTDpL+I9rrPoaI8QlI+CqGhINicidPW0KTHpOLJ6qS31FWktKS2pKSk3qS7pPOkrKGipLTXos7EpM6lv6Wkpd+l86WwpMuk6KTqxrfH0KTspM6I9rrPpKyktKS2pKSk3qS5oaM8QlI+CqGhpL2kzutIpM+hoqXhqWCl67XIpMektN9CvWqktaS7pMbtlKStpN6kuaTOpMektMHLs9DPwqS1pKShozxCUj4KoaHT1qGi1NqO7MfQpOykx9TajuykrKSipOu31qTyz8iky6Sqy82k6qS5pOuI9rrPpM+hosvNwc+krDK72LfWpKukq6TqpN6kuaTOpMehojxCUj4KoaHJ6qS31FWktKS2pKSk3qS7pPOkrDxCPjK72LfWpM7LzcHPpM+kqr/NmJTYk7WjPC9CPqTHpKruiqSk1sKkt6TepLmhozxCUj4KoaGEZcvNpLTPo837pM6I9rrPpM+hoqS0wcuz0KTOyc+ktNPDw/zPwqS1pKShozwvRk9OVD48Qj48Rk9OVCBzaXplPTI+PEJSPgo8QlI+CjxGT05UIGNvbG9yPXJlZCBzaXplPTI+PElNRyBzcmM9Imh0dHA6Ly9pbWFnZS5yYWt1dGVuLmNvLmpwL2UtbWFidWNoaS9jYWJpbmV0L2hwL2FzdS5naWYiIGJvcmRlcj0iMCI+IDwvRk9OVD48L0ZPTlQ+PC9CPjxGT05UIHNpemU9Mj6ktNNF7ZSkr61ovrOky6TopOqlq6XpqWCkrN9gpMOkxtKKpKik64j2us+krKS0pLakpKTepLmkzqTHoaKktMHLs9DPwqS1pKShozxCUj4KPEJSPgo8Rk9OVCBjb2xvcj0icmVkIiBzaXplPSIyIj48SU1HIHNyYz0iaHR0cDovL2ltYWdlLnJha3V0ZW4uY28uanAvZS1tYWJ1Y2hpL2NhYmluZXQvaHAvYXN1LmdpZiIgYm9yZGVyPSIwIj4gPC9GT05UPrHt05ukt6TGpKqk6qTepLnJ+rXYve2kz6GiysvJz6SspOqky6TopMOkxrbgydnHsOHhpLmk64j2us+krKS0pLakpKTepLmhozxCUj4KoaHT1qGizaykuMn6tdikx6TiyL6k4aTruKqkrN9gpKakyMmrpMvOosPupMrfYKSkpKyz9qTepLmho9e3vNOktNeizsS1yKTHzaykuMn6tdik8jxCUj4KoaGktNeizsTtlKSkpL+I9rrPpMek4si+pOGk67iqpKzfYKTDpL/J+rXYpM+hosj0uMmlq6XpqWCkrInkpO+k68rCpKyktKS2pKSk3qS5pM6kx6GiPEJSPgqhoaS0wcuz0KTOyc+hoqS016LOxKTypKruiqSk1sKkt6TepLmhozxCUj4KPEJSPgo8L0ZPTlQ+CjxGT05UIGNvbG9yPSJyZWQiIHNpemU9IjIiPjxJTUcgc3JjPSJodHRwOi8vaW1hZ2UucmFrdXRlbi5jby5qcC9lLW1hYnVjaGkvY2FiaW5ldC9ocC9hc3UuZ2lmIiBib3JkZXI9IjAiPiA8L0ZPTlQ+PEZPTlQgc2l6ZT0iMiI+xeTLzbe9t6ikx6XNpbOl3aW5pOS2qNDOzeLgXbHjpPKktNa4tqjtlKSkpMak4tKOtqjN4qTHpLTA+9PD7ZSksaTKpKSI9rrPpM+hojxCUj4KoaGx17XqpMewa8vNv8nE3KTKxeTLzbe9t6iky4nkuPzWwqS3pN6kuaGjPEJSPgqhobao0M7N4uBdseOkq9WsxeSx46TLieS4/KS3pMawa8vN1sKkt6TepLmkzqTHoaLT6KThpLTBy7PQpK+kwKS1pKShozxCUj4KPEJSPgo8Rk9OVCBjb2xvcj0icmVkIj48SU1HIHNyYz0iaHR0cDovL2ltYWdlLnJha3V0ZW4uY28uanAvZS1tYWJ1Y2hpL2NhYmluZXQvaHAvYXN1LmdpZiIgYm9yZGVyPSIwIj4gPC9GT05UPqXaqWCluKTLse3Tm6S1pOykxqSkpOvLzcHPpM+hoqSqv82YlKSsxeTLzbe9t6ik8t94kmuktaTspOvEv7CypM6e6aTOse3Tm6TIpMqk6qTepLmhozxCUj4KoaHF5MvNt723qKTP0o62qM3ipMektMD708PtlKSxpMqkpIj2us+kzqTfsde16qTHieS4/NbCpLek3qS5pKyhoqS9pOzS1M3ipM+hojxCUj4KoaE8Qj6ktNeizsSVcqTL33iSa+2UpKSkv8Xky823vbeopMekzrBry808L0I+pMikyqTqpN6kuaGjPC9GT05UPjxCUj4=,SU5BWlVNQSC0zL+QILG+xqSz1qTBytahvjQwo+Oj7crWpLWksqW/paSl16G/o7ql3qXWpcGlzaXDpcilt6XnpcOl1w==,pd6l1qXBkmmkraWtpeOl86XQpbmhobK8yfq12NHzssPK1ty/peml36XNqWClyL5kwum3q7K8pbOluaXXpezSwtewk9zLrrzTuaSl36W3pfPhmPTpyOuIQMjr0aelsKXDpbql1aWhpdal6qXDpa8xMKPjo+2kq6Tp2JyJ07TMpLek5aSmy83Bz59vwc9JTkFaVU1BILTMv5Agsb7GpLPWpMHK1qG+NDCj46PtytaktaSypb+lpKXXob8=,SU5BWlVNQSC0zL+QILG+xqSz1qTBytahvjQwo+Oj7crWpLWksqW/paSl16G/[rn]
25-29673,aHR0cDovL3RzaG9wLnIxMHMuanAvZS1tYWJ1Y2hpL2NhYmluZXQvZnVrdS95b3VndS90YWtlanlha3U0MC5naWY/Zml0aW49NzAwOjcwMA==,NTEyLjAwMDA=,,yNXTw8a362rYmz/OxLe/vt8/ytbcvyA+IMrW3L8/pa+l6aXVpcg/yfq12CA+IKWipa+lu6W1peqpYKWvpeml1aXIssTBzyA+IKWipa+ltaXqqWCl0algpcQgPiCkvaTOy/s=,1vGz3zQwo+Oj7Q==,,PGNlbnRlcj48QlI+CjxJTUcgc3JjPSJodHRwOi8vaW1hZ2UucmFrdXRlbi5jby5qcC9lLW1hYnVjaGkvY2FiaW5ldC90ZW5zZW4tbC5qcGciIGJvcmRlcj0iMCI+PEZPTlQgc2l6ZT0iMiI+PEJSPgo8QlI+Csq5pKSE2crWpM7BvKSkNDCj46PtpM7W8bPfpMekuaGjPEJSPgo8QlI+CszsyLukztbxpPLKudPDpLekxqSkpOukv6ThoaI8QlI+CsnMxreky8j0uMmkzqWtpbqk5JtBpOykrKSipOqk3qS5oaM8QlI+CjxCUj4KyrnTw6S5pOuky6TPhpbufaSspKKk6qTepLuk86TOpMc8QlI+CqS0wcuz0KSvpMCktaSkoaM8QlI+CjwvRk9OVD48QlI+CjxCUj4KPElNRyBzcmM9Imh0dHA6Ly9pbWFnZS5yYWt1dGVuLmNvLmpwL2UtbWFidWNoaS9jYWJpbmV0L3RlbnNlbi1jLmpwZyIgYm9yZGVyPSIwIj6hoTxCPjxGT05UIHNpemU9IjIiPsvNwc+kz8/C05uk8qS0ss7V1c/CpLWkpKGhPElNRyBzcmM9Imh0dHA6Ly9pbWFnZS5yYWt1dGVuLmNvLmpwL2UtbWFidWNoaS9jYWJpbmV0L3RlbnNlbi1jLmpwZyIgYm9yZGVyPSIwIj48L0ZPTlQ+PC9CPjxCUj4KPEJSPgo8VEFCTEUgYm9yZGVyPSIwIiB3aWR0aD0iMjgwIiBoZWlnaHQ9IjE1MiIgc3R5bGU9J2ZvbnQtc2l6ZSA6IHNtYWxsO2ZvbnQtZmFtaWx5IDogIqPNo9MgpbSlt6XDpa8iO3RleHQtYWxpZ24gOiBjZW50ZXI7cmlnaHQgOiBpbmhlcml0Oyc+CiAgPFRCT0RZPgogICAgPFRSPgogICAgICA8VEQgY29sc3Bhbj0iMyIgd2lkdGg9IjMzNCI+PElNRyBzcmM9Imh0dHA6Ly9pbWFnZS5yYWt1dGVuLmNvLmpwL2UtbWFidWNoaS9jYWJpbmV0L2hwL2xpbmUteW9rby1zcy5naWYiIGJvcmRlcj0iMCI+PC9URD4KICAgIDwvVFI+CiAgICA8VFI+CiAgICAgIDxURCBiZ2NvbG9yPSIjZmZlZmRmIiB3aWR0aD0iODAiPsXky823vbeoPC9URD4KICAgICAgPFREIGJnY29sb3I9IiNmZmVmZGYiIHdpZHRoPSIxMDAiPqS016LOxIVnzrs8L1REPgogICAgICA8VEQgYmdjb2xvcj0iI2ZmZWZkZiIgd2lkdGg9IjEwMCI+y83BzzwvVEQ+CiAgICA8L1RSPgogICAgPFRSPgogICAgICA8VEQgY29sc3Bhbj0iMyIgd2lkdGg9IjMzNCI+PElNRyBzcmM9Imh0dHA6Ly9pbWFnZS5yYWt1dGVuLmNvLmpwL2UtbWFidWNoaS9jYWJpbmV0L2hwL2xpbmUteW9rby1zcy5naWYiIGJvcmRlcj0iMCI+PC9URD4KICAgIDwvVFI+CiAgICA8VFI+CiAgICAgIDxURCBiZ2NvbG9yPSIjZmZlZmRmIiB3aWR0aD0iODAiPqXNpbOl3aW5PC9URD4KICAgICAgPFREIHdpZHRoPSIxMDAiPqHBPC9URD4KICAgICAgPFREIHdpZHRoPSIxMDAiPi08L1REPgogICAgPC9UUj4KICAgIDxUUj4KICAgICAgPFREIGNvbHNwYW49IjMiIHdpZHRoPSIzMzQiPjxJTUcgc3JjPSJodHRwOi8vaW1hZ2UucmFrdXRlbi5jby5qcC9lLW1hYnVjaGkvY2FiaW5ldC9ocC9saW5lLXlva28tc3MuZ2lmIiBib3JkZXI9IjAiPjwvVEQ+CiAgICA8L1RSPgogICAgPFRSPgogICAgICA8VEQgYmdjb2xvcj0iI2ZmZWZkZiIgd2lkdGg9IjgwIj62qNDOzeI8L1REPgogICAgICA8VEQgd2lkdGg9IjEwMCI+wPvTw7/JPC9URD4KICAgICAgPFREIHdpZHRoPSIxMDAiPjQwMIPSPC9URD4KICAgIDwvVFI+CiAgICA8VFI+CiAgICAgIDxURCBjb2xzcGFuPSIzIiB3aWR0aD0iMzM0Ij48SU1HIHNyYz0iaHR0cDovL2ltYWdlLnJha3V0ZW4uY28uanAvZS1tYWJ1Y2hpL2NhYmluZXQvaHAvbGluZS15b2tvLXNzLmdpZiIgYm9yZGVyPSIwIj48L1REPgogICAgPC9UUj4KICAgIDxUUj4KICAgICAgPFREIGJnY29sb3I9IiNmZmVmZGYiIGhlaWdodD0iMTciIHdpZHRoPSI4MCI+1azF5LHjPC9URD4KICAgICAgPFREIGhlaWdodD0iMTciIHdpZHRoPSIxMDAiPsD708O/yTwvVEQ+CiAgICAgIDxURCBoZWlnaHQ9IjE3IiB3aWR0aD0iMTAwIj41NDCD0qSrNDMyg9I8L1REPgogICAgPC9UUj4KICAgIDxUUj4KICAgICAgPFREIGNvbHNwYW49IjMiIGhlaWdodD0iMTkiIHdpZHRoPSIzMzQiPjxJTUcgc3JjPSJodHRwOi8vaW1hZ2UucmFrdXRlbi5jby5qcC9lLW1hYnVjaGkvY2FiaW5ldC9ocC9saW5lLXlva28tc3MuZ2lmIiBib3JkZXI9IjAiPjwvVEQ+CiAgICA8L1RSPgogIDwvVEJPRFk+CjwvVEFCTEU+CjxCUj4KPFRBQkxFIGJvcmRlcj0iMCI+CiAgPFRCT0RZPgogICAgPFRSPgogICAgICA8VEQ+PEZPTlQgc2l6ZT0iMiI+ofnVrMXkseM0MzKD0qTPlnyxsTaxaKTOpN+kx6GisbG6o7XAPzxCUj4KICAgICAgoaGbX79JP+t4jXWk8rP9pK/L+7FopKw1NDCD0qTIpMqk6qTepLmhozxCUj4KICAgICAgPEJSPgogICAgICCh+cnP05vBz73wpM/NrMnMxrekzoj2us+kx6S5oaM8QlI+CiAgICAgIKGhy/vJzMa3pMikzs2sl3mkz8vNwc+krInkpO+k64j2us+krDxCUj4KICAgICAgoaGktKS2pKSk3qS5pM6kx6S0wcuz0M/CpLWkpKGjPEJSPgogICAgICA8QlI+CiAgICAgIKH5t9aksaTGpLTXos7E7ZSkpKTGpOKwa8vNpM+kqqOxyMuYlDGXeTxCUj4KICAgICAgoaGw/KTOsGvLzaTHpLmho4Rly82kz4ydj+qkt6TGpKqk6qTepLuk86GjPC9GT05UPjwvVEQ+CiAgICA8L1RSPgogIDwvVEJPRFk+CjwvVEFCTEU+CjxCUj4KPEJSPgo8SU1HIHNyYz0iaHR0cDovL2ltYWdlLnJha3V0ZW4uY28uanAvZS1tYWJ1Y2hpL2NhYmluZXQvdGVuc2VuLXIuanBnIiBib3JkZXI9IjAiPjxCUj4KPC9DRU5URVI+PEI+PEZPTlQgY29sb3I9cmVkIHNpemU9Mj48SU1HIHNyYz0iaHR0cDovL2ltYWdlLnJha3V0ZW4uY28uanAvZS1tYWJ1Y2hpL2NhYmluZXQvaHAvYXN1LmdpZiIgYm9yZGVyPSIwIj4gPC9GT05UPjwvQj48Rk9OVCBzaXplPTI+jGe16sVupMjU2o7subLT0KTOnumhoqXNpcOlyKW3peelw6XXpMfYnInTpLekxqSkpMak4oxnterFbqTHidOk7KTGpLek3qTDpL+I9rrPoaI8QlI+CqGhIArYnInT1tCkx6Tiyeqkt9RVpLSktqSkpN6ku6TzpKyhoqS016LOxKTOpb+lpKXfpfOlsKTLpOik6sa3x9Ck7KTOiPa6z6SspLSktqSkpN6kuaGjPEJSPgqhoaS9pM7rSKTPoaKl4algpeu1yKTHpLTfQr1qpLWku6TG7ZSkraTepLmkzqTHpLTBy7PQz8KktaSkoaM8QlI+CqGh09ahotTajuzH0KTspMfU2o7spKykoqTrt9ak8s/IpMukqsvNpOqkuaTriPa6z6TPoaLLzcHPpKwyu9i31qSrpKuk6qTepLmkzqTHoaI8QlI+CqGhyeqkt9RVpLSktqSkpN6ku6TzpKw8Qj4yu9i31qTOy83Bz6TPpKq/zZiU2JO1ozwvQj6kx6Sq7oqkpNbCpLek3qS5oaM8QlI+CqGhhGXLzaS0z6PN+6TOiPa6z6TPoaKktMHLs9CkzsnPpLTTw8P8z8KktaSkoaM8L0ZPTlQ+PEI+PEZPTlQgc2l6ZT0yPjxCUj4KPEJSPgo8L0ZPTlQ+PEZPTlQgc2l6ZT0iMiIgY29sb3I9IiNmZjAwMDAiPjxJTUcgc3JjPSJodHRwOi8vaW1hZ2UucmFrdXRlbi5jby5qcC9lLW1hYnVjaGkvY2FiaW5ldC9ocC9hc3UuZ2lmIiBib3JkZXI9IjAiPiA8L0ZPTlQ+PC9CPjxGT05UIHNpemU9Mj6kqr/NmJSkzqS000Wky6TKpOutaL6zpMuk6KTqoaKlq6XpqWCkrN9gpMOkxtKKpKik64j2us+krKS0pLakpKTepLmkzqTHoaKktMHLs9DPwqS1pKShozwvRk9OVD48QlI+CjxCPjxGT05UIHNpemU9Mj48QlI+CjwvRk9OVD48L0I+PEZPTlQgY29sb3I9InJlZCIgc2l6ZT0iMiI+PElNRyBzcmM9Imh0dHA6Ly9pbWFnZS5yYWt1dGVuLmNvLmpwL2UtbWFidWNoaS9jYWJpbmV0L2hwL2FzdS5naWYiIGJvcmRlcj0iMCI+IDwvRk9OVD48Rk9OVCBzaXplPSIyIj7F5MvNt723qKTHpc2ls6Xdpbmk5Lao0M7N4uBdseOk8qS01ri2qO2UpKSkxqTi0o62qM3ipMektMD708PtlKSxpMqkpIj2us+kz6GiPEJSPgqhobHXteqkx7Bry82/ycTcpMrF5MvNt723qKTLieS4/NbCpLek3qS5oaM8QlI+CqGhtqjQzs3i4F2x46Sr1azF5LHjpMuJ5Lj8pLekxrBry83WwqS3pN6kuaTOpMehotPopOGktMHLs9Ckr6TApLWkpKGjPEJSPgqhoTxCUj4KPElNRyBzcmM9Imh0dHA6Ly9pbWFnZS5yYWt1dGVuLmNvLmpwL2UtbWFidWNoaS9jYWJpbmV0L2hwL2FzdS5naWYiIGJvcmRlcj0iMCI+IKXaqWCluKTLse3Tm6S1pOykxqSkpOvLzcHPpM+hoqSqv82YlKSsxeTLzbe9t6ik8t94kmuktaTspOvEv7CypM6e6aTOse3Tm6TIpMqk6qTepLmhozxCUj4KoaHF5MvNt723qKTP0o62qM3ipMektMD708PtlKSxpMqkpIj2us+kzqTfsde16qTHieS4/NbCpLek3qS5pKyhoqS9pOzS1M3ipM+hojxCUj4KoaE8Qj6ktNeizsSVcqTL33iSa+2UpKSkv8Xky823vbeopMekzrBry808L0I+pMikyqTqpN6kuaGjPC9GT05UPjxCUj4=,1vGz3zQwo+Oj7aO6pd6l1qXBpc2lw6XIpbel56XDpdc=,pd6l1qXBkmmkraWtpeOl86XQpbmhobK8yfq12NHzssPK1ty/peml36XNqWClyL5kwum3q7K8pbOluaXXpezSwtewk9zLrrzTuaSl36W3pfPhmPTpyOuIQMjr0aelsKXDpbql1aWhpdal6qXDpa8xMKPjo+2kq6Tp2JyJ07TMpLek5aSmy83Bz59vwc/W8bPfNDCj46Pt,1vGz3zQwo+Oj7Q==[rn]
25-29674,aHR0cDovL3RzaG9wLnIxMHMuanAvZS1tYWJ1Y2hpL2NhYmluZXQvZnVrdS9hLW5lZWRsZS9vcmdhbi1ob21lLXF1aWx0MTEtMS5qcGc/Zml0aW49NzAwOjcwMA==,MjgwLjAwMDA=,,yNXTw8a362rYmz/OxLe/vt8/ytbcvyA+IMrW3L8/pa+l6aXVpcg/yfq12CA+IKWipa+lu6W1peqpYKWvpeml1aXIssTBzyA+IKWipa+ltaXqqWCl0algpcQgPiCkvaTOy/s=,T1JHQU4gvNLNpdPDpa2l66XIjJ/Tw6Xfpbel8+GYoaExMaGrMTS6xaGhSEGhwTFRVQ==,pa2l66XIjJ/Tw6Xfpbel8w==,PGNlbnRlcj48Rk9OVCBzaXplPSIyIj48Qj5vcmdhbiBuZWVkbGVzPC9CPjwvRk9OVD48QlI+CjxCUj4KPElNRyBzcmM9Imh0dHA6Ly9pbWFnZS5yYWt1dGVuLmNvLmpwL2UtbWFidWNoaS9jYWJpbmV0L3RlbnNlbi1sLmpwZyIgYm9yZGVyPSIwIj48QlI+CjxCUj4KPEZPTlQgc2l6ZT0iMiI+vNLNpdPDpa2l66XIjJ/Tw6Xfpbel8+GYPEJSPgoxMbrFPzE0usWkx6S5oaM8QlI+CjxCUj4K0ajPyKTPpbel46lgpdeky6TKpMOkxqSkpMalqKWwpeqkzzxCUj4KxL/vd6TTpKykt6TLpK+kpNDO17Sky6TKpMOkxqSkpN6kuaGjPEJSPgo8QlI+CuGYt6zK1qTPo6MxMaTIo6MxNKSspKKk6qTepLmhozxCUj4Kyfq12KTLpKKkw6S/t6zK1qTypKrfeKTTz8KktaSkoaM8QlI+CjxCUj4KPEJSPgo8L0ZPTlQ+PEZPTlQgc2l6ZT0iMiI+PElNRyBzcmM9Imh0dHA6Ly9pbWFnZS5yYWt1dGVuLmNvLmpwL2UtbWFidWNoaS9jYWJpbmV0L21pbmktaXRvLmpwZyIgYm9yZGVyPSIwIj6hoTWxvsjrpOo8QlI+CjwvRk9OVD48QlI+CjxCUj4KPElNRyBzcmM9Imh0dHA6Ly9pbWFnZS5yYWt1dGVuLmNvLmpwL2UtbWFidWNoaS9jYWJpbmV0L3RlbnNlbi1jLmpwZyIgYm9yZGVyPSIwIj6hoTxCPjxGT05UIHNpemU9IjIiPsvNwc+kz8/C05uk8qS0ss7V1c/CpLWkpKGhPElNRyBzcmM9Imh0dHA6Ly9pbWFnZS5yYWt1dGVuLmNvLmpwL2UtbWFidWNoaS9jYWJpbmV0L3RlbnNlbi1jLmpwZyIgYm9yZGVyPSIwIj48L0ZPTlQ+PC9CPjxCUj4KPEJSPgo8VEFCTEUgYm9yZGVyPSIwIiB3aWR0aD0iMjgwIiBoZWlnaHQ9IjE1MiI+CiAgPFRCT0RZPgogICAgPFRSPgogICAgICA8VEQgY29sc3Bhbj0iMyIgYWxpZ249ImNlbnRlciIgd2lkdGg9IjMzNCI+PEZPTlQgc2l6ZT0iMiI+PElNRyBzcmM9Imh0dHA6Ly9pbWFnZS5yYWt1dGVuLmNvLmpwL2UtbWFidWNoaS9jYWJpbmV0L2hwL2xpbmUteW9rby1zcy5naWYiIGJvcmRlcj0iMCI+PC9GT05UPjwvVEQ+CiAgICA8L1RSPgogICAgPFRSPgogICAgICA8VEQgYWxpZ249ImNlbnRlciIgYmdjb2xvcj0iI2ZmZWZkZiIgd2lkdGg9IjgwIj48Rk9OVCBzaXplPSIyIj7F5MvNt723qDwvRk9OVD48L1REPgogICAgICA8VEQgYWxpZ249ImNlbnRlciIgYmdjb2xvcj0iI2ZmZWZkZiIgd2lkdGg9IjEwMCI+PEZPTlQgc2l6ZT0iMiI+pLTXos7EhWfOuzwvRk9OVD48L1REPgogICAgICA8VEQgYWxpZ249ImNlbnRlciIgYmdjb2xvcj0iI2ZmZWZkZiIgd2lkdGg9IjEwMCI+PEZPTlQgc2l6ZT0iMiI+y83BzzwvRk9OVD48L1REPgogICAgPC9UUj4KICAgIDxUUj4KICAgICAgPFREIGNvbHNwYW49IjMiIGFsaWduPSJjZW50ZXIiIHdpZHRoPSIzMzQiPjxGT05UIHNpemU9IjIiPjxJTUcgc3JjPSJodHRwOi8vaW1hZ2UucmFrdXRlbi5jby5qcC9lLW1hYnVjaGkvY2FiaW5ldC9ocC9saW5lLXlva28tc3MuZ2lmIiBib3JkZXI9IjAiPjwvRk9OVD48L1REPgogICAgPC9UUj4KICAgIDxUUj4KICAgICAgPFREIGFsaWduPSJjZW50ZXIiIGJnY29sb3I9IiNmZmVmZGYiIHdpZHRoPSI4MCI+PEZPTlQgc2l6ZT0iMiI+pc2ls6Xdpbk8L0ZPTlQ+PC9URD4KICAgICAgPFREIGFsaWduPSJjZW50ZXIiIHdpZHRoPSIxMDAiPjxGT05UIHNpemU9IjIiPsD708O/yTwvRk9OVD48L1REPgogICAgICA8VEQgYWxpZ249ImNlbnRlciIgd2lkdGg9IjEwMCI+PEZPTlQgc2l6ZT0iMiI+Mjcwg9I8L0ZPTlQ+PC9URD4KICAgIDwvVFI+CiAgICA8VFI+CiAgICAgIDxURCBjb2xzcGFuPSIzIiBhbGlnbj0iY2VudGVyIiB3aWR0aD0iMzM0Ij48Rk9OVCBzaXplPSIyIj48SU1HIHNyYz0iaHR0cDovL2ltYWdlLnJha3V0ZW4uY28uanAvZS1tYWJ1Y2hpL2NhYmluZXQvaHAvbGluZS15b2tvLXNzLmdpZiIgYm9yZGVyPSIwIj48L0ZPTlQ+PC9URD4KICAgIDwvVFI+CiAgICA8VFI+CiAgICAgIDxURCBhbGlnbj0iY2VudGVyIiBiZ2NvbG9yPSIjZmZlZmRmIiB3aWR0aD0iODAiPjxGT05UIHNpemU9IjIiPrao0M7N4jwvRk9OVD48L1REPgogICAgICA8VEQgYWxpZ249ImNlbnRlciIgd2lkdGg9IjEwMCI+PEZPTlQgc2l6ZT0iMiI+wPvTw7/JPC9GT05UPjwvVEQ+CiAgICAgIDxURCBhbGlnbj0iY2VudGVyIiB3aWR0aD0iMTAwIj48Rk9OVCBzaXplPSIyIj40MDCD0jwvRk9OVD48L1REPgogICAgPC9UUj4KICAgIDxUUj4KICAgICAgPFREIGNvbHNwYW49IjMiIGFsaWduPSJjZW50ZXIiIHdpZHRoPSIzMzQiPjxGT05UIHNpemU9IjIiPjxJTUcgc3JjPSJodHRwOi8vaW1hZ2UucmFrdXRlbi5jby5qcC9lLW1hYnVjaGkvY2FiaW5ldC9ocC9saW5lLXlva28tc3MuZ2lmIiBib3JkZXI9IjAiPjwvRk9OVD48L1REPgogICAgPC9UUj4KICAgIDxUUj4KICAgICAgPFREIGFsaWduPSJjZW50ZXIiIGJnY29sb3I9IiNmZmVmZGYiIGhlaWdodD0iMTciIHdpZHRoPSI4MCI+PEZPTlQgc2l6ZT0iMiI+1azF5LHjPC9GT05UPjwvVEQ+CiAgICAgIDxURCBhbGlnbj0iY2VudGVyIiBoZWlnaHQ9IjE3IiB3aWR0aD0iMTAwIj48Rk9OVCBzaXplPSIyIj7A+9PDv8k8L0ZPTlQ+PC9URD4KICAgICAgPFREIGFsaWduPSJjZW50ZXIiIGhlaWdodD0iMTciIHdpZHRoPSIxMDAiPjxGT05UIHNpemU9IjIiPjU0MIPSpKs0MzKD0jwvRk9OVD48L1REPgogICAgPC9UUj4KICAgIDxUUj4KICAgICAgPFREIGNvbHNwYW49IjMiIGFsaWduPSJjZW50ZXIiIGhlaWdodD0iMTkiIHdpZHRoPSIzMzQiPjxGT05UIHNpemU9IjIiPjxJTUcgc3JjPSJodHRwOi8vaW1hZ2UucmFrdXRlbi5jby5qcC9lLW1hYnVjaGkvY2FiaW5ldC9ocC9saW5lLXlva28tc3MuZ2lmIiBib3JkZXI9IjAiPjwvRk9OVD48L1REPgogICAgPC9UUj4KICA8L1RCT0RZPgo8L1RBQkxFPgo8QlI+CjxUQUJMRSBib3JkZXI9IjAiPgogIDxUQk9EWT4KICAgIDxUUj4KICAgICAgPFREPjxGT05UIHNpemU9IjIiPqH51azF5LHjNDMyg9Kkz5Z8sbE2sWikzqTfpMehorGxuqO1wD88QlI+CiAgICAgIKGhm1+/ST/reI11pPKz/aSvy/uxaKSsNTQwg9KkyKTKpOqk3qS5oaM8QlI+CiAgICAgIDxCUj4KICAgICAgofm31qSxpMaktNeizsTtlKSkpMak4rBry82kz6Sqo7HIy5iUMZd5sPw8QlI+CiAgICAgIKGhpM6wa8vNpMekuaGjoaGEZcvNpM+MnY/qpLekxqSqpOqk3qS7pPOhozwvRk9OVD48L1REPgogICAgPC9UUj4KICA8L1RCT0RZPgo8L1RBQkxFPgo8QlI+CjxCUj4KPEZPTlQgc2l6ZT0iMiI+PElNRyBzcmM9Imh0dHA6Ly9pbWFnZS5yYWt1dGVuLmNvLmpwL2UtbWFidWNoaS9jYWJpbmV0L3RlbnNlbi1jLmpwZyIgYm9yZGVyPSIwIj6hoTxCPqSqpLmkuaThpaKlpKXGpeA8L0I+oaE8SU1HIHNyYz0iaHR0cDovL2ltYWdlLnJha3V0ZW4uY28uanAvZS1tYWJ1Y2hpL2NhYmluZXQvdGVuc2VuLWMuanBnIiBib3JkZXI9IjAiPjxCUj4KPEJSPgo8L0ZPTlQ+CjxUQUJMRT4KICA8VEJPRFk+CiAgICA8VFI+CiAgICAgIDxURD48Rk9OVCBzaXplPSIyIj48SU1HIHNyYz0iaHR0cDovL2ltYWdlLnJha3V0ZW4uY28uanAvZS1tYWJ1Y2hpL2NhYmluZXQvbWluaS1pdG8uanBnIiBib3JkZXI9IjAiPqGh08PGtz/Tw77fPEJSPgogICAgICA8SU1HIHNyYz0iaHR0cDovL2ltYWdlLnJha3V0ZW4uY28uanAvZS1tYWJ1Y2hpL2NhYmluZXQvbWluaS1pdG8uanBnIiBib3JkZXI9IjAiPqGhpbel6qWzpfOluaXXpeypYDxCUj4KICAgICAgPElNRyBzcmM9Imh0dHA6Ly9pbWFnZS5yYWt1dGVuLmNvLmpwL2UtbWFidWNoaS9jYWJpbmV0L21pbmktaXRvLmpwZyIgYm9yZGVyPSIwIj6hoaXfpbel8/TpPEJSPgogICAgICA8L0ZPTlQ+PC9URD4KICAgIDwvVFI+CiAgPC9UQk9EWT4KPC9UQUJMRT4KPEJSPgo8SU1HIHNyYz0iaHR0cDovL2ltYWdlLnJha3V0ZW4uY28uanAvZS1tYWJ1Y2hpL2NhYmluZXQvdGVuc2VuLXIuanBnIiBib3JkZXI9IjAiPjxGT05UIHNpemU9IjIiPjxCUj4KPC9GT05UPjwvQ0VOVEVSPjxCPjxGT05UIGNvbG9yPXJlZCBzaXplPTI+PElNRyBzcmM9Imh0dHA6Ly9pbWFnZS5yYWt1dGVuLmNvLmpwL2UtbWFidWNoaS9jYWJpbmV0L2hwL2FzdS5naWYiIGJvcmRlcj0iMCI+IDwvRk9OVD48L0I+PEZPTlQgc2l6ZT0yPoxnterFbqTI1NqO7Lmy09Ckzp7poaKlzaXDpcilt6XnpcOl16TH2JyJ06S3pMakpKTGpOKMZ7XqxW6kx4nTpOykxqS3pN6kw6S/iPa6z6GiPEJSPgqhoSAK2JyJ09bQpMek4snqpLfUVaS0pLakpKTepLuk86SsoaKktNeizsSkzqW/paSl36XzpbCky6TopOrGt8fQpOykzoj2us+krKS0pLakpKTepLmhozxCUj4KoaGkvaTO60ikz6GipeGpYKXrtcikx6S030K9aqS1pLukxu2UpK2k3qS5pM6kx6S0wcuz0M/CpLWkpKGjPEJSPgqhodPWoaLU2o7sx9Ck7KTH1NqO7KSspKKk67fWpPLPyKTLpKrLzaTqpLmk64j2us+kz6Giy83Bz6SsMrvYt9akq6SrpOqk3qS5pM6kx6GiPEJSPgqhocnqpLfUVaS0pLakpKTepLuk86SsPEI+MrvYt9akzsvNwc+kz6Sqv82YlNiTtaM8L0I+pMekqu6KpKTWwqS3pN6kuaGjPEJSPgqhoYRly82ktM+jzfukzoj2us+kz6GipLTBy7PQpM7Jz6S008PD/M/CpLWkpKGjPC9GT05UPjxCPjxGT05UIHNpemU9Mj48QlI+CjxCUj4KPC9GT05UPjxGT05UIHNpemU9IjIiIGNvbG9yPSIjZmYwMDAwIj48SU1HIHNyYz0iaHR0cDovL2ltYWdlLnJha3V0ZW4uY28uanAvZS1tYWJ1Y2hpL2NhYmluZXQvaHAvYXN1LmdpZiIgYm9yZGVyPSIwIj4gPC9GT05UPjwvQj48Rk9OVCBzaXplPTI+pKq/zZiUpM6ktNNFpMukyqTrrWi+s6TLpOik6qGipaul6algpKzfYKTDpMbSiqSopOuI9rrPpKyktKS2pKSk3qS5pM6kx6GipLTBy7PQz8KktaSkoaM8L0ZPTlQ+PEJSPgo8Qj48Rk9OVCBzaXplPTI+PEJSPgo8L0ZPTlQ+PC9CPjxGT05UIGNvbG9yPSJyZWQiIHNpemU9IjIiPjxJTUcgc3JjPSJodHRwOi8vaW1hZ2UucmFrdXRlbi5jby5qcC9lLW1hYnVjaGkvY2FiaW5ldC9ocC9hc3UuZ2lmIiBib3JkZXI9IjAiPiA8L0ZPTlQ+PEZPTlQgc2l6ZT0iMiI+xeTLzbe9t6ikx6XNpbOl3aW5pOS2qNDOzeLgXbHjpPKktNa4tqjtlKSkpMak4tKOtqjN4qTHpLTA+9PD7ZSksaTKpKSI9rrPpM+hojxCUj4KoaGx17XqpMewa8vNv8nE3KTKxeTLzbe9t6iky4nkuPzWwqS3pN6kuaGjPEJSPgqhobao0M7N4uBdseOkq9WsxeSx46TLieS4/KS3pMawa8vN1sKkt6TepLmkzqTHoaLT6KThpLTBy7PQpK+kwKS1pKShozxCUj4KoaE8QlI+CjxJTUcgc3JjPSJodHRwOi8vaW1hZ2UucmFrdXRlbi5jby5qcC9lLW1hYnVjaGkvY2FiaW5ldC9ocC9hc3UuZ2lmIiBib3JkZXI9IjAiPiCl2qlgpbiky7Ht05uktaTspMakpKTry83Bz6TPoaKkqr/NmJSkrMXky823vbeopPLfeJJrpLWk7KTrxL+wsqTOnumkzrHt05ukyKTKpOqk3qS5oaM8QlI+CqGhxeTLzbe9t6ikz9KOtqjN4qTHpLTA+9PD7ZSksaTKpKSI9rrPpM6k37HXteqkx4nkuPzWwqS3pN6kuaSsoaKkvaTs0tTN4qTPoaI8QlI+CqGhPEI+pLTXos7ElXKky994kmvtlKSkpL/F5MvNt723qKTHpM6wa8vNPC9CPqTIpMqk6qTepLmhozwvRk9OVD48QlI+,T1JHQU4gvNLNpdPDpa2l66XIjJ/Tw6Xfpbel8+GYoaExMaGrMTS6xaGhSEEmdGltZXM7MVFVo7ql3qXWpcGlzaXDpcilt6XnpcOl1w==,pd6l1qXBkmmkraWtpeOl86XQpbmhobK8yfq12NHzssPK1ty/peml36XNqWClyL5kwum3q7K8pbOluaXXpezSwtewk9zLrrzTuaSl36W3pfPhmPTpyOuIQMjr0aelsKXDpbql1aWhpdal6qXDpa8xMKPjo+2kq6Tp2JyJ07TMpLek5aSmy83Bz59vwc9PUkdBTiC80s2l08OlraXrpciMn9PDpd+lt6Xz4ZihoTExoasxNLrFoaFIQSZ0aW1lczsxUVU=,pa2l66XIjJ/Tw6Xfpbel86GjT1JHQU4gvNLNpdPDpa2l66XIjJ/Tw6Xfpbel8+GYoaExMaGrMTS6xaGhSEEmdGltZXM7MVFV[rn]
25-29675,aHR0cDovL3RzaG9wLnIxMHMuanAvZS1tYWJ1Y2hpL2NhYmluZXQvZnVrdS95YXQtNDMxNC5qcGc/Zml0aW49NzAwOjcwMA==,ODgwLjAwMDA=,,yNXTw8a362rYmz/OxLe/vt8/ytbcvyA+IMrW3L8/pa+l6aXVpcg/yfq12CA+IKWipa+lu6W1peqpYKWvpeml1aXIssTBzyA+IKWipa+ltaXqqWCl0algpcQgPiCkvaTOy/s=,s9akwcrWob6l7KW2qWClqqXzpc+l86XJpeuhvw==,,PGNlbnRlcj48QlI+CjxJTUcgc3JjPSJodHRwOi8vaW1hZ2UucmFrdXRlbi5jby5qcC9lLW1hYnVjaGkvY2FiaW5ldC90ZW5zZW4tbC5qcGciIGJvcmRlcj0iMCI+PEZPTlQgc2l6ZT0iMiI+PEJSPgo8QlI+CjwvRk9OVD48Rk9OVCBzaXplPSIyIj6loqWvpeql66XGqWCl16TIus/GpKTOPEJSPgqlqqW3peOl7KTKs9akwcrWpMekuT88QlI+CjxCUj4KPEJSPgo8L0ZPTlQ+CjxUQUJMRSBib3JkZXI9IjAiPgogIDxUQk9EWT4KICAgIDxUUj4KICAgICAgPFREPjxJTUcgc3JjPSJodHRwOi8vaW1hZ2UucmFrdXRlbi5jby5qcC9lLW1hYnVjaGkvY2FiaW5ldC9taW5pLWl0by5qcGciIGJvcmRlcj0iMCI+oaE8U1BBTiBjbGFzcz0iaXRlbV9kZXNjIj48Rk9OVCBjb2xvcj0iIzAwMDAwMCIgc2l6ZT0iMiI+pbWlpKW6o7rpTKS1NDRjbaGhve0yY208L0ZPTlQ+PC9TUEFOPjxCUj4KICAgICAgPElNRyBzcmM9Imh0dHA6Ly9pbWFnZS5yYWt1dGVuLmNvLmpwL2UtbWFidWNoaS9jYWJpbmV0L21pbmktaXRvLmpwZyIgYm9yZGVyPSIwIj6hoTxTUEFOIGNsYXNzPSJpdGVtX2Rlc2MiPjxGT05UIHNpemU9IjIiPsvYssSjurrPxqQ/paKlr6XqpeuhoTKxvqOxpbulw6XIPC9GT05UPjwvU1BBTj48L1REPgogICAgPC9UUj4KICA8L1RCT0RZPgo8L1RBQkxFPgo8Rk9OVCBzaXplPSIyIj48QlI+CjwvRk9OVD48QlI+CjxJTUcgc3JjPSJodHRwOi8vaW1hZ2UucmFrdXRlbi5jby5qcC9lLW1hYnVjaGkvY2FiaW5ldC90ZW5zZW4tYy5qcGciIGJvcmRlcj0iMCI+oaE8Qj48Rk9OVCBzaXplPSIyIj7LzcHPpM/PwtObpPKktLLO1dXPwqS1pKShoTxJTUcgc3JjPSJodHRwOi8vaW1hZ2UucmFrdXRlbi5jby5qcC9lLW1hYnVjaGkvY2FiaW5ldC90ZW5zZW4tYy5qcGciIGJvcmRlcj0iMCI+PC9GT05UPjwvQj48QlI+CjxCUj4KPFRBQkxFIGJvcmRlcj0iMCIgd2lkdGg9IjI4MCIgaGVpZ2h0PSIxNTIiIHN0eWxlPSdmb250LXNpemUgOiBzbWFsbDtmb250LWZhbWlseSA6ICKjzaPTIKW0pbelw6WvIjt0ZXh0LWFsaWduIDogY2VudGVyO3JpZ2h0IDogaW5oZXJpdDsnPgogIDxUQk9EWT4KICAgIDxUUj4KICAgICAgPFREIGNvbHNwYW49IjMiIHdpZHRoPSIzMzQiPjxJTUcgc3JjPSJodHRwOi8vaW1hZ2UucmFrdXRlbi5jby5qcC9lLW1hYnVjaGkvY2FiaW5ldC9ocC9saW5lLXlva28tc3MuZ2lmIiBib3JkZXI9IjAiPjwvVEQ+CiAgICA8L1RSPgogICAgPFRSPgogICAgICA8VEQgYmdjb2xvcj0iI2ZmZWZkZiIgd2lkdGg9IjgwIj7F5MvNt723qDwvVEQ+CiAgICAgIDxURCBiZ2NvbG9yPSIjZmZlZmRmIiB3aWR0aD0iMTAwIj6ktNeizsSFZ867PC9URD4KICAgICAgPFREIGJnY29sb3I9IiNmZmVmZGYiIHdpZHRoPSIxMDAiPsvNwc88L1REPgogICAgPC9UUj4KICAgIDxUUj4KICAgICAgPFREIGNvbHNwYW49IjMiIHdpZHRoPSIzMzQiPjxJTUcgc3JjPSJodHRwOi8vaW1hZ2UucmFrdXRlbi5jby5qcC9lLW1hYnVjaGkvY2FiaW5ldC9ocC9saW5lLXlva28tc3MuZ2lmIiBib3JkZXI9IjAiPjwvVEQ+CiAgICA8L1RSPgogICAgPFRSPgogICAgICA8VEQgYmdjb2xvcj0iI2ZmZWZkZiIgd2lkdGg9IjgwIj6lzaWzpd2luTwvVEQ+CiAgICAgIDxURCB3aWR0aD0iMTAwIj7A+9PDv8k8L1REPgogICAgICA8VEQgd2lkdGg9IjEwMCI+Mjcwg9I8L1REPgogICAgPC9UUj4KICAgIDxUUj4KICAgICAgPFREIGNvbHNwYW49IjMiIHdpZHRoPSIzMzQiPjxJTUcgc3JjPSJodHRwOi8vaW1hZ2UucmFrdXRlbi5jby5qcC9lLW1hYnVjaGkvY2FiaW5ldC9ocC9saW5lLXlva28tc3MuZ2lmIiBib3JkZXI9IjAiPjwvVEQ+CiAgICA8L1RSPgogICAgPFRSPgogICAgICA8VEQgYmdjb2xvcj0iI2ZmZWZkZiIgd2lkdGg9IjgwIj62qNDOzeI8L1REPgogICAgICA8VEQgd2lkdGg9IjEwMCI+wPvTw7/JPC9URD4KICAgICAgPFREIHdpZHRoPSIxMDAiPjQwMIPSPC9URD4KICAgIDwvVFI+CiAgICA8VFI+CiAgICAgIDxURCBjb2xzcGFuPSIzIiB3aWR0aD0iMzM0Ij48SU1HIHNyYz0iaHR0cDovL2ltYWdlLnJha3V0ZW4uY28uanAvZS1tYWJ1Y2hpL2NhYmluZXQvaHAvbGluZS15b2tvLXNzLmdpZiIgYm9yZGVyPSIwIj48L1REPgogICAgPC9UUj4KICAgIDxUUj4KICAgICAgPFREIGJnY29sb3I9IiNmZmVmZGYiIGhlaWdodD0iMTciIHdpZHRoPSI4MCI+1azF5LHjPC9URD4KICAgICAgPFREIGhlaWdodD0iMTciIHdpZHRoPSIxMDAiPsD708O/yTwvVEQ+CiAgICAgIDxURCBoZWlnaHQ9IjE3IiB3aWR0aD0iMTAwIj41NDCD0qSrNDMyg9I8L1REPgogICAgPC9UUj4KICAgIDxUUj4KICAgICAgPFREIGNvbHNwYW49IjMiIGhlaWdodD0iMTkiIHdpZHRoPSIzMzQiPjxJTUcgc3JjPSJodHRwOi8vaW1hZ2UucmFrdXRlbi5jby5qcC9lLW1hYnVjaGkvY2FiaW5ldC9ocC9saW5lLXlva28tc3MuZ2lmIiBib3JkZXI9IjAiPjwvVEQ+CiAgICA8L1RSPgogIDwvVEJPRFk+CjwvVEFCTEU+CjxCUj4KPFRBQkxFIGJvcmRlcj0iMCI+CiAgPFRCT0RZPgogICAgPFRSPgogICAgICA8VEQ+PEZPTlQgc2l6ZT0iMiI+ofnVrMXkseM0MzKD0qTPlnyxsTaxaKTOpN+kx6GisbG6o7XAPzxCUj4KICAgICAgoaGbX79JP+t4jXWk8rP9pK/L+7FopKw1NDCD0qTIpMqk6qTepLmhozxCUj4KICAgICAgPEJSPgogICAgICCh+cnP05vBz73wpM/NrMnMxrekzoj2us+kx6S5oaM8QlI+CiAgICAgIKGhy/vJzMa3pMikzs2sl3mkz8vNwc+krInkpO+k64j2us+krDxCUj4KICAgICAgoaGktKS2pKSk3qS5pM6kx6S0wcuz0M/CpLWkpKGjPEJSPgogICAgICA8QlI+CiAgICAgIKH5t9aksaTGpLTXos7E7ZSkpKTGpOKwa8vNpM+kqqOxyMuYlDGXeTxCUj4KICAgICAgoaGw/KTOsGvLzaTHpLmho4Rly82kz4ydj+qkt6TGpKqk6qTepLuk86GjPC9GT05UPjwvVEQ+CiAgICA8L1RSPgogIDwvVEJPRFk+CjwvVEFCTEU+CjxCUj4KPEJSPgo8SU1HIHNyYz0iaHR0cDovL2ltYWdlLnJha3V0ZW4uY28uanAvZS1tYWJ1Y2hpL2NhYmluZXQvdGVuc2VuLXIuanBnIiBib3JkZXI9IjAiPjxCUj4KPC9DRU5URVI+PEI+PEZPTlQgY29sb3I9cmVkIHNpemU9Mj48SU1HIHNyYz0iaHR0cDovL2ltYWdlLnJha3V0ZW4uY28uanAvZS1tYWJ1Y2hpL2NhYmluZXQvaHAvYXN1LmdpZiIgYm9yZGVyPSIwIj4gPC9GT05UPjwvQj48Rk9OVCBzaXplPTI+jGe16sVupMjU2o7subLT0KTOnumhoqXNpcOlyKW3peelw6XXpMfYnInTpLekxqSkpMak4oxnterFbqTHidOk7KTGpLek3qTDpL+I9rrPoaI8QlI+CqGhINicidPW0KTHpOLJ6qS31FWktKS2pKSk3qS7pPOkrKGipLTXos7EpM6lv6Wkpd+l86WwpMuk6KTqxrfH0KTspM6I9rrPpKyktKS2pKSk3qS5oaM8QlI+CqGhpL2kzutIpM+hoqXhqWCl67XIpMektN9CvWqktaS7pMbtlKStpN6kuaTOpMektMHLs9DPwqS1pKShozxCUj4KoaHT1qGi1NqO7MfQpOykx9TajuykrKSipOu31qTyz8iky6Sqy82k6qS5pOuI9rrPpM+hosvNwc+krDK72LfWpKukq6TqpN6kuaTOpMehojxCUj4KoaHJ6qS31FWktKS2pKSk3qS7pPOkrDxCPjK72LfWpM7LzcHPpM+kqr/NmJTYk7WjPC9CPqTHpKruiqSk1sKkt6TepLmhozxCUj4KoaGEZcvNpLTPo837pM6I9rrPpM+hoqS0wcuz0KTOyc+ktNPDw/zPwqS1pKShozwvRk9OVD48Qj48Rk9OVCBzaXplPTI+PEJSPgo8QlI+CjxGT05UIGNvbG9yPXJlZCBzaXplPTI+PElNRyBzcmM9Imh0dHA6Ly9pbWFnZS5yYWt1dGVuLmNvLmpwL2UtbWFidWNoaS9jYWJpbmV0L2hwL2FzdS5naWYiIGJvcmRlcj0iMCI+IDwvRk9OVD48L0ZPTlQ+PC9CPjxGT05UIHNpemU9Mj6ktNNF7ZSkr61ovrOky6TopOqlq6XpqWCkrN9gpMOkxtKKpKik64j2us+krKS0pLakpKTepLmkzqTHoaKktMHLs9DPwqS1pKShozxCUj4KPEJSPgo8Rk9OVCBjb2xvcj0icmVkIiBzaXplPSIyIj48SU1HIHNyYz0iaHR0cDovL2ltYWdlLnJha3V0ZW4uY28uanAvZS1tYWJ1Y2hpL2NhYmluZXQvaHAvYXN1LmdpZiIgYm9yZGVyPSIwIj4gPC9GT05UPrHt05ukt6TGpKqk6qTepLnJ+rXYve2kz6GiysvJz6SspOqky6TopMOkxrbgydnHsOHhpLmk64j2us+krKS0pLakpKTepLmhozxCUj4KoaHT1qGizaykuMn6tdikx6TiyL6k4aTruKqkrN9gpKakyMmrpMvOosPupMrfYKSkpKyz9qTepLmho9e3vNOktNeizsS1yKTHzaykuMn6tdik8jxCUj4KoaGktNeizsTtlKSkpL+I9rrPpMek4si+pOGk67iqpKzfYKTDpL/J+rXYpM+hosj0uMmlq6XpqWCkrInkpO+k68rCpKyktKS2pKSk3qS5pM6kx6GiPEJSPgqhoaS0wcuz0KTOyc+hoqS016LOxKTypKruiqSk1sKkt6TepLmhozxCUj4KPEJSPgo8L0ZPTlQ+CjxGT05UIGNvbG9yPSJyZWQiIHNpemU9IjIiPjxJTUcgc3JjPSJodHRwOi8vaW1hZ2UucmFrdXRlbi5jby5qcC9lLW1hYnVjaGkvY2FiaW5ldC9ocC9hc3UuZ2lmIiBib3JkZXI9IjAiPiA8L0ZPTlQ+PEZPTlQgc2l6ZT0iMiI+xeTLzbe9t6ikx6XNpbOl3aW5pOS2qNDOzeLgXbHjpPKktNa4tqjtlKSkpMak4tKOtqjN4qTHpLTA+9PD7ZSksaTKpKSI9rrPpM+hojxCUj4KoaGx17XqpMewa8vNv8nE3KTKxeTLzbe9t6iky4nkuPzWwqS3pN6kuaGjPEJSPgqhobao0M7N4uBdseOkq9WsxeSx46TLieS4/KS3pMawa8vN1sKkt6TepLmkzqTHoaLT6KThpLTBy7PQpK+kwKS1pKShozxCUj4KPEJSPgo8Rk9OVCBjb2xvcj0icmVkIj48SU1HIHNyYz0iaHR0cDovL2ltYWdlLnJha3V0ZW4uY28uanAvZS1tYWJ1Y2hpL2NhYmluZXQvaHAvYXN1LmdpZiIgYm9yZGVyPSIwIj4gPC9GT05UPqXaqWCluKTLse3Tm6S1pOykxqSkpOvLzcHPpM+hoqSqv82YlKSsxeTLzbe9t6ik8t94kmuktaTspOvEv7CypM6e6aTOse3Tm6TIpMqk6qTepLmhozxCUj4KoaHF5MvNt723qKTP0o62qM3ipMektMD708PtlKSxpMqkpIj2us+kzqTfsde16qTHieS4/NbCpLek3qS5pKyhoqS9pOzS1M3ipM+hojxCUj4KoaE8Qj6ktNeizsSVcqTL33iSa+2UpKSkv8Xky823vbeopMekzrBry808L0I+pMikyqTqpN6kuaGjPC9GT05UPjxCUj4=,s9akwcrWob6l7KW2qWClqqXzpc+l86XJpeuhv6O6pd6l1qXBpc2lw6XIpbel56XDpdc=,pd6l1qXBkmmkraWtpeOl86XQpbmhobK8yfq12NHzssPK1ty/peml36XNqWClyL5kwum3q7K8pbOluaXXpezSwtewk9zLrrzTuaSl36W3pfPhmPTpyOuIQMjr0aelsKXDpbql1aWhpdal6qXDpa8xMKPjo+2kq6Tp2JyJ07TMpLek5aSmy83Bz59vwc+z1qTBytahvqXspbapYKWqpfOlz6Xzpcml66G/,s9akwcrWob6l7KW2qWClqqXzpc+l86XJpeuhvw==[rn]
25-29676,aHR0cDovL3RzaG9wLnIxMHMuanAvZS1tYWJ1Y2hpL2NhYmluZXQvZnVrdS8wNDEzMjIwNS95YWg2MC0xLmpwZz9maXRpbj03MDA6NzAw,NDgwLjAwMDA=,,yNXTw8a362rYmz/OxLe/vt8/ytbcvyA+IMrW3L8/pa+l6aXVpcg/yfq12CA+IKWipa+lu6W1peqpYKWvpeml1aXIssTBzyA+IKWipa+ltaXqqWCl0algpcQgPiCkvaTOy/s=,SU5BWlVNQSC6z8aks9akwcrWob42MKPjo+28mr/aytaktaSypbel56XrpcCpYKW/paSl16G/,,PGNlbnRlcj48QlI+CjxJTUcgc3JjPSJodHRwOi8vaW1hZ2UucmFrdXRlbi5jby5qcC9lLW1hYnVjaGkvY2FiaW5ldC90ZW5zZW4tbC5qcGciIGJvcmRlcj0iMCI+PEZPTlQgc2l6ZT0iMiI+PEJSPgo8QlI+CjwvRk9OVD48Rk9OVCBzaXplPSIyIj66z7PJxqS47zYwo+Oj7aTOvJq/2srWpLWksjxCUj4Kpbel56XrpcCpYKW/paSl16GjPEJSPgo8QlI+CrxzNjCj46PtpM7pTKS1pMqkzqTHPEJSPgqlyKlgpcil0KXDpbCk5KW3peel66XAqWCl0KXDpbCkyzxCUj4KpKqluaW5peGkx6S5o6GhozxCUj4KPEJSPgo8QlI+CjwvRk9OVD4KPFRBQkxFIGJvcmRlcj0iMCI+CiAgPFRCT0RZPgogICAgPFRSPgogICAgICA8VEQ+PElNRyBzcmM9Imh0dHA6Ly9pbWFnZS5yYWt1dGVuLmNvLmpwL2UtbWFidWNoaS9jYWJpbmV0L21pbmktaXRvLmpwZyIgYm9yZGVyPSIwIj6hoTxTUEFOIGNsYXNzPSJpdGVtX2Rlc2MiPjxGT05UIGNvbG9yPSIjMDAwMDAwIiBzaXplPSIyIj6ltaWkpbqjusir6Uy8czYwY208L0ZPTlQ+PC9TUEFOPjxCUj4KICAgICAgPElNRyBzcmM9Imh0dHA6Ly9pbWFnZS5yYWt1dGVuLmNvLmpwL2UtbWFidWNoaS9jYWJpbmV0L21pbmktaXRvLmpwZyIgYm9yZGVyPSIwIj6hoTxTUEFOIGNsYXNzPSJpdGVtX2Rlc2MiPjxGT05UIGNvbG9yPSIjMDAwMDAwIiBzaXplPSIyIj63+aO6vHMwLjhjbTxCUj4KICAgICAgPC9GT05UPjwvU1BBTj48U1BBTiBjbGFzcz0iaXRlbV9kZXNjIj48L1NQQU4+PElNRyBzcmM9Imh0dHA6Ly9pbWFnZS5yYWt1dGVuLmNvLmpwL2UtbWFidWNoaS9jYWJpbmV0L21pbmktaXRvLmpwZyIgYm9yZGVyPSIwIj6hoTxTUEFOIGNsYXNzPSJpdGVtX2Rlc2MiPjxGT05UIHNpemU9IjIiPsvYssSjurrPs8nGpLjvoaEysb7I6zxCUj4KICAgICAgPC9GT05UPjwvU1BBTj48L1REPgogICAgPC9UUj4KICA8L1RCT0RZPgo8L1RBQkxFPgo8Rk9OVCBzaXplPSIyIj48QlI+CjwvRk9OVD48QlI+CjxJTUcgc3JjPSJodHRwOi8vaW1hZ2UucmFrdXRlbi5jby5qcC9lLW1hYnVjaGkvY2FiaW5ldC90ZW5zZW4tYy5qcGciIGJvcmRlcj0iMCI+oaE8Qj48Rk9OVCBzaXplPSIyIj7LzcHPpM/PwtObpPKktLLO1dXPwqS1pKShoTxJTUcgc3JjPSJodHRwOi8vaW1hZ2UucmFrdXRlbi5jby5qcC9lLW1hYnVjaGkvY2FiaW5ldC90ZW5zZW4tYy5qcGciIGJvcmRlcj0iMCI+PC9GT05UPjwvQj48QlI+CjxCUj4KPFRBQkxFIGJvcmRlcj0iMCIgd2lkdGg9IjI4MCIgaGVpZ2h0PSIxNTIiIHN0eWxlPSdmb250LXNpemUgOiBzbWFsbDtmb250LWZhbWlseSA6ICKjzaPTIKW0pbelw6WvIjt0ZXh0LWFsaWduIDogY2VudGVyO3JpZ2h0IDogaW5oZXJpdDsnPgogIDxUQk9EWT4KICAgIDxUUj4KICAgICAgPFREIGNvbHNwYW49IjMiIHdpZHRoPSIzMzQiPjxJTUcgc3JjPSJodHRwOi8vaW1hZ2UucmFrdXRlbi5jby5qcC9lLW1hYnVjaGkvY2FiaW5ldC9ocC9saW5lLXlva28tc3MuZ2lmIiBib3JkZXI9IjAiPjwvVEQ+CiAgICA8L1RSPgogICAgPFRSPgogICAgICA8VEQgYmdjb2xvcj0iI2ZmZWZkZiIgd2lkdGg9IjgwIj7F5MvNt723qDwvVEQ+CiAgICAgIDxURCBiZ2NvbG9yPSIjZmZlZmRmIiB3aWR0aD0iMTAwIj6ktNeizsSFZ867PC9URD4KICAgICAgPFREIGJnY29sb3I9IiNmZmVmZGYiIHdpZHRoPSIxMDAiPsvNwc88L1REPgogICAgPC9UUj4KICAgIDxUUj4KICAgICAgPFREIGNvbHNwYW49IjMiIHdpZHRoPSIzMzQiPjxJTUcgc3JjPSJodHRwOi8vaW1hZ2UucmFrdXRlbi5jby5qcC9lLW1hYnVjaGkvY2FiaW5ldC9ocC9saW5lLXlva28tc3MuZ2lmIiBib3JkZXI9IjAiPjwvVEQ+CiAgICA8L1RSPgogICAgPFRSPgogICAgICA8VEQgYmdjb2xvcj0iI2ZmZWZkZiIgd2lkdGg9IjgwIj6lzaWzpd2luTwvVEQ+CiAgICAgIDxURCB3aWR0aD0iMTAwIj6hwTwvVEQ+CiAgICAgIDxURCB3aWR0aD0iMTAwIj4tPC9URD4KICAgIDwvVFI+CiAgICA8VFI+CiAgICAgIDxURCBjb2xzcGFuPSIzIiB3aWR0aD0iMzM0Ij48SU1HIHNyYz0iaHR0cDovL2ltYWdlLnJha3V0ZW4uY28uanAvZS1tYWJ1Y2hpL2NhYmluZXQvaHAvbGluZS15b2tvLXNzLmdpZiIgYm9yZGVyPSIwIj48L1REPgogICAgPC9UUj4KICAgIDxUUj4KICAgICAgPFREIGJnY29sb3I9IiNmZmVmZGYiIHdpZHRoPSI4MCI+tqjQzs3iPC9URD4KICAgICAgPFREIHdpZHRoPSIxMDAiPsD708O/yTwvVEQ+CiAgICAgIDxURCB3aWR0aD0iMTAwIj40MDCD0jwvVEQ+CiAgICA8L1RSPgogICAgPFRSPgogICAgICA8VEQgY29sc3Bhbj0iMyIgd2lkdGg9IjMzNCI+PElNRyBzcmM9Imh0dHA6Ly9pbWFnZS5yYWt1dGVuLmNvLmpwL2UtbWFidWNoaS9jYWJpbmV0L2hwL2xpbmUteW9rby1zcy5naWYiIGJvcmRlcj0iMCI+PC9URD4KICAgIDwvVFI+CiAgICA8VFI+CiAgICAgIDxURCBiZ2NvbG9yPSIjZmZlZmRmIiBoZWlnaHQ9IjE3IiB3aWR0aD0iODAiPtWsxeSx4zwvVEQ+CiAgICAgIDxURCBoZWlnaHQ9IjE3IiB3aWR0aD0iMTAwIj7A+9PDv8k8L1REPgogICAgICA8VEQgaGVpZ2h0PSIxNyIgd2lkdGg9IjEwMCI+NTQwg9KkqzQzMoPSPC9URD4KICAgIDwvVFI+CiAgICA8VFI+CiAgICAgIDxURCBjb2xzcGFuPSIzIiBoZWlnaHQ9IjE5IiB3aWR0aD0iMzM0Ij48SU1HIHNyYz0iaHR0cDovL2ltYWdlLnJha3V0ZW4uY28uanAvZS1tYWJ1Y2hpL2NhYmluZXQvaHAvbGluZS15b2tvLXNzLmdpZiIgYm9yZGVyPSIwIj48L1REPgogICAgPC9UUj4KICA8L1RCT0RZPgo8L1RBQkxFPgo8QlI+CjxUQUJMRSBib3JkZXI9IjAiPgogIDxUQk9EWT4KICAgIDxUUj4KICAgICAgPFREPjxGT05UIHNpemU9IjIiPqH5pc2ls6Xdpbmkz6S0wPvTw+2UpLGk3qS7pPOhozxCUj4KICAgICAgPEJSPgogICAgICCh+dWsxeSx4zQzMoPSpM+WfLGxNrFopM6k36THoaKxsbqjtcA/PEJSPgogICAgICChoZtfv0k/63iNdaTys/2kr8v7sWikrDU0MIPSpMikyqTqpN6kuaGjPEJSPgogICAgICA8QlI+CiAgICAgIKH5yc/Tm8HPvfCkz82syczGt6TOiPa6z6THpLmhozxCUj4KICAgICAgoaHL+8nMxrekyKTOzayXeaTPy83Bz6SsieSk76TriPa6z6SsPEJSPgogICAgICChoaS0pLakpKTepLmkzqTHpLTBy7PQz8KktaSkoaM8QlI+CiAgICAgIDxCUj4KICAgICAgofm31qSxpMaktNeizsTtlKSkpMak4rBry82kz6Sqo7HIy5iUMZd5PEJSPgogICAgICChobD8pM6wa8vNpMekuaGjhGXLzaTPjJ2P6qS3pMakqqTqpN6ku6TzoaM8L0ZPTlQ+PC9URD4KICAgIDwvVFI+CiAgPC9UQk9EWT4KPC9UQUJMRT4KPEJSPgo8QlI+CjxJTUcgc3JjPSJodHRwOi8vaW1hZ2UucmFrdXRlbi5jby5qcC9lLW1hYnVjaGkvY2FiaW5ldC90ZW5zZW4tYy5qcGciIGJvcmRlcj0iMCI+oaE8Qj48Rk9OVCBzaXplPSIyIj6kqqS5pLmk4aWipaSlxqXgoaE8SU1HIHNyYz0iaHR0cDovL2ltYWdlLnJha3V0ZW4uY28uanAvZS1tYWJ1Y2hpL2NhYmluZXQvdGVuc2VuLWMuanBnIiBib3JkZXI9IjAiPjwvRk9OVD48L0I+PEJSPgo8QlI+CjxJTUcgc3JjPSJodHRwOi8vaW1hZ2UucmFrdXRlbi5jby5qcC9lLW1hYnVjaGkvY2FiaW5ldC9taW5pLWl0by5qcGciIGJvcmRlcj0iMCI+oaE8Rk9OVCBzaXplPSIyIj6l7KW2qWDTw8rWv3CkpPTpPC9GT05UPjxCUj4KPEJSPgo8SU1HIHNyYz0iaHR0cDovL2ltYWdlLnJha3V0ZW4uY28uanAvZS1tYWJ1Y2hpL2NhYmluZXQvdGVuc2VuLXIuanBnIiBib3JkZXI9IjAiPjxCUj4KPC9DRU5URVI+PEI+PEZPTlQgY29sb3I9cmVkIHNpemU9Mj48SU1HIHNyYz0iaHR0cDovL2ltYWdlLnJha3V0ZW4uY28uanAvZS1tYWJ1Y2hpL2NhYmluZXQvaHAvYXN1LmdpZiIgYm9yZGVyPSIwIj4gPC9GT05UPjwvQj48Rk9OVCBzaXplPTI+jGe16sVupMjU2o7subLT0KTOnumhoqXNpcOlyKW3peelw6XXpMfYnInTpLekxqSkpMak4oxnterFbqTHidOk7KTGpLek3qTDpL+I9rrPoaI8QlI+CqGhINicidPW0KTHpOLJ6qS31FWktKS2pKSk3qS7pPOkrKGipLTXos7EpM6lv6Wkpd+l86WwpMuk6KTqxrfH0KTspM6I9rrPpKyktKS2pKSk3qS5oaM8QlI+CqGhpL2kzutIpM+hoqXhqWCl67XIpMektN9CvWqktaS7pMbtlKStpN6kuaTOpMektMHLs9DPwqS1pKShozxCUj4KoaHT1qGi1NqO7MfQpOykx9TajuykrKSipOu31qTyz8iky6Sqy82k6qS5pOuI9rrPpM+hosvNwc+krDK72LfWpKukq6TqpN6kuaTOpMehojxCUj4KoaHJ6qS31FWktKS2pKSk3qS7pPOkrDxCPjK72LfWpM7LzcHPpM+kqr/NmJTYk7WjPC9CPqTHpKruiqSk1sKkt6TepLmhozxCUj4KoaGEZcvNpLTPo837pM6I9rrPpM+hoqS0wcuz0KTOyc+ktNPDw/zPwqS1pKShozwvRk9OVD48Qj48Rk9OVCBzaXplPTI+PEJSPgo8QlI+CjxGT05UIGNvbG9yPXJlZCBzaXplPTI+PElNRyBzcmM9Imh0dHA6Ly9pbWFnZS5yYWt1dGVuLmNvLmpwL2UtbWFidWNoaS9jYWJpbmV0L2hwL2FzdS5naWYiIGJvcmRlcj0iMCI+IDwvRk9OVD48L0ZPTlQ+PC9CPjxGT05UIHNpemU9Mj6ktNNF7ZSkr61ovrOky6TopOqlq6XpqWCkrN9gpMOkxtKKpKik64j2us+krKS0pLakpKTepLmkzqTHoaKktMHLs9DPwqS1pKShozxCUj4KPEJSPgo8Rk9OVCBjb2xvcj0icmVkIiBzaXplPSIyIj48SU1HIHNyYz0iaHR0cDovL2ltYWdlLnJha3V0ZW4uY28uanAvZS1tYWJ1Y2hpL2NhYmluZXQvaHAvYXN1LmdpZiIgYm9yZGVyPSIwIj4gPC9GT05UPrHt05ukt6TGpKqk6qTepLnJ+rXYve2kz6GiysvJz6SspOqky6TopMOkxrbgydnHsOHhpLmk64j2us+krKS0pLakpKTepLmhozxCUj4KoaHT1qGizaykuMn6tdikx6TiyL6k4aTruKqkrN9gpKakyMmrpMvOosPupMrfYKSkpKyz9qTepLmho9e3vNOktNeizsS1yKTHzaykuMn6tdik8jxCUj4KoaGktNeizsTtlKSkpL+I9rrPpMek4si+pOGk67iqpKzfYKTDpL/J+rXYpM+hosj0uMmlq6XpqWCkrInkpO+k68rCpKyktKS2pKSk3qS5pM6kx6GiPEJSPgqhoaS0wcuz0KTOyc+hoqS016LOxKTypKruiqSk1sKkt6TepLmhozxCUj4KPEJSPgo8L0ZPTlQ+CjxGT05UIGNvbG9yPSJyZWQiIHNpemU9IjIiPjxJTUcgc3JjPSJodHRwOi8vaW1hZ2UucmFrdXRlbi5jby5qcC9lLW1hYnVjaGkvY2FiaW5ldC9ocC9hc3UuZ2lmIiBib3JkZXI9IjAiPiA8L0ZPTlQ+PEZPTlQgc2l6ZT0iMiI+xeTLzbe9t6ikx6XNpbOl3aW5pOS2qNDOzeLgXbHjpPKktNa4tqjtlKSkpMak4tKOtqjN4qTHpLTA+9PD7ZSksaTKpKSI9rrPpM+hojxCUj4KoaGx17XqpMewa8vNv8nE3KTKxeTLzbe9t6iky4nkuPzWwqS3pN6kuaGjPEJSPgqhobao0M7N4uBdseOkq9WsxeSx46TLieS4/KS3pMawa8vN1sKkt6TepLmkzqTHoaLT6KThpLTBy7PQpK+kwKS1pKShozxCUj4KPEJSPgo8Rk9OVCBjb2xvcj0icmVkIj48SU1HIHNyYz0iaHR0cDovL2ltYWdlLnJha3V0ZW4uY28uanAvZS1tYWJ1Y2hpL2NhYmluZXQvaHAvYXN1LmdpZiIgYm9yZGVyPSIwIj4gPC9GT05UPqXaqWCluKTLse3Tm6S1pOykxqSkpOvLzcHPpM+hoqSqv82YlKSsxeTLzbe9t6ik8t94kmuktaTspOvEv7CypM6e6aTOse3Tm6TIpMqk6qTepLmhozxCUj4KoaHF5MvNt723qKTP0o62qM3ipMektMD708PtlKSxpMqkpIj2us+kzqTfsde16qTHieS4/NbCpLek3qS5pKyhoqS9pOzS1M3ipM+hojxCUj4KoaE8Qj6ktNeizsSVcqTL33iSa+2UpKSkv8Xky823vbeopMekzrBry808L0I+pMikyqTqpN6kuaGjPC9GT05UPjxCUj4=,SU5BWlVNQSC6z8aks9akwcrWob42MKPjo+28mr/aytaktaSypbel56XrpcCpYKW/paSl16G/o7ql3qXWpcGlzaXDpcilt6XnpcOl1w==,pd6l1qXBkmmkraWtpeOl86XQpbmhobK8yfq12NHzssPK1ty/peml36XNqWClyL5kwum3q7K8pbOluaXXpezSwtewk9zLrrzTuaSl36W3pfPhmPTpyOuIQMjr0aelsKXDpbql1aWhpdal6qXDpa8xMKPjo+2kq6Tp2JyJ07TMpLek5aSmy83Bz59vwc9JTkFaVU1BILrPxqSz1qTBytahvjYwo+Oj7byav9rK1qS1pLKlt6XnpeulwKlgpb+lpKXXob8=,SU5BWlVNQSC6z8aks9akwcrWob42MKPjo+28mr/aytaktaSypbel56XrpcCpYKW/paSl16G/[rn]
25-29677,aHR0cDovL3RzaG9wLnIxMHMuanAvZS1tYWJ1Y2hpL2NhYmluZXQvZnVrdS9hLW5lZWRsZS9jLWZyYW5jZS1uZWVkbGUtMy05LmdpZj9maXRpbj03MDA6NzAw,MzYwLjAwMDA=,,yNXTw8a362rYmz/OxLe/vt8/ytbcvyA+IMrW3L8/pa+l6aXVpcg/yfq12CA+IKWipa+lu6W1peqpYKWvpeml1aXIssTBzyA+IKWipa+ltaXqqWCl0algpcQgPiCkvaTOy/s=,pa+l7aXQqWCl1aXppfOlubTMpLek5aSm4ZihoU5PLjOhqznIobrPpLs=,,PGNlbnRlcj48Qj5uZWVkbGU8L0I+PEJSPgo8QlI+CjxJTUcgc3JjPSJodHRwOi8vaW1hZ2UucmFrdXRlbi5jby5qcC9lLW1hYnVjaGkvY2FiaW5ldC90ZW5zZW4tbC5qcGciIGJvcmRlcj0iMCI+PEJSPgo8QlI+CjxGT05UIHNpemU9IjIiPkVtYnJvaWRlcnkzoas5PEJSPgo8QlI+CuGYz8ikrOSEpK+84qTDpMakpKTepLmkzqTHPEJSPgqyvLXYpMuluaXgqWCluqTLzaik6qTepLmhozxCUj4KPEJSPgo8QlI+CjxJTUcgc3JjPSJodHRwOi8vaW1hZ2UucmFrdXRlbi5jby5qcC9lLW1hYnVjaGkvY2FiaW5ldC90ZW5zZW4tYy5qcGciIGJvcmRlcj0iMCI+oaGhoTxCPqW7pcOlyMTayN08L0I+oaGhoTxJTUcgc3JjPSJodHRwOi8vaW1hZ2UucmFrdXRlbi5jby5qcC9lLW1hYnVjaGkvY2FiaW5ldC90ZW5zZW4tYy5qcGciIGJvcmRlcj0iMCI+PEJSPgo8QlI+CjxCUj4KPC9GT05UPqGhPEZPTlQgY29sb3I9IiMwMDAwMDAiIHNpemU9IjIiPgqkvaTspL6k7KTO4Ziky7rPpKb06aTPPEJSPgrX87utz/Ezt6zEv6TypLSyztXVz8KktaSkoaM8QlI+CjxCUj4KPEJSPgo8L0ZPTlQ+PElNRyBzcmM9Imh0dHA6Ly9pbWFnZS5yYWt1dGVuLmNvLmpwL2UtbWFidWNoaS9jYWJpbmV0L3RlbnNlbi1jLmpwZyIgYm9yZGVyPSIwIj6hoTxCPjxGT05UIHNpemU9IjIiPsvNwc+kz8/C05uk8qS0ss7V1c/CpLWkpKGhPElNRyBzcmM9Imh0dHA6Ly9pbWFnZS5yYWt1dGVuLmNvLmpwL2UtbWFidWNoaS9jYWJpbmV0L3RlbnNlbi1jLmpwZyIgYm9yZGVyPSIwIj48L0ZPTlQ+PC9CPjxCUj4KPEJSPgo8VEFCTEUgYm9yZGVyPSIwIiB3aWR0aD0iMjgwIiBoZWlnaHQ9IjE1MiIgc3R5bGU9J2ZvbnQtc2l6ZSA6IHNtYWxsO2ZvbnQtZmFtaWx5IDogIqPNo9MgpbSlt6XDpa8iO3RleHQtYWxpZ24gOiBjZW50ZXI7cmlnaHQgOiBpbmhlcml0Oyc+CiAgPFRCT0RZPgogICAgPFRSPgogICAgICA8VEQgY29sc3Bhbj0iMyIgd2lkdGg9IjMzNCI+PElNRyBzcmM9Imh0dHA6Ly9pbWFnZS5yYWt1dGVuLmNvLmpwL2UtbWFidWNoaS9jYWJpbmV0L2hwL2xpbmUteW9rby1zcy5naWYiIGJvcmRlcj0iMCI+PC9URD4KICAgIDwvVFI+CiAgICA8VFI+CiAgICAgIDxURCBiZ2NvbG9yPSIjZmZlZmRmIiB3aWR0aD0iODAiPsXky823vbeoPC9URD4KICAgICAgPFREIGJnY29sb3I9IiNmZmVmZGYiIHdpZHRoPSIxMDAiPqS016LOxIVnzrs8L1REPgogICAgICA8VEQgYmdjb2xvcj0iI2ZmZWZkZiIgd2lkdGg9IjEwMCI+y83BzzwvVEQ+CiAgICA8L1RSPgogICAgPFRSPgogICAgICA8VEQgY29sc3Bhbj0iMyIgd2lkdGg9IjMzNCI+PElNRyBzcmM9Imh0dHA6Ly9pbWFnZS5yYWt1dGVuLmNvLmpwL2UtbWFidWNoaS9jYWJpbmV0L2hwL2xpbmUteW9rby1zcy5naWYiIGJvcmRlcj0iMCI+PC9URD4KICAgIDwvVFI+CiAgICA8VFI+CiAgICAgIDxURCBiZ2NvbG9yPSIjZmZlZmRmIiB3aWR0aD0iODAiPqXNpbOl3aW5PC9URD4KICAgICAgPFREIHdpZHRoPSIxMDAiPsD708O/yTwvVEQ+CiAgICAgIDxURCB3aWR0aD0iMTAwIj4yNzCD0jwvVEQ+CiAgICA8L1RSPgogICAgPFRSPgogICAgICA8VEQgY29sc3Bhbj0iMyIgd2lkdGg9IjMzNCI+PElNRyBzcmM9Imh0dHA6Ly9pbWFnZS5yYWt1dGVuLmNvLmpwL2UtbWFidWNoaS9jYWJpbmV0L2hwL2xpbmUteW9rby1zcy5naWYiIGJvcmRlcj0iMCI+PC9URD4KICAgIDwvVFI+CiAgICA8VFI+CiAgICAgIDxURCBiZ2NvbG9yPSIjZmZlZmRmIiB3aWR0aD0iODAiPrao0M7N4jwvVEQ+CiAgICAgIDxURCB3aWR0aD0iMTAwIj7A+9PDv8k8L1REPgogICAgICA8VEQgd2lkdGg9IjEwMCI+NDAwg9I8L1REPgogICAgPC9UUj4KICAgIDxUUj4KICAgICAgPFREIGNvbHNwYW49IjMiIHdpZHRoPSIzMzQiPjxJTUcgc3JjPSJodHRwOi8vaW1hZ2UucmFrdXRlbi5jby5qcC9lLW1hYnVjaGkvY2FiaW5ldC9ocC9saW5lLXlva28tc3MuZ2lmIiBib3JkZXI9IjAiPjwvVEQ+CiAgICA8L1RSPgogICAgPFRSPgogICAgICA8VEQgYmdjb2xvcj0iI2ZmZWZkZiIgaGVpZ2h0PSIxNyIgd2lkdGg9IjgwIj7VrMXkseM8L1REPgogICAgICA8VEQgaGVpZ2h0PSIxNyIgd2lkdGg9IjEwMCI+wPvTw7/JPC9URD4KICAgICAgPFREIGhlaWdodD0iMTciIHdpZHRoPSIxMDAiPjU0MIPSpKs0MzKD0jwvVEQ+CiAgICA8L1RSPgogICAgPFRSPgogICAgICA8VEQgY29sc3Bhbj0iMyIgaGVpZ2h0PSIxOSIgd2lkdGg9IjMzNCI+PElNRyBzcmM9Imh0dHA6Ly9pbWFnZS5yYWt1dGVuLmNvLmpwL2UtbWFidWNoaS9jYWJpbmV0L2hwL2xpbmUteW9rby1zcy5naWYiIGJvcmRlcj0iMCI+PC9URD4KICAgIDwvVFI+CiAgPC9UQk9EWT4KPC9UQUJMRT4KPEJSPgo8VEFCTEUgYm9yZGVyPSIwIj4KICA8VEJPRFk+CiAgICA8VFI+CiAgICAgIDxURD48Rk9OVCBzaXplPSIyIj6h+dWsxeSx4zQzMoPSpM+WfLGxNrFopM6k36THoaKxsbqjtcA/PEJSPgogICAgICChoZtfv0k/63iNdaTys/2kr8v7sWikrDU0MIPSpMikyqTqpN6kuaGjPEJSPgogICAgICA8QlI+CiAgICAgIKH5yc/Tm8HPvfCkz82syczGt6TOiPa6z6THpLmhozxCUj4KICAgICAgoaHL+8nMxrekyKTOzayXeaTPy83Bz6SsieSk76TriPa6z6SsPEJSPgogICAgICChoaS0pLakpKTepLmkzqTHpLTBy7PQz8KktaSkoaM8QlI+CiAgICAgIDxCUj4KICAgICAgofm31qSxpMaktNeizsTtlKSkpMak4rBry82kz6Sqo7HIy5iUMZd5PEJSPgogICAgICChobD8pM6wa8vNpMekuaGjhGXLzaTPjJ2P6qS3pMakqqTqpN6ku6TzoaM8L0ZPTlQ+PC9URD4KICAgIDwvVFI+CiAgPC9UQk9EWT4KPC9UQUJMRT4KPEJSPgo8QlI+CjxGT05UIHNpemU9IjIiPjxJTUcgc3JjPSJodHRwOi8vaW1hZ2UucmFrdXRlbi5jby5qcC9lLW1hYnVjaGkvY2FiaW5ldC90ZW5zZW4tYy5qcGciIGJvcmRlcj0iMCI+oaGhoTxCPqSqpLmkuaThpaKlpKXGpeA8L0I+oaGhoTxJTUcgc3JjPSJodHRwOi8vaW1hZ2UucmFrdXRlbi5jby5qcC9lLW1hYnVjaGkvY2FiaW5ldC90ZW5zZW4tYy5qcGciIGJvcmRlcj0iMCI+PEJSPgo8QlI+CjwvRk9OVD4KPFRBQkxFPgogIDxUQk9EWT4KICAgIDxUUj4KICAgICAgPFREPjxGT05UIHNpemU9IjIiPjxJTUcgc3JjPSJodHRwOi8vaW1hZ2UucmFrdXRlbi5jby5qcC9lLW1hYnVjaGkvY2FiaW5ldC9taW5pLWl0by5qcGciIGJvcmRlcj0iMCI+oaHTw8a3P9PDvt88QlI+CiAgICAgIDxJTUcgc3JjPSJodHRwOi8vaW1hZ2UucmFrdXRlbi5jby5qcC9lLW1hYnVjaGkvY2FiaW5ldC9taW5pLWl0by5qcGciIGJvcmRlcj0iMCI+oaGlt6XqpbOl86W5pdel7KlgPC9GT05UPjwvVEQ+CiAgICA8L1RSPgogIDwvVEJPRFk+CjwvVEFCTEU+CjxCUj4KPEZPTlQgc2l6ZT0iMiI+PElNRyBzcmM9Imh0dHA6Ly9pbWFnZS5yYWt1dGVuLmNvLmpwL2UtbWFidWNoaS9jYWJpbmV0L3RlbnNlbi1yLmpwZyIgYm9yZGVyPSIwIj48QlI+CjwvRk9OVD48L0NFTlRFUj48Qj48Rk9OVCBjb2xvcj1yZWQgc2l6ZT0yPjxJTUcgc3JjPSJodHRwOi8vaW1hZ2UucmFrdXRlbi5jby5qcC9lLW1hYnVjaGkvY2FiaW5ldC9ocC9hc3UuZ2lmIiBib3JkZXI9IjAiPiA8L0ZPTlQ+PC9CPjxGT05UIHNpemU9Mj6MZ7XqxW6kyNTajuy5stPQpM6e6aGipc2lw6XIpbel56XDpdekx9icidOkt6TGpKSkxqTijGe16sVupMeJ06TspMakt6TepMOkv4j2us+hojxCUj4KoaEgCticidPW0KTHpOLJ6qS31FWktKS2pKSk3qS7pPOkrKGipLTXos7EpM6lv6Wkpd+l86WwpMuk6KTqxrfH0KTspM6I9rrPpKyktKS2pKSk3qS5oaM8QlI+CqGhpL2kzutIpM+hoqXhqWCl67XIpMektN9CvWqktaS7pMbtlKStpN6kuaTOpMektMHLs9DPwqS1pKShozxCUj4KoaHT1qGi1NqO7MfQpOykx9TajuykrKSipOu31qTyz8iky6Sqy82k6qS5pOuI9rrPpM+hosvNwc+krDK72LfWpKukq6TqpN6kuaTOpMehojxCUj4KoaHJ6qS31FWktKS2pKSk3qS7pPOkrDxCPjK72LfWpM7LzcHPpM+kqr/NmJTYk7WjPC9CPqTHpKruiqSk1sKkt6TepLmhozxCUj4KoaGEZcvNpLTPo837pM6I9rrPpM+hoqS0wcuz0KTOyc+ktNPDw/zPwqS1pKShozwvRk9OVD48Qj48Rk9OVCBzaXplPTI+PEJSPgo8QlI+CjwvRk9OVD48Rk9OVCBzaXplPSIyIiBjb2xvcj0iI2ZmMDAwMCI+PElNRyBzcmM9Imh0dHA6Ly9pbWFnZS5yYWt1dGVuLmNvLmpwL2UtbWFidWNoaS9jYWJpbmV0L2hwL2FzdS5naWYiIGJvcmRlcj0iMCI+IDwvRk9OVD48L0I+PEZPTlQgc2l6ZT0yPqSqv82YlKTOpLTTRaTLpMqk661ovrOky6TopOqhoqWrpempYKSs32Ckw6TG0oqkqKTriPa6z6SspLSktqSkpN6kuaTOpMehoqS0wcuz0M/CpLWkpKGjPC9GT05UPjxCUj4KPEI+PEZPTlQgc2l6ZT0yPjxCUj4KPC9GT05UPjwvQj48Rk9OVCBjb2xvcj0icmVkIiBzaXplPSIyIj48SU1HIHNyYz0iaHR0cDovL2ltYWdlLnJha3V0ZW4uY28uanAvZS1tYWJ1Y2hpL2NhYmluZXQvaHAvYXN1LmdpZiIgYm9yZGVyPSIwIj4gPC9GT05UPjxGT05UIHNpemU9IjIiPsXky823vbeopMelzaWzpd2luaTktqjQzs3i4F2x46TypLTWuLao7ZSkpKTGpOLSjraozeKkx6S0wPvTw+2UpLGkyqSkiPa6z6TPoaI8QlI+CqGhsde16qTHsGvLzb/JxNykysXky823vbeopMuJ5Lj81sKkt6TepLmhozxCUj4KoaG2qNDOzeLgXbHjpKvVrMXkseOky4nkuPykt6TGsGvLzdbCpLek3qS5pM6kx6Gi0+ik4aS0wcuz0KSvpMCktaSkoaM8QlI+CqGhPEJSPgo8SU1HIHNyYz0iaHR0cDovL2ltYWdlLnJha3V0ZW4uY28uanAvZS1tYWJ1Y2hpL2NhYmluZXQvaHAvYXN1LmdpZiIgYm9yZGVyPSIwIj4gpdqpYKW4pMux7dObpLWk7KTGpKSk68vNwc+kz6GipKq/zZiUpKzF5MvNt723qKTy33iSa6S1pOyk68S/sLKkzp7ppM6x7dObpMikyqTqpN6kuaGjPEJSPgqhocXky823vbeopM/SjraozeKkx6S0wPvTw+2UpLGkyqSkiPa6z6TOpN+x17XqpMeJ5Lj81sKkt6TepLmkrKGipL2k7NLUzeKkz6GiPEJSPgqhoTxCPqS016LOxJVypMvfeJJr7ZSkpKS/xeTLzbe9t6ikx6TOsGvLzTwvQj6kyKTKpOqk3qS5oaM8L0ZPTlQ+PEJSPg==,pa+l7aXQqWCl1aXppfOlubTMpLek5aSm4ZihoU5PLjOhqznIobrPpLujuqXepdalwaXNpcOlyKW3peelw6XX,pd6l1qXBkmmkraWtpeOl86XQpbmhobK8yfq12NHzssPK1ty/peml36XNqWClyL5kwum3q7K8pbOluaXXpezSwtewk9zLrrzTuaSl36W3pfPhmPTpyOuIQMjr0aelsKXDpbql1aWhpdal6qXDpa8xMKPjo+2kq6Tp2JyJ07TMpLek5aSmy83Bz59vwc+lr6XtpdCpYKXVpeml86W5tMykt6TlpKbhmKGhTk8uM6GrOcihus+kuw==,pa+l7aXQqWCl1aXppfOlubTMpLek5aSm4ZihoU5PLjOhqznIobrPpLs=[rn]
25-29678,aHR0cDovL3RzaG9wLnIxMHMuanAvZS1tYWJ1Y2hpL2NhYmluZXQvZnVrdS9hLW5lZWRsZS9jbG92ZXItbWFraW5nLXBpbi5qcGc/Zml0aW49NzAwOjcwMA==,MzIwLjAwMDA=,,yNXTw8a362rYmz/OxLe/vt8/ytbcvyA+IMrW3L8/pa+l6aXVpcg/yfq12CA+IKWipa+lu6W1peqpYKWvpeml1aXIssTBzyA+IKWipa+ltaXqqWCl0algpcQgPiCkvaTOy/s=,Q2xvdmVyoaGlx6Wjpbmlr7T94Zg=,pLWk06TLpK+kpKOh,PGNlbnRlcj48Qj5tYWtpbmcgcGluPC9CPiA8QlI+CjxCUj4KPElNRyBzcmM9Imh0dHA6Ly9pbWFnZS5yYWt1dGVuLmNvLmpwL2UtbWFidWNoaS9jYWJpbmV0L3RlbnNlbi1sLmpwZyIgYm9yZGVyPSIwIj48QlI+CjxGT05UIHNpemU9IjIiPjxCUj4KxtXNqLXY08OkzrT94Zikx6S5oaM8QlI+CjxCUj4K7l6yv6TPoaKlrKXppbnT8aTLpdGpYKXrvNO5pKTypLekvzxCUj4Kpaul6aXVpeukyrT94Zikx6S5oaM8QlI+CjxCUj4K4Zikz6GipLWk06TLj4qkpKW5pcal86Xspbmk8jxCUj4KyrnTw6S3pMakpKTepLmhozxCUj4KPEJSPgqloqWkpe2l86TOn+Gkx+5esr+kzqXRqWCl6zxCUj4KvNO5pKOoiVTXsKOppKzI3KSxpN6kuaTOpMehojxCUj4K7l6yv6TL1rG906WipaSl7aXzpPKkoqTGpMqkpKTHz8KktaSkoaM8QlI+CjxCUj4KPEJSPgo8L0ZPTlQ+CjxUQUJMRSBib3JkZXI9IjAiPgogIDxUQk9EWT4KICAgIDxUUj4KICAgICAgPFREPjxGT05UIHNpemU9IjIiPjxJTUcgc3JjPSJodHRwOi8vaW1hZ2UucmFrdXRlbi5jby5qcC9lLW1hYnVjaGkvY2FiaW5ldC9taW5pLWl0by5qcGciIGJvcmRlcj0iMCI+oaHMq6S1o7owLjU1o+2j7aGh6UyktaO6MzSj7aPtPEJSPgogICAgICChoaGhoaEoNDCxvsjrpOopPEJSPgogICAgICA8SU1HIHNyYz0iaHR0cDovL2ltYWdlLnJha3V0ZW4uY28uanAvZS1tYWJ1Y2hpL2NhYmluZXQvbWluaS1pdG8uanBnIiBib3JkZXI9IjAiPqGhssTZfKO64ZihoaW5pcal86Xspbk8QlI+CiAgICAgIKGhoaGhoaGhoaGhoe5esr+hoaWspemluTwvRk9OVD48L1REPgogICAgPC9UUj4KICA8L1RCT0RZPgo8L1RBQkxFPgo8QlI+CjxCUj4KPElNRyBzcmM9Imh0dHA6Ly9pbWFnZS5yYWt1dGVuLmNvLmpwL2UtbWFidWNoaS9jYWJpbmV0L3RlbnNlbi1jLmpwZyIgYm9yZGVyPSIwIj6hoTxCPjxGT05UIHNpemU9IjIiPsvNwc+kz8/C05uk8qS0ss7V1c/CpLWkpKGhPElNRyBzcmM9Imh0dHA6Ly9pbWFnZS5yYWt1dGVuLmNvLmpwL2UtbWFidWNoaS9jYWJpbmV0L3RlbnNlbi1jLmpwZyIgYm9yZGVyPSIwIj48L0ZPTlQ+PC9CPjxCUj4KPEJSPgo8VEFCTEUgYm9yZGVyPSIwIiB3aWR0aD0iMjgwIiBoZWlnaHQ9IjE1MiI+CiAgPFRCT0RZPgogICAgPFRSPgogICAgICA8VEQgY29sc3Bhbj0iMyIgYWxpZ249ImNlbnRlciIgd2lkdGg9IjMzNCI+PEZPTlQgc2l6ZT0iMiI+PElNRyBzcmM9Imh0dHA6Ly9pbWFnZS5yYWt1dGVuLmNvLmpwL2UtbWFidWNoaS9jYWJpbmV0L2hwL2xpbmUteW9rby1zcy5naWYiIGJvcmRlcj0iMCI+PC9GT05UPjwvVEQ+CiAgICA8L1RSPgogICAgPFRSPgogICAgICA8VEQgYWxpZ249ImNlbnRlciIgYmdjb2xvcj0iI2ZmZWZkZiIgd2lkdGg9IjgwIj48Rk9OVCBzaXplPSIyIj7F5MvNt723qDwvRk9OVD48L1REPgogICAgICA8VEQgYWxpZ249ImNlbnRlciIgYmdjb2xvcj0iI2ZmZWZkZiIgd2lkdGg9IjEwMCI+PEZPTlQgc2l6ZT0iMiI+pLTXos7EhWfOuzwvRk9OVD48L1REPgogICAgICA8VEQgYWxpZ249ImNlbnRlciIgYmdjb2xvcj0iI2ZmZWZkZiIgd2lkdGg9IjEwMCI+PEZPTlQgc2l6ZT0iMiI+y83BzzwvRk9OVD48L1REPgogICAgPC9UUj4KICAgIDxUUj4KICAgICAgPFREIGNvbHNwYW49IjMiIGFsaWduPSJjZW50ZXIiIHdpZHRoPSIzMzQiPjxGT05UIHNpemU9IjIiPjxJTUcgc3JjPSJodHRwOi8vaW1hZ2UucmFrdXRlbi5jby5qcC9lLW1hYnVjaGkvY2FiaW5ldC9ocC9saW5lLXlva28tc3MuZ2lmIiBib3JkZXI9IjAiPjwvRk9OVD48L1REPgogICAgPC9UUj4KICAgIDxUUj4KICAgICAgPFREIGFsaWduPSJjZW50ZXIiIGJnY29sb3I9IiNmZmVmZGYiIHdpZHRoPSI4MCI+PEZPTlQgc2l6ZT0iMiI+pc2ls6Xdpbk8L0ZPTlQ+PC9URD4KICAgICAgPFREIGFsaWduPSJjZW50ZXIiIHdpZHRoPSIxMDAiPjxGT05UIHNpemU9IjIiPsD708O/yTwvRk9OVD48L1REPgogICAgICA8VEQgYWxpZ249ImNlbnRlciIgd2lkdGg9IjEwMCI+PEZPTlQgc2l6ZT0iMiI+Mjcwg9I8L0ZPTlQ+PC9URD4KICAgIDwvVFI+CiAgICA8VFI+CiAgICAgIDxURCBjb2xzcGFuPSIzIiBhbGlnbj0iY2VudGVyIiB3aWR0aD0iMzM0Ij48Rk9OVCBzaXplPSIyIj48SU1HIHNyYz0iaHR0cDovL2ltYWdlLnJha3V0ZW4uY28uanAvZS1tYWJ1Y2hpL2NhYmluZXQvaHAvbGluZS15b2tvLXNzLmdpZiIgYm9yZGVyPSIwIj48L0ZPTlQ+PC9URD4KICAgIDwvVFI+CiAgICA8VFI+CiAgICAgIDxURCBhbGlnbj0iY2VudGVyIiBiZ2NvbG9yPSIjZmZlZmRmIiB3aWR0aD0iODAiPjxGT05UIHNpemU9IjIiPrao0M7N4jwvRk9OVD48L1REPgogICAgICA8VEQgYWxpZ249ImNlbnRlciIgd2lkdGg9IjEwMCI+PEZPTlQgc2l6ZT0iMiI+wPvTw7/JPC9GT05UPjwvVEQ+CiAgICAgIDxURCBhbGlnbj0iY2VudGVyIiB3aWR0aD0iMTAwIj48Rk9OVCBzaXplPSIyIj40MDCD0jwvRk9OVD48L1REPgogICAgPC9UUj4KICAgIDxUUj4KICAgICAgPFREIGNvbHNwYW49IjMiIGFsaWduPSJjZW50ZXIiIHdpZHRoPSIzMzQiPjxGT05UIHNpemU9IjIiPjxJTUcgc3JjPSJodHRwOi8vaW1hZ2UucmFrdXRlbi5jby5qcC9lLW1hYnVjaGkvY2FiaW5ldC9ocC9saW5lLXlva28tc3MuZ2lmIiBib3JkZXI9IjAiPjwvRk9OVD48L1REPgogICAgPC9UUj4KICAgIDxUUj4KICAgICAgPFREIGFsaWduPSJjZW50ZXIiIGJnY29sb3I9IiNmZmVmZGYiIGhlaWdodD0iMTciIHdpZHRoPSI4MCI+PEZPTlQgc2l6ZT0iMiI+1azF5LHjPC9GT05UPjwvVEQ+CiAgICAgIDxURCBhbGlnbj0iY2VudGVyIiBoZWlnaHQ9IjE3IiB3aWR0aD0iMTAwIj48Rk9OVCBzaXplPSIyIj7A+9PDv8k8L0ZPTlQ+PC9URD4KICAgICAgPFREIGFsaWduPSJjZW50ZXIiIGhlaWdodD0iMTciIHdpZHRoPSIxMDAiPjxGT05UIHNpemU9IjIiPjU0MIPSpKs0MzKD0jwvRk9OVD48L1REPgogICAgPC9UUj4KICAgIDxUUj4KICAgICAgPFREIGNvbHNwYW49IjMiIGFsaWduPSJjZW50ZXIiIGhlaWdodD0iMTkiIHdpZHRoPSIzMzQiPjxGT05UIHNpemU9IjIiPjxJTUcgc3JjPSJodHRwOi8vaW1hZ2UucmFrdXRlbi5jby5qcC9lLW1hYnVjaGkvY2FiaW5ldC9ocC9saW5lLXlva28tc3MuZ2lmIiBib3JkZXI9IjAiPjwvRk9OVD48L1REPgogICAgPC9UUj4KICA8L1RCT0RZPgo8L1RBQkxFPgo8QlI+CjxUQUJMRSBib3JkZXI9IjAiPgogIDxUQk9EWT4KICAgIDxUUj4KICAgICAgPFREPjxGT05UIHNpemU9IjIiPqH51azF5LHjNDMyg9Kkz5Z8sbE2sWikzqTfpMehorGxuqO1wD88QlI+CiAgICAgIKGhm1+/ST/reI11pPKz/aSvy/uxaKSsNTQwg9KkyKTKpOqk3qS5oaM8QlI+CiAgICAgIDxCUj4KICAgICAgofm31qSxpMaktNeizsTtlKSkpMak4rBry82kz6Sqo7HIy5iUMZd5sPw8QlI+CiAgICAgIKGhpM6wa8vNpMekuaGjoaGEZcvNpM+MnY/qpLekxqSqpOqk3qS7pPOhozwvRk9OVD48L1REPgogICAgPC9UUj4KICA8L1RCT0RZPgo8L1RBQkxFPgo8QlI+CjxCUj4KPEZPTlQgc2l6ZT0iMiI+PElNRyBzcmM9Imh0dHA6Ly9pbWFnZS5yYWt1dGVuLmNvLmpwL2UtbWFidWNoaS9jYWJpbmV0L3RlbnNlbi1jLmpwZyIgYm9yZGVyPSIwIj6hoTxCPqSqpLmkuaThpaKlpKXGpeA8L0I+oaE8SU1HIHNyYz0iaHR0cDovL2ltYWdlLnJha3V0ZW4uY28uanAvZS1tYWJ1Y2hpL2NhYmluZXQvdGVuc2VuLWMuanBnIiBib3JkZXI9IjAiPjxCUj4KPEJSPgo8L0ZPTlQ+CjxUQUJMRT4KICA8VEJPRFk+CiAgICA8VFI+CiAgICAgIDxURD48Rk9OVCBzaXplPSIyIj48SU1HIHNyYz0iaHR0cDovL2ltYWdlLnJha3V0ZW4uY28uanAvZS1tYWJ1Y2hpL2NhYmluZXQvbWluaS1pdG8uanBnIiBib3JkZXI9IjAiPqGh08PGtz/Tw77fPEJSPgogICAgICA8SU1HIHNyYz0iaHR0cDovL2ltYWdlLnJha3V0ZW4uY28uanAvZS1tYWJ1Y2hpL2NhYmluZXQvbWluaS1pdG8uanBnIiBib3JkZXI9IjAiPqGhpbel6qWzpfOluaXXpeypYDxCUj4KICAgICAgPElNRyBzcmM9Imh0dHA6Ly9pbWFnZS5yYWt1dGVuLmNvLmpwL2UtbWFidWNoaS9jYWJpbmV0L21pbmktaXRvLmpwZyIgYm9yZGVyPSIwIj6hoaXfpbel8/TpPEJSPgogICAgICA8L0ZPTlQ+PC9URD4KICAgIDwvVFI+CiAgPC9UQk9EWT4KPC9UQUJMRT4KPEJSPgo8SU1HIHNyYz0iaHR0cDovL2ltYWdlLnJha3V0ZW4uY28uanAvZS1tYWJ1Y2hpL2NhYmluZXQvdGVuc2VuLXIuanBnIiBib3JkZXI9IjAiPjxGT05UIHNpemU9IjIiPjxCUj4KPC9GT05UPjwvQ0VOVEVSPjxCPjxGT05UIGNvbG9yPXJlZCBzaXplPTI+PElNRyBzcmM9Imh0dHA6Ly9pbWFnZS5yYWt1dGVuLmNvLmpwL2UtbWFidWNoaS9jYWJpbmV0L2hwL2FzdS5naWYiIGJvcmRlcj0iMCI+IDwvRk9OVD48L0I+PEZPTlQgc2l6ZT0yPoxnterFbqTI1NqO7Lmy09Ckzp7poaKlzaXDpcilt6XnpcOl16TH2JyJ06S3pMakpKTGpOKMZ7XqxW6kx4nTpOykxqS3pN6kw6S/iPa6z6GiPEJSPgqhoSAK2JyJ09bQpMek4snqpLfUVaS0pLakpKTepLuk86SsoaKktNeizsSkzqW/paSl36XzpbCky6TopOrGt8fQpOykzoj2us+krKS0pLakpKTepLmhozxCUj4KoaGkvaTO60ikz6GipeGpYKXrtcikx6S030K9aqS1pLukxu2UpK2k3qS5pM6kx6S0wcuz0M/CpLWkpKGjPEJSPgqhodPWoaLU2o7sx9Ck7KTH1NqO7KSspKKk67fWpPLPyKTLpKrLzaTqpLmk64j2us+kz6Giy83Bz6SsMrvYt9akq6SrpOqk3qS5pM6kx6GiPEJSPgqhocnqpLfUVaS0pLakpKTepLuk86SsPEI+MrvYt9akzsvNwc+kz6Sqv82YlNiTtaM8L0I+pMekqu6KpKTWwqS3pN6kuaGjPEJSPgqhoYRly82ktM+jzfukzoj2us+kz6GipLTBy7PQpM7Jz6S008PD/M/CpLWkpKGjPC9GT05UPjxCPjxGT05UIHNpemU9Mj48QlI+CjxCUj4KPC9GT05UPjxGT05UIHNpemU9IjIiIGNvbG9yPSIjZmYwMDAwIj48SU1HIHNyYz0iaHR0cDovL2ltYWdlLnJha3V0ZW4uY28uanAvZS1tYWJ1Y2hpL2NhYmluZXQvaHAvYXN1LmdpZiIgYm9yZGVyPSIwIj4gPC9GT05UPjwvQj48Rk9OVCBzaXplPTI+pKq/zZiUpM6ktNNFpMukyqTrrWi+s6TLpOik6qGipaul6algpKzfYKTDpMbSiqSopOuI9rrPpKyktKS2pKSk3qS5pM6kx6GipLTBy7PQz8KktaSkoaM8L0ZPTlQ+PEJSPgo8Qj48Rk9OVCBzaXplPTI+PEJSPgo8L0ZPTlQ+PC9CPjxGT05UIGNvbG9yPSJyZWQiIHNpemU9IjIiPjxJTUcgc3JjPSJodHRwOi8vaW1hZ2UucmFrdXRlbi5jby5qcC9lLW1hYnVjaGkvY2FiaW5ldC9ocC9hc3UuZ2lmIiBib3JkZXI9IjAiPiA8L0ZPTlQ+PEZPTlQgc2l6ZT0iMiI+xeTLzbe9t6ikx6XNpbOl3aW5pOS2qNDOzeLgXbHjpPKktNa4tqjtlKSkpMak4tKOtqjN4qTHpLTA+9PD7ZSksaTKpKSI9rrPpM+hojxCUj4KoaGx17XqpMewa8vNv8nE3KTKxeTLzbe9t6iky4nkuPzWwqS3pN6kuaGjPEJSPgqhobao0M7N4uBdseOkq9WsxeSx46TLieS4/KS3pMawa8vN1sKkt6TepLmkzqTHoaLT6KThpLTBy7PQpK+kwKS1pKShozxCUj4KoaE8QlI+CjxJTUcgc3JjPSJodHRwOi8vaW1hZ2UucmFrdXRlbi5jby5qcC9lLW1hYnVjaGkvY2FiaW5ldC9ocC9hc3UuZ2lmIiBib3JkZXI9IjAiPiCl2qlgpbiky7Ht05uktaTspMakpKTry83Bz6TPoaKkqr/NmJSkrMXky823vbeopPLfeJJrpLWk7KTrxL+wsqTOnumkzrHt05ukyKTKpOqk3qS5oaM8QlI+CqGhxeTLzbe9t6ikz9KOtqjN4qTHpLTA+9PD7ZSksaTKpKSI9rrPpM6k37HXteqkx4nkuPzWwqS3pN6kuaSsoaKkvaTs0tTN4qTPoaI8QlI+CqGhPEI+pLTXos7ElXKky994kmvtlKSkpL/F5MvNt723qKTHpM6wa8vNPC9CPqTIpMqk6qTepLmhozwvRk9OVD48QlI+,Q2xvdmVyoaGlx6Wjpbmlr7T94ZijuqXepdalwaXNpcOlyKW3peelw6XX,pd6l1qXBkmmkraWtpeOl86XQpbmhobK8yfq12NHzssPK1ty/peml36XNqWClyL5kwum3q7K8pbOluaXXpezSwtewk9zLrrzTuaSl36W3pfPhmPTpyOuIQMjr0aelsKXDpbql1aWhpdal6qXDpa8xMKPjo+2kq6Tp2JyJ07TMpLek5aSmy83Bz59vwc9DbG92ZXKhoaXHpaOluaWvtP3hmA==,pLWk06TLpK+kpKOhoaNDbG92ZXKhoaXHpaOluaWvtP3hmA==[rn]
25-29679,aHR0cDovL3RzaG9wLnIxMHMuanAvZS1tYWJ1Y2hpL2NhYmluZXQvZnVrdS9hLW5lZWRsZS9jbG92ZXItY2VsbC1tcC11c3UuanBnP2ZpdGluPTcwMDo3MDA=,MjgwLjAwMDA=,,yNXTw8a362rYmz/OxLe/vt8/ytbcvyA+IMrW3L8/pa+l6aXVpcg/yfq12CA+IKWipa+lu6W1peqpYKWvpeml1aXIssTBzyA+IKWipa+ltaXqqWCl0algpcQgPiCkvaTOy/s=,Q2xvdmVyoaGlu6XrtP3hmKG+saG12NPDob8=,,PGNlbnRlcj48Qj5tYWtpbmcgcGluPC9CPiA8QlI+CjxCUj4KPElNRyBzcmM9Imh0dHA6Ly9pbWFnZS5yYWt1dGVuLmNvLmpwL2UtbWFidWNoaS9jYWJpbmV0L3RlbnNlbi1sLmpwZyIgYm9yZGVyPSIwIj48QlI+CjxGT05UIHNpemU9IjIiPjxCUj4KsaG12NPDpM60/eGYpMekuaGjPEJSPgo8QlI+CsyrpLUwLjQ1o+2j7aTOmE+8mqW/paSl16TKpM6kx6GiPEJSPgqyvM2opOqkrKTopK+/jbyapMrJ+rXYpOKC+6ThpN6ku6TzoaM8QlI+CjxCUj4KvYE/pMGk6qThpPM/pbWlxqXzP9FZtdi1yKTOPEJSPgqxocrWpM7J+rXYpM6Bota5pOGky6SqpbmluaXhpMekuaGjPEJSPgo8QlI+CuGYpKy8mqSkpM6kx6GikmmkpKS/20WkrMS/waKkwaTLpK+kr6GiPEJSPgqkyqThpOmkq6TLzaik6qTepLmhozxCUj4KPEJSPgo8QlI+CjwvRk9OVD4KPFRBQkxFIGJvcmRlcj0iMCI+CiAgPFRCT0RZPgogICAgPFRSPgogICAgICA8VEQ+PEZPTlQgc2l6ZT0iMiI+PElNRyBzcmM9Imh0dHA6Ly9pbWFnZS5yYWt1dGVuLmNvLmpwL2UtbWFidWNoaS9jYWJpbmV0L21pbmktaXRvLmpwZyIgYm9yZGVyPSIwIj6hocyrpLWjujAuNDWj7aPtoaHpTKS1o7o1MKPto+08QlI+CiAgICAgIKGhoaGhoSgyMLG+yOuk6ik8QlI+CiAgICAgIDxJTUcgc3JjPSJodHRwOi8vaW1hZ2UucmFrdXRlbi5jby5qcC9lLW1hYnVjaGkvY2FiaW5ldC9taW5pLWl0by5qcGciIGJvcmRlcj0iMCI+oaGyxNl8o7rhmKGh5JOjqKXLpcOlsaXrpeGlw6Wto6k8QlI+CiAgICAgIKGhoaGhoaGhoaGhoe5esr+hoUFCU5jk1qw8L0ZPTlQ+PC9URD4KICAgIDwvVFI+CiAgPC9UQk9EWT4KPC9UQUJMRT4KPEJSPgo8Rk9OVCBzaXplPSIyIj48QlI+CjwvRk9OVD48SU1HIHNyYz0iaHR0cDovL2ltYWdlLnJha3V0ZW4uY28uanAvZS1tYWJ1Y2hpL2NhYmluZXQvdGVuc2VuLWMuanBnIiBib3JkZXI9IjAiPqGhPEI+PEZPTlQgc2l6ZT0iMiI+y83Bz6TPz8LTm6TypLSyztXVz8KktaSkoaE8SU1HIHNyYz0iaHR0cDovL2ltYWdlLnJha3V0ZW4uY28uanAvZS1tYWJ1Y2hpL2NhYmluZXQvdGVuc2VuLWMuanBnIiBib3JkZXI9IjAiPjwvRk9OVD48L0I+PEJSPgo8QlI+CjxUQUJMRSBib3JkZXI9IjAiIHdpZHRoPSIyODAiIGhlaWdodD0iMTUyIj4KICA8VEJPRFk+CiAgICA8VFI+CiAgICAgIDxURCBjb2xzcGFuPSIzIiBhbGlnbj0iY2VudGVyIiB3aWR0aD0iMzM0Ij48Rk9OVCBzaXplPSIyIj48SU1HIHNyYz0iaHR0cDovL2ltYWdlLnJha3V0ZW4uY28uanAvZS1tYWJ1Y2hpL2NhYmluZXQvaHAvbGluZS15b2tvLXNzLmdpZiIgYm9yZGVyPSIwIj48L0ZPTlQ+PC9URD4KICAgIDwvVFI+CiAgICA8VFI+CiAgICAgIDxURCBhbGlnbj0iY2VudGVyIiBiZ2NvbG9yPSIjZmZlZmRmIiB3aWR0aD0iODAiPjxGT05UIHNpemU9IjIiPsXky823vbeoPC9GT05UPjwvVEQ+CiAgICAgIDxURCBhbGlnbj0iY2VudGVyIiBiZ2NvbG9yPSIjZmZlZmRmIiB3aWR0aD0iMTAwIj48Rk9OVCBzaXplPSIyIj6ktNeizsSFZ867PC9GT05UPjwvVEQ+CiAgICAgIDxURCBhbGlnbj0iY2VudGVyIiBiZ2NvbG9yPSIjZmZlZmRmIiB3aWR0aD0iMTAwIj48Rk9OVCBzaXplPSIyIj7LzcHPPC9GT05UPjwvVEQ+CiAgICA8L1RSPgogICAgPFRSPgogICAgICA8VEQgY29sc3Bhbj0iMyIgYWxpZ249ImNlbnRlciIgd2lkdGg9IjMzNCI+PEZPTlQgc2l6ZT0iMiI+PElNRyBzcmM9Imh0dHA6Ly9pbWFnZS5yYWt1dGVuLmNvLmpwL2UtbWFidWNoaS9jYWJpbmV0L2hwL2xpbmUteW9rby1zcy5naWYiIGJvcmRlcj0iMCI+PC9GT05UPjwvVEQ+CiAgICA8L1RSPgogICAgPFRSPgogICAgICA8VEQgYWxpZ249ImNlbnRlciIgYmdjb2xvcj0iI2ZmZWZkZiIgd2lkdGg9IjgwIj48Rk9OVCBzaXplPSIyIj6lzaWzpd2luTwvRk9OVD48L1REPgogICAgICA8VEQgYWxpZ249ImNlbnRlciIgd2lkdGg9IjEwMCI+PEZPTlQgc2l6ZT0iMiI+PEZPTlQgc2l6ZT0iMiI+wPvTw7/JPC9GT05UPjwvRk9OVD48L1REPgogICAgICA8VEQgYWxpZ249ImNlbnRlciIgd2lkdGg9IjEwMCI+PEZPTlQgc2l6ZT0iMiI+PEZPTlQgc2l6ZT0iMiI+Mjcwg9I8L0ZPTlQ+PC9GT05UPjwvVEQ+CiAgICA8L1RSPgogICAgPFRSPgogICAgICA8VEQgY29sc3Bhbj0iMyIgYWxpZ249ImNlbnRlciIgd2lkdGg9IjMzNCI+PEZPTlQgc2l6ZT0iMiI+PElNRyBzcmM9Imh0dHA6Ly9pbWFnZS5yYWt1dGVuLmNvLmpwL2UtbWFidWNoaS9jYWJpbmV0L2hwL2xpbmUteW9rby1zcy5naWYiIGJvcmRlcj0iMCI+PC9GT05UPjwvVEQ+CiAgICA8L1RSPgogICAgPFRSPgogICAgICA8VEQgYWxpZ249ImNlbnRlciIgYmdjb2xvcj0iI2ZmZWZkZiIgd2lkdGg9IjgwIj48Rk9OVCBzaXplPSIyIj62qNDOzeI8L0ZPTlQ+PC9URD4KICAgICAgPFREIGFsaWduPSJjZW50ZXIiIHdpZHRoPSIxMDAiPjxGT05UIHNpemU9IjIiPsD708O/yTwvRk9OVD48L1REPgogICAgICA8VEQgYWxpZ249ImNlbnRlciIgd2lkdGg9IjEwMCI+PEZPTlQgc2l6ZT0iMiI+NDAwg9I8L0ZPTlQ+PC9URD4KICAgIDwvVFI+CiAgICA8VFI+CiAgICAgIDxURCBjb2xzcGFuPSIzIiBhbGlnbj0iY2VudGVyIiB3aWR0aD0iMzM0Ij48Rk9OVCBzaXplPSIyIj48SU1HIHNyYz0iaHR0cDovL2ltYWdlLnJha3V0ZW4uY28uanAvZS1tYWJ1Y2hpL2NhYmluZXQvaHAvbGluZS15b2tvLXNzLmdpZiIgYm9yZGVyPSIwIj48L0ZPTlQ+PC9URD4KICAgIDwvVFI+CiAgICA8VFI+CiAgICAgIDxURCBhbGlnbj0iY2VudGVyIiBiZ2NvbG9yPSIjZmZlZmRmIiBoZWlnaHQ9IjE3IiB3aWR0aD0iODAiPjxGT05UIHNpemU9IjIiPtWsxeSx4zwvRk9OVD48L1REPgogICAgICA8VEQgYWxpZ249ImNlbnRlciIgaGVpZ2h0PSIxNyIgd2lkdGg9IjEwMCI+PEZPTlQgc2l6ZT0iMiI+wPvTw7/JPC9GT05UPjwvVEQ+CiAgICAgIDxURCBhbGlnbj0iY2VudGVyIiBoZWlnaHQ9IjE3IiB3aWR0aD0iMTAwIj48Rk9OVCBzaXplPSIyIj41NDCD0qSrNDMyg9I8L0ZPTlQ+PC9URD4KICAgIDwvVFI+CiAgICA8VFI+CiAgICAgIDxURCBjb2xzcGFuPSIzIiBhbGlnbj0iY2VudGVyIiBoZWlnaHQ9IjE5IiB3aWR0aD0iMzM0Ij48Rk9OVCBzaXplPSIyIj48SU1HIHNyYz0iaHR0cDovL2ltYWdlLnJha3V0ZW4uY28uanAvZS1tYWJ1Y2hpL2NhYmluZXQvaHAvbGluZS15b2tvLXNzLmdpZiIgYm9yZGVyPSIwIj48L0ZPTlQ+PC9URD4KICAgIDwvVFI+CiAgPC9UQk9EWT4KPC9UQUJMRT4KPEZPTlQgc2l6ZT0iMiI+PEJSPgo8L0ZPTlQ+CjxUQUJMRSBib3JkZXI9IjAiPgogIDxUQk9EWT4KICAgIDxUUj4KICAgICAgPFREPjxGT05UIHNpemU9IjIiPqH51azF5LHjNDMyg9Kkz5Z8sbE2sWikzqTfpMehorGxuqO1wD88QlI+CiAgICAgIKGhm1+/ST/reI11pPKz/aSvy/uxaKSsNTQwg9KkyKTKpOqk3qS5oaM8QlI+CiAgICAgIDxCUj4KICAgICAgofm31qSxpMaktNeizsTtlKSkpMak4rBry82kz6Sqo7HIy5iUMZd5sPw8QlI+CiAgICAgIKGhpM6wa8vNpMekuaGjoaGEZcvNpM+MnY/qpLekxqSqpOqk3qS7pPOhozwvRk9OVD48L1REPgogICAgPC9UUj4KICA8L1RCT0RZPgo8L1RBQkxFPgo8QlI+CjxCUj4KPElNRyBzcmM9Imh0dHA6Ly9pbWFnZS5yYWt1dGVuLmNvLmpwL2UtbWFidWNoaS9jYWJpbmV0L3RlbnNlbi1jLmpwZyIgYm9yZGVyPSIwIj48Rk9OVCBzaXplPSIyIj6hoTxCPqSqpLmkuaThpaKlpKXGpeA8L0I+oaE8SU1HIHNyYz0iaHR0cDovL2ltYWdlLnJha3V0ZW4uY28uanAvZS1tYWJ1Y2hpL2NhYmluZXQvdGVuc2VuLWMuanBnIiBib3JkZXI9IjAiPjxCUj4KPEJSPgo8L0ZPTlQ+CjxUQUJMRT4KICA8VEJPRFk+CiAgICA8VFI+CiAgICAgIDxURD48Rk9OVCBzaXplPSIyIj48SU1HIHNyYz0iaHR0cDovL2ltYWdlLnJha3V0ZW4uY28uanAvZS1tYWJ1Y2hpL2NhYmluZXQvbWluaS1pdG8uanBnIiBib3JkZXI9IjAiPqGh08PGtz/Tw77fPEJSPgogICAgICA8SU1HIHNyYz0iaHR0cDovL2ltYWdlLnJha3V0ZW4uY28uanAvZS1tYWJ1Y2hpL2NhYmluZXQvbWluaS1pdG8uanBnIiBib3JkZXI9IjAiPqGhpbel6qWzpfOluaXXpeypYDxCUj4KICAgICAgPElNRyBzcmM9Imh0dHA6Ly9pbWFnZS5yYWt1dGVuLmNvLmpwL2UtbWFidWNoaS9jYWJpbmV0L21pbmktaXRvLmpwZyIgYm9yZGVyPSIwIj6hoaXfpbel8/TpPEJSPgogICAgICA8L0ZPTlQ+PC9URD4KICAgIDwvVFI+CiAgPC9UQk9EWT4KPC9UQUJMRT4KPEJSPgo8SU1HIHNyYz0iaHR0cDovL2ltYWdlLnJha3V0ZW4uY28uanAvZS1tYWJ1Y2hpL2NhYmluZXQvdGVuc2VuLXIuanBnIiBib3JkZXI9IjAiPjxGT05UIHNpemU9IjIiPjxCUj4KPC9GT05UPjwvQ0VOVEVSPjxCPjxGT05UIGNvbG9yPXJlZCBzaXplPTI+PElNRyBzcmM9Imh0dHA6Ly9pbWFnZS5yYWt1dGVuLmNvLmpwL2UtbWFidWNoaS9jYWJpbmV0L2hwL2FzdS5naWYiIGJvcmRlcj0iMCI+IDwvRk9OVD48L0I+PEZPTlQgc2l6ZT0yPoxnterFbqTI1NqO7Lmy09Ckzp7poaKlzaXDpcilt6XnpcOl16TH2JyJ06S3pMakpKTGpOKMZ7XqxW6kx4nTpOykxqS3pN6kw6S/iPa6z6GiPEJSPgqhoSAK2JyJ09bQpMek4snqpLfUVaS0pLakpKTepLuk86SsoaKktNeizsSkzqW/paSl36XzpbCky6TopOrGt8fQpOykzoj2us+krKS0pLakpKTepLmhozxCUj4KoaGkvaTO60ikz6GipeGpYKXrtcikx6S030K9aqS1pLukxu2UpK2k3qS5pM6kx6S0wcuz0M/CpLWkpKGjPEJSPgqhodPWoaLU2o7sx9Ck7KTH1NqO7KSspKKk67fWpPLPyKTLpKrLzaTqpLmk64j2us+kz6Giy83Bz6SsMrvYt9akq6SrpOqk3qS5pM6kx6GiPEJSPgqhocnqpLfUVaS0pLakpKTepLuk86SsPEI+MrvYt9akzsvNwc+kz6Sqv82YlNiTtaM8L0I+pMekqu6KpKTWwqS3pN6kuaGjPEJSPgqhoYRly82ktM+jzfukzoj2us+kz6GipLTBy7PQpM7Jz6S008PD/M/CpLWkpKGjPC9GT05UPjxCPjxGT05UIHNpemU9Mj48QlI+CjxCUj4KPC9GT05UPjxGT05UIHNpemU9IjIiIGNvbG9yPSIjZmYwMDAwIj48SU1HIHNyYz0iaHR0cDovL2ltYWdlLnJha3V0ZW4uY28uanAvZS1tYWJ1Y2hpL2NhYmluZXQvaHAvYXN1LmdpZiIgYm9yZGVyPSIwIj4gPC9GT05UPjwvQj48Rk9OVCBzaXplPTI+pKq/zZiUpM6ktNNFpMukyqTrrWi+s6TLpOik6qGipaul6algpKzfYKTDpMbSiqSopOuI9rrPpKyktKS2pKSk3qS5pM6kx6GipLTBy7PQz8KktaSkoaM8L0ZPTlQ+PEJSPgo8Qj48Rk9OVCBzaXplPTI+PEJSPgo8L0ZPTlQ+PC9CPjxGT05UIGNvbG9yPSJyZWQiIHNpemU9IjIiPjxJTUcgc3JjPSJodHRwOi8vaW1hZ2UucmFrdXRlbi5jby5qcC9lLW1hYnVjaGkvY2FiaW5ldC9ocC9hc3UuZ2lmIiBib3JkZXI9IjAiPiA8L0ZPTlQ+PEZPTlQgc2l6ZT0iMiI+xeTLzbe9t6ikx6XNpbOl3aW5pOS2qNDOzeLgXbHjpPKktNa4tqjtlKSkpMak4tKOtqjN4qTHpLTA+9PD7ZSksaTKpKSI9rrPpM+hojxCUj4KoaGx17XqpMewa8vNv8nE3KTKxeTLzbe9t6iky4nkuPzWwqS3pN6kuaGjPEJSPgqhobao0M7N4uBdseOkq9WsxeSx46TLieS4/KS3pMawa8vN1sKkt6TepLmkzqTHoaLT6KThpLTBy7PQpK+kwKS1pKShozxCUj4KoaE8QlI+CjxJTUcgc3JjPSJodHRwOi8vaW1hZ2UucmFrdXRlbi5jby5qcC9lLW1hYnVjaGkvY2FiaW5ldC9ocC9hc3UuZ2lmIiBib3JkZXI9IjAiPiCl2qlgpbiky7Ht05uktaTspMakpKTry83Bz6TPoaKkqr/NmJSkrMXky823vbeopPLfeJJrpLWk7KTrxL+wsqTOnumkzrHt05ukyKTKpOqk3qS5oaM8QlI+CqGhxeTLzbe9t6ikz9KOtqjN4qTHpLTA+9PD7ZSksaTKpKSI9rrPpM6k37HXteqkx4nkuPzWwqS3pN6kuaSsoaKkvaTs0tTN4qTPoaI8QlI+CqGhPEI+pLTXos7ElXKky994kmvtlKSkpL/F5MvNt723qKTHpM6wa8vNPC9CPqTIpMqk6qTepLmhozwvRk9OVD48QlI+,Q2xvdmVyoaGlu6XrtP3hmKG+saG12NPDob+juqXepdalwaXNpcOlyKW3peelw6XX,pd6l1qXBkmmkraWtpeOl86XQpbmhobK8yfq12NHzssPK1ty/peml36XNqWClyL5kwum3q7K8pbOluaXXpezSwtewk9zLrrzTuaSl36W3pfPhmPTpyOuIQMjr0aelsKXDpbql1aWhpdal6qXDpa8xMKPjo+2kq6Tp2JyJ07TMpLek5aSmy83Bz59vwc9DbG92ZXKhoaW7peu0/eGYob6xobXY08Ohvw==,Q2xvdmVyoaGlu6XrtP3hmKG+saG12NPDob8=[rn]
25-29680,aHR0cDovL3RzaG9wLnIxMHMuanAvZS1tYWJ1Y2hpL2NhYmluZXQvZnVrdS9hLW5lZWRsZS9jLXN3ZWRpc2gtbmVlZGxlLmdpZj9maXRpbj03MDA6NzAw,MzIwLjAwMDA=,,yNXTw8a362rYmz/OxLe/vt8/ytbcvyA+IMrW3L8/pa+l6aXVpcg/yfq12CA+IKWipa+lu6W1peqpYKWvpeml1aXIssTBzyA+IKWipa+ltaXqqWCl0algpcQgPiCkvaTOy/s=,pa+l7aXQqWCl1aXppfOlubTMpLek5aSm4ZihoU5PLjOhqznIobrPpLs=,,PGNlbnRlcj48Qj5uZWVkbGU8L0I+PEJSPgo8QlI+CjxJTUcgc3JjPSJodHRwOi8vaW1hZ2UucmFrdXRlbi5jby5qcC9lLW1hYnVjaGkvY2FiaW5ldC90ZW5zZW4tbC5qcGciIGJvcmRlcj0iMCI+PEJSPgo8QlI+CjxGT05UIHNpemU9IjIiPqW5paipYKXHpfO0zKS3pOWkpuGYpM48QlI+CulMP9bQP7bM4ZikzqW7pcOlyKTHpLmhozxCUj4KPEJSPgrhmM/IpKzJ2aS3x/qkrKTDpMakpKTepLmkzqTHPEJSPgqyvMS/pKykuaSvpKSk5KS5pK+hoqTPpOqkzoTTpK2krDxCUj4Kpbml4Klgpbqkx6S5oaM8QlI+CjxCUj4KPEJSPgo8SU1HIHNyYz0iaHR0cDovL2ltYWdlLnJha3V0ZW4uY28uanAvZS1tYWJ1Y2hpL2NhYmluZXQvdGVuc2VuLWMuanBnIiBib3JkZXI9IjAiPqGhoaE8Qj6lu6XDpcjE2sjdPC9CPqGhoaE8SU1HIHNyYz0iaHR0cDovL2ltYWdlLnJha3V0ZW4uY28uanAvZS1tYWJ1Y2hpL2NhYmluZXQvdGVuc2VuLWMuanBnIiBib3JkZXI9IjAiPjxCUj4KPEJSPgo8QlI+CjwvRk9OVD6hoTxGT05UIGNvbG9yPSIjMDAwMDAwIiBzaXplPSIyIj4gpL2k7KS+pOykzuGYpMu6z6Sm9OmkzzxCUj4K1/O7rc/xMresxL+k8qS0ss7V1c/CpLWkpKGjPEJSPgo8QlI+CjxCUj4KPC9GT05UPjxJTUcgc3JjPSJodHRwOi8vaW1hZ2UucmFrdXRlbi5jby5qcC9lLW1hYnVjaGkvY2FiaW5ldC90ZW5zZW4tYy5qcGciIGJvcmRlcj0iMCI+oaE8Qj48Rk9OVCBzaXplPSIyIj7LzcHPpM/PwtObpPKktLLO1dXPwqS1pKShoTxJTUcgc3JjPSJodHRwOi8vaW1hZ2UucmFrdXRlbi5jby5qcC9lLW1hYnVjaGkvY2FiaW5ldC90ZW5zZW4tYy5qcGciIGJvcmRlcj0iMCI+PC9GT05UPjwvQj48QlI+CjxCUj4KPFRBQkxFIGJvcmRlcj0iMCIgd2lkdGg9IjI4MCIgaGVpZ2h0PSIxNTIiIHN0eWxlPSdmb250LXNpemUgOiBzbWFsbDtmb250LWZhbWlseSA6ICKjzaPTIKW0pbelw6WvIjt0ZXh0LWFsaWduIDogY2VudGVyO3JpZ2h0IDogaW5oZXJpdDsnPgogIDxUQk9EWT4KICAgIDxUUj4KICAgICAgPFREIGNvbHNwYW49IjMiIHdpZHRoPSIzMzQiPjxJTUcgc3JjPSJodHRwOi8vaW1hZ2UucmFrdXRlbi5jby5qcC9lLW1hYnVjaGkvY2FiaW5ldC9ocC9saW5lLXlva28tc3MuZ2lmIiBib3JkZXI9IjAiPjwvVEQ+CiAgICA8L1RSPgogICAgPFRSPgogICAgICA8VEQgYmdjb2xvcj0iI2ZmZWZkZiIgd2lkdGg9IjgwIj7F5MvNt723qDwvVEQ+CiAgICAgIDxURCBiZ2NvbG9yPSIjZmZlZmRmIiB3aWR0aD0iMTAwIj6ktNeizsSFZ867PC9URD4KICAgICAgPFREIGJnY29sb3I9IiNmZmVmZGYiIHdpZHRoPSIxMDAiPsvNwc88L1REPgogICAgPC9UUj4KICAgIDxUUj4KICAgICAgPFREIGNvbHNwYW49IjMiIHdpZHRoPSIzMzQiPjxJTUcgc3JjPSJodHRwOi8vaW1hZ2UucmFrdXRlbi5jby5qcC9lLW1hYnVjaGkvY2FiaW5ldC9ocC9saW5lLXlva28tc3MuZ2lmIiBib3JkZXI9IjAiPjwvVEQ+CiAgICA8L1RSPgogICAgPFRSPgogICAgICA8VEQgYmdjb2xvcj0iI2ZmZWZkZiIgd2lkdGg9IjgwIj6lzaWzpd2luTwvVEQ+CiAgICAgIDxURCB3aWR0aD0iMTAwIj7A+9PDv8k8L1REPgogICAgICA8VEQgd2lkdGg9IjEwMCI+Mjcwg9I8L1REPgogICAgPC9UUj4KICAgIDxUUj4KICAgICAgPFREIGNvbHNwYW49IjMiIHdpZHRoPSIzMzQiPjxJTUcgc3JjPSJodHRwOi8vaW1hZ2UucmFrdXRlbi5jby5qcC9lLW1hYnVjaGkvY2FiaW5ldC9ocC9saW5lLXlva28tc3MuZ2lmIiBib3JkZXI9IjAiPjwvVEQ+CiAgICA8L1RSPgogICAgPFRSPgogICAgICA8VEQgYmdjb2xvcj0iI2ZmZWZkZiIgd2lkdGg9IjgwIj62qNDOzeI8L1REPgogICAgICA8VEQgd2lkdGg9IjEwMCI+wPvTw7/JPC9URD4KICAgICAgPFREIHdpZHRoPSIxMDAiPjQwMIPSPC9URD4KICAgIDwvVFI+CiAgICA8VFI+CiAgICAgIDxURCBjb2xzcGFuPSIzIiB3aWR0aD0iMzM0Ij48SU1HIHNyYz0iaHR0cDovL2ltYWdlLnJha3V0ZW4uY28uanAvZS1tYWJ1Y2hpL2NhYmluZXQvaHAvbGluZS15b2tvLXNzLmdpZiIgYm9yZGVyPSIwIj48L1REPgogICAgPC9UUj4KICAgIDxUUj4KICAgICAgPFREIGJnY29sb3I9IiNmZmVmZGYiIGhlaWdodD0iMTciIHdpZHRoPSI4MCI+1azF5LHjPC9URD4KICAgICAgPFREIGhlaWdodD0iMTciIHdpZHRoPSIxMDAiPsD708O/yTwvVEQ+CiAgICAgIDxURCBoZWlnaHQ9IjE3IiB3aWR0aD0iMTAwIj41NDCD0qSrNDMyg9I8L1REPgogICAgPC9UUj4KICAgIDxUUj4KICAgICAgPFREIGNvbHNwYW49IjMiIGhlaWdodD0iMTkiIHdpZHRoPSIzMzQiPjxJTUcgc3JjPSJodHRwOi8vaW1hZ2UucmFrdXRlbi5jby5qcC9lLW1hYnVjaGkvY2FiaW5ldC9ocC9saW5lLXlva28tc3MuZ2lmIiBib3JkZXI9IjAiPjwvVEQ+CiAgICA8L1RSPgogIDwvVEJPRFk+CjwvVEFCTEU+CjxCUj4KPFRBQkxFIGJvcmRlcj0iMCI+CiAgPFRCT0RZPgogICAgPFRSPgogICAgICA8VEQ+PEZPTlQgc2l6ZT0iMiI+ofnVrMXkseM0MzKD0qTPlnyxsTaxaKTOpN+kx6GisbG6o7XAPzxCUj4KICAgICAgoaGbX79JP+t4jXWk8rP9pK/L+7FopKw1NDCD0qTIpMqk6qTepLmhozxCUj4KICAgICAgPEJSPgogICAgICCh+cnP05vBz73wpM/NrMnMxrekzoj2us+kx6S5oaM8QlI+CiAgICAgIKGhy/vJzMa3pMikzs2sl3mkz8vNwc+krInkpO+k64j2us+krDxCUj4KICAgICAgoaGktKS2pKSk3qS5pM6kx6S0wcuz0M/CpLWkpKGjPEJSPgogICAgICA8QlI+CiAgICAgIKH5t9aksaTGpLTXos7E7ZSkpKTGpOKwa8vNpM+kqqOxyMuYlDGXeTxCUj4KICAgICAgoaGw/KTOsGvLzaTHpLmho4Rly82kz4ydj+qkt6TGpKqk6qTepLuk86GjPC9GT05UPjwvVEQ+CiAgICA8L1RSPgogIDwvVEJPRFk+CjwvVEFCTEU+CjxCUj4KPEJSPgo8Rk9OVCBzaXplPSIyIj48SU1HIHNyYz0iaHR0cDovL2ltYWdlLnJha3V0ZW4uY28uanAvZS1tYWJ1Y2hpL2NhYmluZXQvdGVuc2VuLWMuanBnIiBib3JkZXI9IjAiPqGhPEI+pKqkuaS5pOGloqWkpcal4DwvQj6hoTxJTUcgc3JjPSJodHRwOi8vaW1hZ2UucmFrdXRlbi5jby5qcC9lLW1hYnVjaGkvY2FiaW5ldC90ZW5zZW4tYy5qcGciIGJvcmRlcj0iMCI+PEJSPgo8QlI+CjwvRk9OVD4KPFRBQkxFPgogIDxUQk9EWT4KICAgIDxUUj4KICAgICAgPFREPjxGT05UIHNpemU9IjIiPjxJTUcgc3JjPSJodHRwOi8vaW1hZ2UucmFrdXRlbi5jby5qcC9lLW1hYnVjaGkvY2FiaW5ldC9taW5pLWl0by5qcGciIGJvcmRlcj0iMCI+oaHTw8a3P9PDvt88QlI+CiAgICAgIDxJTUcgc3JjPSJodHRwOi8vaW1hZ2UucmFrdXRlbi5jby5qcC9lLW1hYnVjaGkvY2FiaW5ldC9taW5pLWl0by5qcGciIGJvcmRlcj0iMCI+oaGlt6XqpbOl86W5pdel7KlgPC9GT05UPjwvVEQ+CiAgICA8L1RSPgogIDwvVEJPRFk+CjwvVEFCTEU+CjxGT05UIHNpemU9IjIiPjxCUj4KPElNRyBzcmM9Imh0dHA6Ly9pbWFnZS5yYWt1dGVuLmNvLmpwL2UtbWFidWNoaS9jYWJpbmV0L3RlbnNlbi1yLmpwZyIgYm9yZGVyPSIwIj48QlI+CjwvRk9OVD48L0NFTlRFUj48Qj48Rk9OVCBjb2xvcj1yZWQgc2l6ZT0yPjxJTUcgc3JjPSJodHRwOi8vaW1hZ2UucmFrdXRlbi5jby5qcC9lLW1hYnVjaGkvY2FiaW5ldC9ocC9hc3UuZ2lmIiBib3JkZXI9IjAiPiA8L0ZPTlQ+PC9CPjxGT05UIHNpemU9Mj6MZ7XqxW6kyNTajuy5stPQpM6e6aGipc2lw6XIpbel56XDpdekx9icidOkt6TGpKSkxqTijGe16sVupMeJ06TspMakt6TepMOkv4j2us+hojxCUj4KoaEgCticidPW0KTHpOLJ6qS31FWktKS2pKSk3qS7pPOkrKGipLTXos7EpM6lv6Wkpd+l86WwpMuk6KTqxrfH0KTspM6I9rrPpKyktKS2pKSk3qS5oaM8QlI+CqGhpL2kzutIpM+hoqXhqWCl67XIpMektN9CvWqktaS7pMbtlKStpN6kuaTOpMektMHLs9DPwqS1pKShozxCUj4KoaHT1qGi1NqO7MfQpOykx9TajuykrKSipOu31qTyz8iky6Sqy82k6qS5pOuI9rrPpM+hosvNwc+krDK72LfWpKukq6TqpN6kuaTOpMehojxCUj4KoaHJ6qS31FWktKS2pKSk3qS7pPOkrDxCPjK72LfWpM7LzcHPpM+kqr/NmJTYk7WjPC9CPqTHpKruiqSk1sKkt6TepLmhozxCUj4KoaGEZcvNpLTPo837pM6I9rrPpM+hoqS0wcuz0KTOyc+ktNPDw/zPwqS1pKShozwvRk9OVD48Qj48Rk9OVCBzaXplPTI+PEJSPgo8QlI+CjwvRk9OVD48Rk9OVCBzaXplPSIyIiBjb2xvcj0iI2ZmMDAwMCI+PElNRyBzcmM9Imh0dHA6Ly9pbWFnZS5yYWt1dGVuLmNvLmpwL2UtbWFidWNoaS9jYWJpbmV0L2hwL2FzdS5naWYiIGJvcmRlcj0iMCI+IDwvRk9OVD48L0I+PEZPTlQgc2l6ZT0yPqSqv82YlKTOpLTTRaTLpMqk661ovrOky6TopOqhoqWrpempYKSs32Ckw6TG0oqkqKTriPa6z6SspLSktqSkpN6kuaTOpMehoqS0wcuz0M/CpLWkpKGjPC9GT05UPjxCUj4KPEI+PEZPTlQgc2l6ZT0yPjxCUj4KPC9GT05UPjwvQj48Rk9OVCBjb2xvcj0icmVkIiBzaXplPSIyIj48SU1HIHNyYz0iaHR0cDovL2ltYWdlLnJha3V0ZW4uY28uanAvZS1tYWJ1Y2hpL2NhYmluZXQvaHAvYXN1LmdpZiIgYm9yZGVyPSIwIj4gPC9GT05UPjxGT05UIHNpemU9IjIiPsXky823vbeopMelzaWzpd2luaTktqjQzs3i4F2x46TypLTWuLao7ZSkpKTGpOLSjraozeKkx6S0wPvTw+2UpLGkyqSkiPa6z6TPoaI8QlI+CqGhsde16qTHsGvLzb/JxNykysXky823vbeopMuJ5Lj81sKkt6TepLmhozxCUj4KoaG2qNDOzeLgXbHjpKvVrMXkseOky4nkuPykt6TGsGvLzdbCpLek3qS5pM6kx6Gi0+ik4aS0wcuz0KSvpMCktaSkoaM8QlI+CqGhPEJSPgo8SU1HIHNyYz0iaHR0cDovL2ltYWdlLnJha3V0ZW4uY28uanAvZS1tYWJ1Y2hpL2NhYmluZXQvaHAvYXN1LmdpZiIgYm9yZGVyPSIwIj4gpdqpYKW4pMux7dObpLWk7KTGpKSk68vNwc+kz6GipKq/zZiUpKzF5MvNt723qKTy33iSa6S1pOyk68S/sLKkzp7ppM6x7dObpMikyqTqpN6kuaGjPEJSPgqhocXky823vbeopM/SjraozeKkx6S0wPvTw+2UpLGkyqSkiPa6z6TOpN+x17XqpMeJ5Lj81sKkt6TepLmkrKGipL2k7NLUzeKkz6GiPEJSPgqhoTxCPqS016LOxJVypMvfeJJr7ZSkpKS/xeTLzbe9t6ikx6TOsGvLzTwvQj6kyKTKpOqk3qS5oaM8L0ZPTlQ+PEJSPg==,pa+l7aXQqWCl1aXppfOlubTMpLek5aSm4ZihoU5PLjOhqznIobrPpLujuqXepdalwaXNpcOlyKW3peelw6XX,pd6l1qXBkmmkraWtpeOl86XQpbmhobK8yfq12NHzssPK1ty/peml36XNqWClyL5kwum3q7K8pbOluaXXpezSwtewk9zLrrzTuaSl36W3pfPhmPTpyOuIQMjr0aelsKXDpbql1aWhpdal6qXDpa8xMKPjo+2kq6Tp2JyJ07TMpLek5aSmy83Bz59vwc+lr6XtpdCpYKXVpeml86W5tMykt6TlpKbhmKGhTk8uM6GrOcihus+kuw==,pa+l7aXQqWCl1aXppfOlubTMpLek5aSm4ZihoU5PLjOhqznIobrPpLs=[rn]
25-29681,aHR0cDovL3RzaG9wLnIxMHMuanAvZS1tYWJ1Y2hpL2NhYmluZXQvZnVrdS9hLW5lZWRsZS9tYWtpbmctcGluLWhlYXQtcmVzaS5qcGc/Zml0aW49NzAwOjcwMA==,MzM2LjAwMDA=,,yNXTw8a362rYmz/OxLe/vt8/ytbcvyA+IMrW3L8/pa+l6aXVpcg/yfq12CA+IKWipa+lu6W1peqpYKWvpeml1aXIssTBzyA+IKWipa+ltaXqqWCl0algpcQgPiCkvaTOy/s=,Q2xvdmVyoaGlx6Wjpbmlr7T94ZihvsTNn+Ghvw==,pLWk06TLpK+kr6GipaKlpKXtpfOk4k9Lo6E=,PGNlbnRlcj48Qj5tYWtpbmcgcGluPC9CPiA8QlI+CjxCUj4KPElNRyBzcmM9Imh0dHA6Ly9pbWFnZS5yYWt1dGVuLmNvLmpwL2UtbWFidWNoaS9jYWJpbmV0L3RlbnNlbi1sLmpwZyIgYm9yZGVyPSIwIj48QlI+CjxGT05UIHNpemU9IjIiPjxCUj4KxtXNqLXY08OkzrT94Zikx6S5oaM8QlI+CjxCUj4KpbmlxqXzpeyludF1pM7hmKTKpM6kx6GiPEJSPgqktaTTpMukr6SvpMqkw6TGpKSk3qS5o6E8QlI+CjxCUj4K7l6yv6TPpayl6aW50XWkzsTNn+Glv6WkpdekxzxCUj4KpaKlpKXtpfOkrKSipL+kw6TGpOLI3KSxpN6ku6TzoaM8QlI+CjxCUj4KPEJSPgo8SU1HIHNyYz0iaHR0cDovL2ltYWdlLnJha3V0ZW4uY28uanAvZS1tYWJ1Y2hpL2NhYmluZXQvbWluaS1pdG8uanBnIiBib3JkZXI9IjAiPqGhzKuktaO6MC41NaPto+2hoelMpLWjujM0o+2j7TxCUj4KKDQwsb7I66TqKTxCUj4KPEJSPgo8QlI+CjwvRk9OVD48SU1HIHNyYz0iaHR0cDovL2ltYWdlLnJha3V0ZW4uY28uanAvZS1tYWJ1Y2hpL2NhYmluZXQvdGVuc2VuLWMuanBnIiBib3JkZXI9IjAiPqGhPEI+PEZPTlQgc2l6ZT0iMiI+y83Bz6TPz8LTm6TypLSyztXVz8KktaSkoaE8SU1HIHNyYz0iaHR0cDovL2ltYWdlLnJha3V0ZW4uY28uanAvZS1tYWJ1Y2hpL2NhYmluZXQvdGVuc2VuLWMuanBnIiBib3JkZXI9IjAiPjwvRk9OVD48L0I+PEJSPgo8QlI+CjxUQUJMRSBib3JkZXI9IjAiIHdpZHRoPSIyODAiIGhlaWdodD0iMTUyIj4KICA8VEJPRFk+CiAgICA8VFI+CiAgICAgIDxURCBjb2xzcGFuPSIzIiBhbGlnbj0iY2VudGVyIiB3aWR0aD0iMzM0Ij48Rk9OVCBzaXplPSIyIj48SU1HIHNyYz0iaHR0cDovL2ltYWdlLnJha3V0ZW4uY28uanAvZS1tYWJ1Y2hpL2NhYmluZXQvaHAvbGluZS15b2tvLXNzLmdpZiIgYm9yZGVyPSIwIj48L0ZPTlQ+PC9URD4KICAgIDwvVFI+CiAgICA8VFI+CiAgICAgIDxURCBhbGlnbj0iY2VudGVyIiBiZ2NvbG9yPSIjZmZlZmRmIiB3aWR0aD0iODAiPjxGT05UIHNpemU9IjIiPsXky823vbeoPC9GT05UPjwvVEQ+CiAgICAgIDxURCBhbGlnbj0iY2VudGVyIiBiZ2NvbG9yPSIjZmZlZmRmIiB3aWR0aD0iMTAwIj48Rk9OVCBzaXplPSIyIj6ktNeizsSFZ867PC9GT05UPjwvVEQ+CiAgICAgIDxURCBhbGlnbj0iY2VudGVyIiBiZ2NvbG9yPSIjZmZlZmRmIiB3aWR0aD0iMTAwIj48Rk9OVCBzaXplPSIyIj7LzcHPPC9GT05UPjwvVEQ+CiAgICA8L1RSPgogICAgPFRSPgogICAgICA8VEQgY29sc3Bhbj0iMyIgYWxpZ249ImNlbnRlciIgd2lkdGg9IjMzNCI+PEZPTlQgc2l6ZT0iMiI+PElNRyBzcmM9Imh0dHA6Ly9pbWFnZS5yYWt1dGVuLmNvLmpwL2UtbWFidWNoaS9jYWJpbmV0L2hwL2xpbmUteW9rby1zcy5naWYiIGJvcmRlcj0iMCI+PC9GT05UPjwvVEQ+CiAgICA8L1RSPgogICAgPFRSPgogICAgICA8VEQgYWxpZ249ImNlbnRlciIgYmdjb2xvcj0iI2ZmZWZkZiIgd2lkdGg9IjgwIj48Rk9OVCBzaXplPSIyIj6lzaWzpd2luTwvRk9OVD48L1REPgogICAgICA8VEQgYWxpZ249ImNlbnRlciIgd2lkdGg9IjEwMCI+PEZPTlQgc2l6ZT0iMiI+wPvTw7/JPC9GT05UPjwvVEQ+CiAgICAgIDxURCBhbGlnbj0iY2VudGVyIiB3aWR0aD0iMTAwIj48Rk9OVCBzaXplPSIyIj4yNzCD0jwvRk9OVD48L1REPgogICAgPC9UUj4KICAgIDxUUj4KICAgICAgPFREIGNvbHNwYW49IjMiIGFsaWduPSJjZW50ZXIiIHdpZHRoPSIzMzQiPjxGT05UIHNpemU9IjIiPjxJTUcgc3JjPSJodHRwOi8vaW1hZ2UucmFrdXRlbi5jby5qcC9lLW1hYnVjaGkvY2FiaW5ldC9ocC9saW5lLXlva28tc3MuZ2lmIiBib3JkZXI9IjAiPjwvRk9OVD48L1REPgogICAgPC9UUj4KICAgIDxUUj4KICAgICAgPFREIGFsaWduPSJjZW50ZXIiIGJnY29sb3I9IiNmZmVmZGYiIHdpZHRoPSI4MCI+PEZPTlQgc2l6ZT0iMiI+tqjQzs3iPC9GT05UPjwvVEQ+CiAgICAgIDxURCBhbGlnbj0iY2VudGVyIiB3aWR0aD0iMTAwIj48Rk9OVCBzaXplPSIyIj7A+9PDv8k8L0ZPTlQ+PC9URD4KICAgICAgPFREIGFsaWduPSJjZW50ZXIiIHdpZHRoPSIxMDAiPjxGT05UIHNpemU9IjIiPjQwMIPSPC9GT05UPjwvVEQ+CiAgICA8L1RSPgogICAgPFRSPgogICAgICA8VEQgY29sc3Bhbj0iMyIgYWxpZ249ImNlbnRlciIgd2lkdGg9IjMzNCI+PEZPTlQgc2l6ZT0iMiI+PElNRyBzcmM9Imh0dHA6Ly9pbWFnZS5yYWt1dGVuLmNvLmpwL2UtbWFidWNoaS9jYWJpbmV0L2hwL2xpbmUteW9rby1zcy5naWYiIGJvcmRlcj0iMCI+PC9GT05UPjwvVEQ+CiAgICA8L1RSPgogICAgPFRSPgogICAgICA8VEQgYWxpZ249ImNlbnRlciIgYmdjb2xvcj0iI2ZmZWZkZiIgaGVpZ2h0PSIxNyIgd2lkdGg9IjgwIj48Rk9OVCBzaXplPSIyIj7VrMXkseM8L0ZPTlQ+PC9URD4KICAgICAgPFREIGFsaWduPSJjZW50ZXIiIGhlaWdodD0iMTciIHdpZHRoPSIxMDAiPjxGT05UIHNpemU9IjIiPsD708O/yTwvRk9OVD48L1REPgogICAgICA8VEQgYWxpZ249ImNlbnRlciIgaGVpZ2h0PSIxNyIgd2lkdGg9IjEwMCI+PEZPTlQgc2l6ZT0iMiI+NTQwg9KkqzQzMoPSPC9GT05UPjwvVEQ+CiAgICA8L1RSPgogICAgPFRSPgogICAgICA8VEQgY29sc3Bhbj0iMyIgYWxpZ249ImNlbnRlciIgaGVpZ2h0PSIxOSIgd2lkdGg9IjMzNCI+PEZPTlQgc2l6ZT0iMiI+PElNRyBzcmM9Imh0dHA6Ly9pbWFnZS5yYWt1dGVuLmNvLmpwL2UtbWFidWNoaS9jYWJpbmV0L2hwL2xpbmUteW9rby1zcy5naWYiIGJvcmRlcj0iMCI+PC9GT05UPjwvVEQ+CiAgICA8L1RSPgogIDwvVEJPRFk+CjwvVEFCTEU+CjxCUj4KPFRBQkxFIGJvcmRlcj0iMCI+CiAgPFRCT0RZPgogICAgPFRSPgogICAgICA8VEQ+PEZPTlQgc2l6ZT0iMiI+ofnVrMXkseM0MzKD0qTPlnyxsTaxaKTOpN+kx6GisbG6o7XAPzxCUj4KICAgICAgoaGbX79JP+t4jXWk8rP9pK/L+7FopKw1NDCD0qTIpMqk6qTepLmhozxCUj4KICAgICAgPEJSPgogICAgICCh+bfWpLGkxqS016LOxO2UpKSkxqTisGvLzaTPpKqjscjLmJQxl3mw/DxCUj4KICAgICAgoaGkzrBry82kx6S5oaOhoYRly82kz4ydj+qkt6TGpKqk6qTepLuk86GjPC9GT05UPjwvVEQ+CiAgICA8L1RSPgogIDwvVEJPRFk+CjwvVEFCTEU+CjxCUj4KPEJSPgo8Rk9OVCBzaXplPSIyIj48SU1HIHNyYz0iaHR0cDovL2ltYWdlLnJha3V0ZW4uY28uanAvZS1tYWJ1Y2hpL2NhYmluZXQvdGVuc2VuLWMuanBnIiBib3JkZXI9IjAiPqGhPEI+pKqkuaS5pOGloqWkpcal4DwvQj6hoTxJTUcgc3JjPSJodHRwOi8vaW1hZ2UucmFrdXRlbi5jby5qcC9lLW1hYnVjaGkvY2FiaW5ldC90ZW5zZW4tYy5qcGciIGJvcmRlcj0iMCI+PEJSPgo8QlI+CjwvRk9OVD4KPFRBQkxFPgogIDxUQk9EWT4KICAgIDxUUj4KICAgICAgPFREPjxGT05UIHNpemU9IjIiPjxJTUcgc3JjPSJodHRwOi8vaW1hZ2UucmFrdXRlbi5jby5qcC9lLW1hYnVjaGkvY2FiaW5ldC9taW5pLWl0by5qcGciIGJvcmRlcj0iMCI+oaHTw8a3P9PDvt88QlI+CiAgICAgIDxJTUcgc3JjPSJodHRwOi8vaW1hZ2UucmFrdXRlbi5jby5qcC9lLW1hYnVjaGkvY2FiaW5ldC9taW5pLWl0by5qcGciIGJvcmRlcj0iMCI+oaGlt6XqpbOl86W5pdel7KlgPEJSPgogICAgICA8SU1HIHNyYz0iaHR0cDovL2ltYWdlLnJha3V0ZW4uY28uanAvZS1tYWJ1Y2hpL2NhYmluZXQvbWluaS1pdG8uanBnIiBib3JkZXI9IjAiPqGhpd+lt6Xz9Ok8QlI+CiAgICAgIDwvRk9OVD48L1REPgogICAgPC9UUj4KICA8L1RCT0RZPgo8L1RBQkxFPgo8QlI+CjxJTUcgc3JjPSJodHRwOi8vaW1hZ2UucmFrdXRlbi5jby5qcC9lLW1hYnVjaGkvY2FiaW5ldC90ZW5zZW4tci5qcGciIGJvcmRlcj0iMCI+PEZPTlQgc2l6ZT0iMiI+PEJSPgo8L0ZPTlQ+PC9DRU5URVI+PEI+PEZPTlQgY29sb3I9cmVkIHNpemU9Mj48SU1HIHNyYz0iaHR0cDovL2ltYWdlLnJha3V0ZW4uY28uanAvZS1tYWJ1Y2hpL2NhYmluZXQvaHAvYXN1LmdpZiIgYm9yZGVyPSIwIj4gPC9GT05UPjwvQj48Rk9OVCBzaXplPTI+jGe16sVupMjU2o7subLT0KTOnumhoqXNpcOlyKW3peelw6XXpMfYnInTpLekxqSkpMak4oxnterFbqTHidOk7KTGpLek3qTDpL+I9rrPoaI8QlI+CqGhIArYnInT1tCkx6Tiyeqkt9RVpLSktqSkpN6ku6TzpKyhoqS016LOxKTOpb+lpKXfpfOlsKTLpOik6sa3x9Ck7KTOiPa6z6SspLSktqSkpN6kuaGjPEJSPgqhoaS9pM7rSKTPoaKl4algpeu1yKTHpLTfQr1qpLWku6TG7ZSkraTepLmkzqTHpLTBy7PQz8KktaSkoaM8QlI+CqGh09ahotTajuzH0KTspMfU2o7spKykoqTrt9ak8s/IpMukqsvNpOqkuaTriPa6z6TPoaLLzcHPpKwyu9i31qSrpKuk6qTepLmkzqTHoaI8QlI+CqGhyeqkt9RVpLSktqSkpN6ku6TzpKw8Qj4yu9i31qTOy83Bz6TPpKq/zZiU2JO1ozwvQj6kx6Sq7oqkpNbCpLek3qS5oaM8QlI+CqGhhGXLzaS0z6PN+6TOiPa6z6TPoaKktMHLs9CkzsnPpLTTw8P8z8KktaSkoaM8L0ZPTlQ+PEI+PEZPTlQgc2l6ZT0yPjxCUj4KPEJSPgo8L0ZPTlQ+PEZPTlQgc2l6ZT0iMiIgY29sb3I9IiNmZjAwMDAiPjxJTUcgc3JjPSJodHRwOi8vaW1hZ2UucmFrdXRlbi5jby5qcC9lLW1hYnVjaGkvY2FiaW5ldC9ocC9hc3UuZ2lmIiBib3JkZXI9IjAiPiA8L0ZPTlQ+PC9CPjxGT05UIHNpemU9Mj6kqr/NmJSkzqS000Wky6TKpOutaL6zpMuk6KTqoaKlq6XpqWCkrN9gpMOkxtKKpKik64j2us+krKS0pLakpKTepLmkzqTHoaKktMHLs9DPwqS1pKShozwvRk9OVD48QlI+CjxCPjxGT05UIHNpemU9Mj48QlI+CjwvRk9OVD48L0I+PEZPTlQgY29sb3I9InJlZCIgc2l6ZT0iMiI+PElNRyBzcmM9Imh0dHA6Ly9pbWFnZS5yYWt1dGVuLmNvLmpwL2UtbWFidWNoaS9jYWJpbmV0L2hwL2FzdS5naWYiIGJvcmRlcj0iMCI+IDwvRk9OVD48Rk9OVCBzaXplPSIyIj7F5MvNt723qKTHpc2ls6Xdpbmk5Lao0M7N4uBdseOk8qS01ri2qO2UpKSkxqTi0o62qM3ipMektMD708PtlKSxpMqkpIj2us+kz6GiPEJSPgqhobHXteqkx7Bry82/ycTcpMrF5MvNt723qKTLieS4/NbCpLek3qS5oaM8QlI+CqGhtqjQzs3i4F2x46Sr1azF5LHjpMuJ5Lj8pLekxrBry83WwqS3pN6kuaTOpMehotPopOGktMHLs9Ckr6TApLWkpKGjPEJSPgqhoTxCUj4KPElNRyBzcmM9Imh0dHA6Ly9pbWFnZS5yYWt1dGVuLmNvLmpwL2UtbWFidWNoaS9jYWJpbmV0L2hwL2FzdS5naWYiIGJvcmRlcj0iMCI+IKXaqWCluKTLse3Tm6S1pOykxqSkpOvLzcHPpM+hoqSqv82YlKSsxeTLzbe9t6ik8t94kmuktaTspOvEv7CypM6e6aTOse3Tm6TIpMqk6qTepLmhozxCUj4KoaHF5MvNt723qKTP0o62qM3ipMektMD708PtlKSxpMqkpIj2us+kzqTfsde16qTHieS4/NbCpLek3qS5pKyhoqS9pOzS1M3ipM+hojxCUj4KoaE8Qj6ktNeizsSVcqTL33iSa+2UpKSkv8Xky823vbeopMekzrBry808L0I+pMikyqTqpN6kuaGjPC9GT05UPjxCUj4=,Q2xvdmVyoaGlx6Wjpbmlr7T94ZihvsTNn+Ghv6O6pd6l1qXBpc2lw6XIpbel56XDpdc=,pd6l1qXBkmmkraWtpeOl86XQpbmhobK8yfq12NHzssPK1ty/peml36XNqWClyL5kwum3q7K8pbOluaXXpezSwtewk9zLrrzTuaSl36W3pfPhmPTpyOuIQMjr0aelsKXDpbql1aWhpdal6qXDpa8xMKPjo+2kq6Tp2JyJ07TMpLek5aSmy83Bz59vwc9DbG92ZXKhoaXHpaOluaWvtP3hmKG+xM2f4aG/,pLWk06TLpK+kr6GipaKlpKXtpfOk4k9Lo6Gho0Nsb3ZlcqGhpcelo6W5pa+0/eGYob7EzZ/hob8=[rn]
25-29682,aHR0cDovL3RzaG9wLnIxMHMuanAvZS1tYWJ1Y2hpL2NhYmluZXQvZnVrdS9hdHRhY2htZW50L3NsLWtuaXQtbTkuZ2lmP2ZpdGluPTcwMDo3MDA=,MjQwLjAwMDA=,,yNXTw8a362rYmz/OxLe/vt8/ytbcvyA+IMrW3L8/pa+l6aXVpcg/yfq12CA+IKWipa+lu6W1peqpYKWvpeml1aXIssTBzyA+IKWipa+ltaXqqWCl0algpcQgPiCkvaTOy/s=,U3VuIExpZmWhobzSzaXTw6XLpcOlyKXfpbel8+GYObrFoaFIQaHBSVNQ,pculw6XI08Ol36W3pfPhmLGhytakzqXLpcOlyLXY08M=,PGNlbnRlcj48SU1HIHNyYz0iaHR0cDovL2ltYWdlLnJha3V0ZW4uY28uanAvZS1tYWJ1Y2hpL2NhYmluZXQvdGVuc2VuLWwuanBnIiBib3JkZXI9IjAiPjxCUj4KPEZPTlQgc2l6ZT0iMiI+PEJSPgqxocrWpM6ly6XDpci12NPDPEJSPgo8QlI+CqXLpcOlyD+lyKXqpbOlw6XIpOSluKXjqWCluKTKpMk8QlI+Csnsv3PQ1KTOpKKk68n6tdikzoyf08PhmKTHpLmhozxCUj4KPEJSPgrhmKTLus+kpvTppOTJ+rXYpM/X87utz/GkzjxCUj4KMresxL+k8qS0ss7V1c/CpLWkpKGjPEJSPgo8QlI+CjxCUj4KPElNRyBzcmM9Imh0dHA6Ly9pbWFnZS5yYWt1dGVuLmNvLmpwL2UtbWFidWNoaS9jYWJpbmV0L21pbmktaXRvLmpwZyIgYm9yZGVyPSIwIj6hoaW5pcGpYKXr0XWly6XDpbGl66XhpcOlrTxCUj4KKDSxvqW7pcOlyCk8QlI+CjxCUj4KPEJSPgo8SU1HIHNyYz0iaHR0cDovL2ltYWdlLnJha3V0ZW4uY28uanAvZS1tYWJ1Y2hpL2NhYmluZXQvdGVuc2VuLWMuanBnIiBib3JkZXI9IjAiPqGhPEI+PEZPTlQgc2l6ZT0iMiI+y83Bz6TPz8LTm6TypLSyztXVz8KktaSkoaE8SU1HIHNyYz0iaHR0cDovL2ltYWdlLnJha3V0ZW4uY28uanAvZS1tYWJ1Y2hpL2NhYmluZXQvdGVuc2VuLWMuanBnIiBib3JkZXI9IjAiPjwvRk9OVD48L0I+PEJSPgo8QlI+CjwvRk9OVD4KPFRBQkxFIGJvcmRlcj0iMCIgd2lkdGg9IjI4MCIgaGVpZ2h0PSIxNTIiPgogIDxUQk9EWT4KICAgIDxUUj4KICAgICAgPFREIGNvbHNwYW49IjMiIGFsaWduPSJjZW50ZXIiIHdpZHRoPSIzMzQiPjxGT05UIHNpemU9IjIiPjxGT05UIHNpemU9IjIiPjxJTUcgc3JjPSJodHRwOi8vaW1hZ2UucmFrdXRlbi5jby5qcC9lLW1hYnVjaGkvY2FiaW5ldC9ocC9saW5lLXlva28tc3MuZ2lmIiBib3JkZXI9IjAiPjwvRk9OVD48L0ZPTlQ+PC9URD4KICAgIDwvVFI+CiAgICA8VFI+CiAgICAgIDxURCBhbGlnbj0iY2VudGVyIiBiZ2NvbG9yPSIjZmZlZmRmIiB3aWR0aD0iODAiPjxGT05UIHNpemU9IjIiPsXky823vbeoPC9GT05UPjwvVEQ+CiAgICAgIDxURCBhbGlnbj0iY2VudGVyIiBiZ2NvbG9yPSIjZmZlZmRmIiB3aWR0aD0iMTAwIj48Rk9OVCBzaXplPSIyIj6ktNeizsSFZ867PC9GT05UPjwvVEQ+CiAgICAgIDxURCBhbGlnbj0iY2VudGVyIiBiZ2NvbG9yPSIjZmZlZmRmIiB3aWR0aD0iMTAwIj48Rk9OVCBzaXplPSIyIj7LzcHPPC9GT05UPjwvVEQ+CiAgICA8L1RSPgogICAgPFRSPgogICAgICA8VEQgY29sc3Bhbj0iMyIgYWxpZ249ImNlbnRlciIgd2lkdGg9IjMzNCI+PEZPTlQgc2l6ZT0iMiI+PElNRyBzcmM9Imh0dHA6Ly9pbWFnZS5yYWt1dGVuLmNvLmpwL2UtbWFidWNoaS9jYWJpbmV0L2hwL2xpbmUteW9rby1zcy5naWYiIGJvcmRlcj0iMCI+PC9GT05UPjwvVEQ+CiAgICA8L1RSPgogICAgPFRSPgogICAgICA8VEQgYWxpZ249ImNlbnRlciIgYmdjb2xvcj0iI2ZmZWZkZiIgd2lkdGg9IjgwIj48Rk9OVCBzaXplPSIyIj6lzaWzpd2luTwvRk9OVD48L1REPgogICAgICA8VEQgYWxpZ249ImNlbnRlciIgd2lkdGg9IjEwMCI+PEZPTlQgc2l6ZT0iMiI+wPvTw7/JPC9GT05UPjwvVEQ+CiAgICAgIDxURCBhbGlnbj0iY2VudGVyIiB3aWR0aD0iMTAwIj48Rk9OVCBzaXplPSIyIj4yNzCD0jwvRk9OVD48L1REPgogICAgPC9UUj4KICAgIDxUUj4KICAgICAgPFREIGNvbHNwYW49IjMiIGFsaWduPSJjZW50ZXIiIHdpZHRoPSIzMzQiPjxGT05UIHNpemU9IjIiPjxJTUcgc3JjPSJodHRwOi8vaW1hZ2UucmFrdXRlbi5jby5qcC9lLW1hYnVjaGkvY2FiaW5ldC9ocC9saW5lLXlva28tc3MuZ2lmIiBib3JkZXI9IjAiPjwvRk9OVD48L1REPgogICAgPC9UUj4KICAgIDxUUj4KICAgICAgPFREIGFsaWduPSJjZW50ZXIiIGJnY29sb3I9IiNmZmVmZGYiIHdpZHRoPSI4MCI+PEZPTlQgc2l6ZT0iMiI+tqjQzs3iPC9GT05UPjwvVEQ+CiAgICAgIDxURCBhbGlnbj0iY2VudGVyIiB3aWR0aD0iMTAwIj48Rk9OVCBzaXplPSIyIj7A+9PDv8k8L0ZPTlQ+PC9URD4KICAgICAgPFREIGFsaWduPSJjZW50ZXIiIHdpZHRoPSIxMDAiPjxGT05UIHNpemU9IjIiPjQwMIPSPC9GT05UPjwvVEQ+CiAgICA8L1RSPgogICAgPFRSPgogICAgICA8VEQgY29sc3Bhbj0iMyIgYWxpZ249ImNlbnRlciIgd2lkdGg9IjMzNCI+PEZPTlQgc2l6ZT0iMiI+PElNRyBzcmM9Imh0dHA6Ly9pbWFnZS5yYWt1dGVuLmNvLmpwL2UtbWFidWNoaS9jYWJpbmV0L2hwL2xpbmUteW9rby1zcy5naWYiIGJvcmRlcj0iMCI+PC9GT05UPjwvVEQ+CiAgICA8L1RSPgogICAgPFRSPgogICAgICA8VEQgYWxpZ249ImNlbnRlciIgYmdjb2xvcj0iI2ZmZWZkZiIgaGVpZ2h0PSIxNyIgd2lkdGg9IjgwIj48Rk9OVCBzaXplPSIyIj7VrMXkseM8L0ZPTlQ+PC9URD4KICAgICAgPFREIGFsaWduPSJjZW50ZXIiIGhlaWdodD0iMTciIHdpZHRoPSIxMDAiPjxGT05UIHNpemU9IjIiPsD708O/yTwvRk9OVD48L1REPgogICAgICA8VEQgYWxpZ249ImNlbnRlciIgaGVpZ2h0PSIxNyIgd2lkdGg9IjEwMCI+PEZPTlQgc2l6ZT0iMiI+NTQwg9KkqzQzMoPSPC9GT05UPjwvVEQ+CiAgICA8L1RSPgogICAgPFRSPgogICAgICA8VEQgY29sc3Bhbj0iMyIgYWxpZ249ImNlbnRlciIgaGVpZ2h0PSIxOSIgd2lkdGg9IjMzNCI+PEZPTlQgc2l6ZT0iMiI+PElNRyBzcmM9Imh0dHA6Ly9pbWFnZS5yYWt1dGVuLmNvLmpwL2UtbWFidWNoaS9jYWJpbmV0L2hwL2xpbmUteW9rby1zcy5naWYiIGJvcmRlcj0iMCI+PC9GT05UPjwvVEQ+CiAgICA8L1RSPgogIDwvVEJPRFk+CjwvVEFCTEU+CjxCUj4KPFRBQkxFIGJvcmRlcj0iMCI+CiAgPFRCT0RZPgogICAgPFRSPgogICAgICA8VEQ+PEZPTlQgc2l6ZT0iMiI+ofnVrMXkseM0MzKD0qTPlnyxsTaxaKTOpN+kx6GisbG6o7XAPzxCUj4KICAgICAgoaGbX79JP+t4jXWk8rP9pK/L+7FopKw1NDCD0qTIpMqk6qTepLmhozxCUj4KICAgICAgPEJSPgogICAgICCh+cnP05vBz73wpM/NrMnMxrekzoj2us+kx6S5oaM8QlI+CiAgICAgIKGhy/vJzMa3pMikzs2sl3mkz8vNwc+krInkpO+k64j2us+krDxCUj4KICAgICAgoaGktKS2pKSk3qS5pM6kx6S0wcuz0M/CpLWkpKGjPEJSPgogICAgICA8QlI+CiAgICAgIKH5t9aksaTGpLTXos7E7ZSkpKTGpOKwa8vNpM+kqqOxyMuYlDGXebD8PEJSPgogICAgICChoaTOsGvLzaTHpLmho6GhhGXLzaTPjJ2P6qS3pMakqqTqpN6ku6TzoaM8L0ZPTlQ+PC9URD4KICAgIDwvVFI+CiAgPC9UQk9EWT4KPC9UQUJMRT4KPEJSPgo8QlI+CjxGT05UIHNpemU9IjIiPjxJTUcgc3JjPSJodHRwOi8vaW1hZ2UucmFrdXRlbi5jby5qcC9lLW1hYnVjaGkvY2FiaW5ldC90ZW5zZW4tYy5qcGciIGJvcmRlcj0iMCI+oaE8Qj6kqqS5pLmk4aWipaSlxqXgPC9CPqGhPElNRyBzcmM9Imh0dHA6Ly9pbWFnZS5yYWt1dGVuLmNvLmpwL2UtbWFidWNoaS9jYWJpbmV0L3RlbnNlbi1jLmpwZyIgYm9yZGVyPSIwIj48QlI+CjxCUj4KPC9GT05UPgo8VEFCTEU+CiAgPFRCT0RZPgogICAgPFRSPgogICAgICA8VEQ+PEZPTlQgc2l6ZT0iMiI+PElNRyBzcmM9Imh0dHA6Ly9pbWFnZS5yYWt1dGVuLmNvLmpwL2UtbWFidWNoaS9jYWJpbmV0L21pbmktaXRvLmpwZyIgYm9yZGVyPSIwIj6hodPDxrc/08O+3zxCUj4KICAgICAgPElNRyBzcmM9Imh0dHA6Ly9pbWFnZS5yYWt1dGVuLmNvLmpwL2UtbWFidWNoaS9jYWJpbmV0L21pbmktaXRvLmpwZyIgYm9yZGVyPSIwIj6hoaW3peqls6Xzpbml16XsqWA8QlI+CiAgICAgIDxJTUcgc3JjPSJodHRwOi8vaW1hZ2UucmFrdXRlbi5jby5qcC9lLW1hYnVjaGkvY2FiaW5ldC9taW5pLWl0by5qcGciIGJvcmRlcj0iMCI+oaGly6XDpcjTw6Xfpbel8/TpPEJSPgogICAgICA8L0ZPTlQ+PC9URD4KICAgIDwvVFI+CiAgPC9UQk9EWT4KPC9UQUJMRT4KPEJSPgo8SU1HIHNyYz0iaHR0cDovL2ltYWdlLnJha3V0ZW4uY28uanAvZS1tYWJ1Y2hpL2NhYmluZXQvdGVuc2VuLXIuanBnIiBib3JkZXI9IjAiPjxGT05UIHNpemU9IjIiPjxCUj4KPC9GT05UPjwvQ0VOVEVSPjxCPjxGT05UIGNvbG9yPXJlZCBzaXplPTI+PElNRyBzcmM9Imh0dHA6Ly9pbWFnZS5yYWt1dGVuLmNvLmpwL2UtbWFidWNoaS9jYWJpbmV0L2hwL2FzdS5naWYiIGJvcmRlcj0iMCI+IDwvRk9OVD48L0I+PEZPTlQgc2l6ZT0yPoxnterFbqTI1NqO7Lmy09Ckzp7poaKlzaXDpcilt6XnpcOl16TH2JyJ06S3pMakpKTGpOKMZ7XqxW6kx4nTpOykxqS3pN6kw6S/iPa6z6GiPEJSPgqhoSAK2JyJ09bQpMek4snqpLfUVaS0pLakpKTepLuk86SsoaKktNeizsSkzqW/paSl36XzpbCky6TopOrGt8fQpOykzoj2us+krKS0pLakpKTepLmhozxCUj4KoaGkvaTO60ikz6GipeGpYKXrtcikx6S030K9aqS1pLukxu2UpK2k3qS5pM6kx6S0wcuz0M/CpLWkpKGjPEJSPgqhodPWoaLU2o7sx9Ck7KTH1NqO7KSspKKk67fWpPLPyKTLpKrLzaTqpLmk64j2us+kz6Giy83Bz6SsMrvYt9akq6SrpOqk3qS5pM6kx6GiPEJSPgqhocnqpLfUVaS0pLakpKTepLuk86SsPEI+MrvYt9akzsvNwc+kz6Sqv82YlNiTtaM8L0I+pMekqu6KpKTWwqS3pN6kuaGjPEJSPgqhoYRly82ktM+jzfukzoj2us+kz6GipLTBy7PQpM7Jz6S008PD/M/CpLWkpKGjPC9GT05UPjxCPjxGT05UIHNpemU9Mj48QlI+CjxCUj4KPC9GT05UPjxGT05UIHNpemU9IjIiIGNvbG9yPSIjZmYwMDAwIj48SU1HIHNyYz0iaHR0cDovL2ltYWdlLnJha3V0ZW4uY28uanAvZS1tYWJ1Y2hpL2NhYmluZXQvaHAvYXN1LmdpZiIgYm9yZGVyPSIwIj4gPC9GT05UPjwvQj48Rk9OVCBzaXplPTI+pKq/zZiUpM6ktNNFpMukyqTrrWi+s6TLpOik6qGipaul6algpKzfYKTDpMbSiqSopOuI9rrPpKyktKS2pKSk3qS5pM6kx6GipLTBy7PQz8KktaSkoaM8L0ZPTlQ+PEJSPgo8Qj48Rk9OVCBzaXplPTI+PEJSPgo8L0ZPTlQ+PC9CPjxGT05UIGNvbG9yPSJyZWQiIHNpemU9IjIiPjxJTUcgc3JjPSJodHRwOi8vaW1hZ2UucmFrdXRlbi5jby5qcC9lLW1hYnVjaGkvY2FiaW5ldC9ocC9hc3UuZ2lmIiBib3JkZXI9IjAiPiA8L0ZPTlQ+PEZPTlQgc2l6ZT0iMiI+xeTLzbe9t6ikx6XNpbOl3aW5pOS2qNDOzeLgXbHjpPKktNa4tqjtlKSkpMak4tKOtqjN4qTHpLTA+9PD7ZSksaTKpKSI9rrPpM+hojxCUj4KoaGx17XqpMewa8vNv8nE3KTKxeTLzbe9t6iky4nkuPzWwqS3pN6kuaGjPEJSPgqhobao0M7N4uBdseOkq9WsxeSx46TLieS4/KS3pMawa8vN1sKkt6TepLmkzqTHoaLT6KThpLTBy7PQpK+kwKS1pKShozxCUj4KoaE8QlI+CjxJTUcgc3JjPSJodHRwOi8vaW1hZ2UucmFrdXRlbi5jby5qcC9lLW1hYnVjaGkvY2FiaW5ldC9ocC9hc3UuZ2lmIiBib3JkZXI9IjAiPiCl2qlgpbiky7Ht05uktaTspMakpKTry83Bz6TPoaKkqr/NmJSkrMXky823vbeopPLfeJJrpLWk7KTrxL+wsqTOnumkzrHt05ukyKTKpOqk3qS5oaM8QlI+CqGhxeTLzbe9t6ikz9KOtqjN4qTHpLTA+9PD7ZSksaTKpKSI9rrPpM6k37HXteqkx4nkuPzWwqS3pN6kuaSsoaKkvaTs0tTN4qTPoaI8QlI+CqGhPEI+pLTXos7ElXKky994kmvtlKSkpL/F5MvNt723qKTHpM6wa8vNPC9CPqTIpMqk6qTepLmhozwvRk9OVD48QlI+,U3VuIExpZmWhobzSzaXTw6XLpcOlyKXfpbel8+GYObrFoaFIQSZ0aW1lcztJU1CjuqXepdalwaXNpcOlyKW3peelw6XX,pd6l1qXBkmmkraWtpeOl86XQpbmhobK8yfq12NHzssPK1ty/peml36XNqWClyL5kwum3q7K8pbOluaXXpezSwtewk9zLrrzTuaSl36W3pfPhmPTpyOuIQMjr0aelsKXDpbql1aWhpdal6qXDpa8xMKPjo+2kq6Tp2JyJ07TMpLek5aSmy83Bz59vwc9TdW4gTGlmZaGhvNLNpdPDpculw6XIpd+lt6Xz4Zg5usWhoUhBJnRpbWVzO0lTUA==,pculw6XI08Ol36W3pfPhmLGhytakzqXLpcOlyLXY08Oho1N1biBMaWZloaG80s2l08Oly6XDpcil36W3pfPhmDm6xaGhSEEmdGltZXM7SVNQ[rn]
25-29683,aHR0cDovL3RzaG9wLnIxMHMuanAvZS1tYWJ1Y2hpL2NhYmluZXQvZnVrdS9hLW5lZWRsZS9zdW4tbGlmZS1ob21lLWtuaXQ5LmpwZz9maXRpbj03MDA6NzAw,MjQwLjAwMDA=,,yNXTw8a362rYmz/OxLe/vt8/ytbcvyA+IMrW3L8/pa+l6aXVpcg/yfq12CA+IKWipa+lu6W1peqpYKWvpeml1aXIssTBzyA+IKWipa+ltaXqqWCl0algpcQgPiCkvaTOy/s=,U3VuIExpZmWhobzSzaXTw6XLpcOlyKXfpbel8+GYOaGrMTS6xaGhSEGhwUlTUA==,pculw6XI08Ol36W3pfPhmA==,PGNlbnRlcj48SU1HIHNyYz0iaHR0cDovL2ltYWdlLnJha3V0ZW4uY28uanAvZS1tYWJ1Y2hpL2NhYmluZXQvdGVuc2VuLWwuanBnIiBib3JkZXI9IjAiPjxCUj4KPEZPTlQgc2l6ZT0iMiI+PEJSPgq80s2l08OkzqXLpcOlyLXY08Ol36W3pfPhmKTHpLmhozxCUj4KPEJSPgqly6XDpcg/pcil6qWzpcOlyKTkpbil46lgpbikyqTJPEJSPgrJ7L9z0NSkzqSipOvJ+rXYpM6Mn9PD4Zikx6S5oaM8QlI+CjxCUj4K4Ziky7rPpKb06aTkyfq12KTP1/O7rc/xpM48QlI+CjK3rMS/pPKktLLO1dXPwqS1pKShozxCUj4KPEJSPgo8QlI+CjxJTUcgc3JjPSJodHRwOi8vaW1hZ2UucmFrdXRlbi5jby5qcC9lLW1hYnVjaGkvY2FiaW5ldC9taW5pLWl0by5qcGciIGJvcmRlcj0iMCI+oaGluaXBqWCl69F1pculw6Wxpeul4aXDpa08QlI+Cig0sb6lu6XDpcgpPEJSPgo8QlI+CjxCUj4KPC9GT05UPjxGT05UIHNpemU9IjIiPuGYpMjJ+rXYpM/PwtObpPKktLLOv7yky6S3pMbPwqS1pKShozwvRk9OVD48QlI+CjxCUj4KPFRBQkxFIGJvcmRlcj0iMCI+CiAgPFRCT0RZPgogICAgPFRSPgogICAgICA8VEQ+PEZPTlQgc2l6ZT0iMiI+PElNRyBzcmM9Imh0dHA6Ly9pbWFnZS5yYWt1dGVuLmNvLmpwL2UtbWFidWNoaS9jYWJpbmV0L2hwL2FzdS5naWYiIGJvcmRlcj0iMCI+IDm6xTwvRk9OVD48L1REPgogICAgICA8VEQ+PEZPTlQgc2l6ZT0iMiI+saHK1rXYpM6ly6XDpcjJ+rXYPC9GT05UPjwvVEQ+CiAgICA8L1RSPgogICAgPFRSPgogICAgICA8VEQ+PElNRyBzcmM9Imh0dHA6Ly9pbWFnZS5yYWt1dGVuLmNvLmpwL2UtbWFidWNoaS9jYWJpbmV0L2hwL2FzdS5naWYiIGJvcmRlcj0iMCI+PEZPTlQgc2l6ZT0iMiI+IDExusU8L0ZPTlQ+PC9URD4KICAgICAgPFREPjxGT05UIHNpemU9IjIiPiDG1c2otdikzqXLpcOlyMn6tdg8L0ZPTlQ+PC9URD4KICAgIDwvVFI+CiAgICA8VFI+CiAgICAgIDxURD48SU1HIHNyYz0iaHR0cDovL2ltYWdlLnJha3V0ZW4uY28uanAvZS1tYWJ1Y2hpL2NhYmluZXQvaHAvYXN1LmdpZiIgYm9yZGVyPSIwIj48Rk9OVCBzaXplPSIyIj4gMTS6xTwvRk9OVD48L1REPgogICAgICA8VEQ+PEZPTlQgc2l6ZT0iMiI+ILrxyta12KTOpculw6XIyfq12DwvRk9OVD48L1REPgogICAgPC9UUj4KICA8L1RCT0RZPgo8L1RBQkxFPgo8Rk9OVCBzaXplPSIyIj48QlI+CjxCUj4KPElNRyBzcmM9Imh0dHA6Ly9pbWFnZS5yYWt1dGVuLmNvLmpwL2UtbWFidWNoaS9jYWJpbmV0L3RlbnNlbi1jLmpwZyIgYm9yZGVyPSIwIj6hoTxCPjxGT05UIHNpemU9IjIiPsvNwc+kz8/C05uk8qS0ss7V1c/CpLWkpKGhPElNRyBzcmM9Imh0dHA6Ly9pbWFnZS5yYWt1dGVuLmNvLmpwL2UtbWFidWNoaS9jYWJpbmV0L3RlbnNlbi1jLmpwZyIgYm9yZGVyPSIwIj48L0ZPTlQ+PC9CPjxCUj4KPEJSPgo8L0ZPTlQ+CjxUQUJMRSBib3JkZXI9IjAiIHdpZHRoPSIyODAiIGhlaWdodD0iMTUyIj4KICA8VEJPRFk+CiAgICA8VFI+CiAgICAgIDxURCBjb2xzcGFuPSIzIiBhbGlnbj0iY2VudGVyIiB3aWR0aD0iMzM0Ij48Rk9OVCBzaXplPSIyIj48Rk9OVCBzaXplPSIyIj48SU1HIHNyYz0iaHR0cDovL2ltYWdlLnJha3V0ZW4uY28uanAvZS1tYWJ1Y2hpL2NhYmluZXQvaHAvbGluZS15b2tvLXNzLmdpZiIgYm9yZGVyPSIwIj48L0ZPTlQ+PC9GT05UPjwvVEQ+CiAgICA8L1RSPgogICAgPFRSPgogICAgICA8VEQgYWxpZ249ImNlbnRlciIgYmdjb2xvcj0iI2ZmZWZkZiIgd2lkdGg9IjgwIj48Rk9OVCBzaXplPSIyIj7F5MvNt723qDwvRk9OVD48L1REPgogICAgICA8VEQgYWxpZ249ImNlbnRlciIgYmdjb2xvcj0iI2ZmZWZkZiIgd2lkdGg9IjEwMCI+PEZPTlQgc2l6ZT0iMiI+pLTXos7EhWfOuzwvRk9OVD48L1REPgogICAgICA8VEQgYWxpZ249ImNlbnRlciIgYmdjb2xvcj0iI2ZmZWZkZiIgd2lkdGg9IjEwMCI+PEZPTlQgc2l6ZT0iMiI+y83BzzwvRk9OVD48L1REPgogICAgPC9UUj4KICAgIDxUUj4KICAgICAgPFREIGNvbHNwYW49IjMiIGFsaWduPSJjZW50ZXIiIHdpZHRoPSIzMzQiPjxGT05UIHNpemU9IjIiPjxJTUcgc3JjPSJodHRwOi8vaW1hZ2UucmFrdXRlbi5jby5qcC9lLW1hYnVjaGkvY2FiaW5ldC9ocC9saW5lLXlva28tc3MuZ2lmIiBib3JkZXI9IjAiPjwvRk9OVD48L1REPgogICAgPC9UUj4KICAgIDxUUj4KICAgICAgPFREIGFsaWduPSJjZW50ZXIiIGJnY29sb3I9IiNmZmVmZGYiIHdpZHRoPSI4MCI+PEZPTlQgc2l6ZT0iMiI+pc2ls6Xdpbk8L0ZPTlQ+PC9URD4KICAgICAgPFREIGFsaWduPSJjZW50ZXIiIHdpZHRoPSIxMDAiPjxGT05UIHNpemU9IjIiPsD708O/yTwvRk9OVD48L1REPgogICAgICA8VEQgYWxpZ249ImNlbnRlciIgd2lkdGg9IjEwMCI+PEZPTlQgc2l6ZT0iMiI+Mjcwg9I8L0ZPTlQ+PC9URD4KICAgIDwvVFI+CiAgICA8VFI+CiAgICAgIDxURCBjb2xzcGFuPSIzIiBhbGlnbj0iY2VudGVyIiB3aWR0aD0iMzM0Ij48Rk9OVCBzaXplPSIyIj48SU1HIHNyYz0iaHR0cDovL2ltYWdlLnJha3V0ZW4uY28uanAvZS1tYWJ1Y2hpL2NhYmluZXQvaHAvbGluZS15b2tvLXNzLmdpZiIgYm9yZGVyPSIwIj48L0ZPTlQ+PC9URD4KICAgIDwvVFI+CiAgICA8VFI+CiAgICAgIDxURCBhbGlnbj0iY2VudGVyIiBiZ2NvbG9yPSIjZmZlZmRmIiB3aWR0aD0iODAiPjxGT05UIHNpemU9IjIiPrao0M7N4jwvRk9OVD48L1REPgogICAgICA8VEQgYWxpZ249ImNlbnRlciIgd2lkdGg9IjEwMCI+PEZPTlQgc2l6ZT0iMiI+wPvTw7/JPC9GT05UPjwvVEQ+CiAgICAgIDxURCBhbGlnbj0iY2VudGVyIiB3aWR0aD0iMTAwIj48Rk9OVCBzaXplPSIyIj40MDCD0jwvRk9OVD48L1REPgogICAgPC9UUj4KICAgIDxUUj4KICAgICAgPFREIGNvbHNwYW49IjMiIGFsaWduPSJjZW50ZXIiIHdpZHRoPSIzMzQiPjxGT05UIHNpemU9IjIiPjxJTUcgc3JjPSJodHRwOi8vaW1hZ2UucmFrdXRlbi5jby5qcC9lLW1hYnVjaGkvY2FiaW5ldC9ocC9saW5lLXlva28tc3MuZ2lmIiBib3JkZXI9IjAiPjwvRk9OVD48L1REPgogICAgPC9UUj4KICAgIDxUUj4KICAgICAgPFREIGFsaWduPSJjZW50ZXIiIGJnY29sb3I9IiNmZmVmZGYiIGhlaWdodD0iMTciIHdpZHRoPSI4MCI+PEZPTlQgc2l6ZT0iMiI+1azF5LHjPC9GT05UPjwvVEQ+CiAgICAgIDxURCBhbGlnbj0iY2VudGVyIiBoZWlnaHQ9IjE3IiB3aWR0aD0iMTAwIj48Rk9OVCBzaXplPSIyIj7A+9PDv8k8L0ZPTlQ+PC9URD4KICAgICAgPFREIGFsaWduPSJjZW50ZXIiIGhlaWdodD0iMTciIHdpZHRoPSIxMDAiPjxGT05UIHNpemU9IjIiPjU0MIPSpKs0MzKD0jwvRk9OVD48L1REPgogICAgPC9UUj4KICAgIDxUUj4KICAgICAgPFREIGNvbHNwYW49IjMiIGFsaWduPSJjZW50ZXIiIGhlaWdodD0iMTkiIHdpZHRoPSIzMzQiPjxGT05UIHNpemU9IjIiPjxJTUcgc3JjPSJodHRwOi8vaW1hZ2UucmFrdXRlbi5jby5qcC9lLW1hYnVjaGkvY2FiaW5ldC9ocC9saW5lLXlva28tc3MuZ2lmIiBib3JkZXI9IjAiPjwvRk9OVD48L1REPgogICAgPC9UUj4KICA8L1RCT0RZPgo8L1RBQkxFPgo8QlI+CjxUQUJMRSBib3JkZXI9IjAiPgogIDxUQk9EWT4KICAgIDxUUj4KICAgICAgPFREPjxGT05UIHNpemU9IjIiPqH51azF5LHjNDMyg9Kkz5Z8sbE2sWikzqTfpMehorGxuqO1wD88QlI+CiAgICAgIKGhm1+/ST/reI11pPKz/aSvy/uxaKSsNTQwg9KkyKTKpOqk3qS5oaM8QlI+CiAgICAgIDxCUj4KICAgICAgofnJz9Obwc+98KTPzazJzMa3pM6I9rrPpMekuaGjPEJSPgogICAgICChocv7yczGt6TIpM7NrJd5pM/LzcHPpKyJ5KTvpOuI9rrPpKw8QlI+CiAgICAgIKGhpLSktqSkpN6kuaTOpMektMHLs9DPwqS1pKShozxCUj4KICAgICAgPEJSPgogICAgICCh+bfWpLGkxqS016LOxO2UpKSkxqTisGvLzaTPpKqjscjLmJQxl3mw/DxCUj4KICAgICAgoaGkzrBry82kx6S5oaOhoYRly82kz4ydj+qkt6TGpKqk6qTepLuk86GjPC9GT05UPjwvVEQ+CiAgICA8L1RSPgogIDwvVEJPRFk+CjwvVEFCTEU+CjxCUj4KPEJSPgo8Rk9OVCBzaXplPSIyIj48SU1HIHNyYz0iaHR0cDovL2ltYWdlLnJha3V0ZW4uY28uanAvZS1tYWJ1Y2hpL2NhYmluZXQvdGVuc2VuLWMuanBnIiBib3JkZXI9IjAiPqGhPEI+pKqkuaS5pOGloqWkpcal4DwvQj6hoTxJTUcgc3JjPSJodHRwOi8vaW1hZ2UucmFrdXRlbi5jby5qcC9lLW1hYnVjaGkvY2FiaW5ldC90ZW5zZW4tYy5qcGciIGJvcmRlcj0iMCI+PEJSPgo8QlI+CjwvRk9OVD4KPFRBQkxFPgogIDxUQk9EWT4KICAgIDxUUj4KICAgICAgPFREPjxGT05UIHNpemU9IjIiPjxJTUcgc3JjPSJodHRwOi8vaW1hZ2UucmFrdXRlbi5jby5qcC9lLW1hYnVjaGkvY2FiaW5ldC9taW5pLWl0by5qcGciIGJvcmRlcj0iMCI+oaHTw8a3P9PDvt88QlI+CiAgICAgIDxJTUcgc3JjPSJodHRwOi8vaW1hZ2UucmFrdXRlbi5jby5qcC9lLW1hYnVjaGkvY2FiaW5ldC9taW5pLWl0by5qcGciIGJvcmRlcj0iMCI+oaGlt6XqpbOl86W5pdel7KlgPEJSPgogICAgICA8SU1HIHNyYz0iaHR0cDovL2ltYWdlLnJha3V0ZW4uY28uanAvZS1tYWJ1Y2hpL2NhYmluZXQvbWluaS1pdG8uanBnIiBib3JkZXI9IjAiPqGhpculw6XI08Ol36W3pfP06TxCUj4KICAgICAgPC9GT05UPjwvVEQ+CiAgICA8L1RSPgogIDwvVEJPRFk+CjwvVEFCTEU+CjxCUj4KPElNRyBzcmM9Imh0dHA6Ly9pbWFnZS5yYWt1dGVuLmNvLmpwL2UtbWFidWNoaS9jYWJpbmV0L3RlbnNlbi1yLmpwZyIgYm9yZGVyPSIwIj48Rk9OVCBzaXplPSIyIj48QlI+CjwvRk9OVD48L0NFTlRFUj48Qj48Rk9OVCBjb2xvcj1yZWQgc2l6ZT0yPjxJTUcgc3JjPSJodHRwOi8vaW1hZ2UucmFrdXRlbi5jby5qcC9lLW1hYnVjaGkvY2FiaW5ldC9ocC9hc3UuZ2lmIiBib3JkZXI9IjAiPiA8L0ZPTlQ+PC9CPjxGT05UIHNpemU9Mj6MZ7XqxW6kyNTajuy5stPQpM6e6aGipc2lw6XIpbel56XDpdekx9icidOkt6TGpKSkxqTijGe16sVupMeJ06TspMakt6TepMOkv4j2us+hojxCUj4KoaEgCticidPW0KTHpOLJ6qS31FWktKS2pKSk3qS7pPOkrKGipLTXos7EpM6lv6Wkpd+l86WwpMuk6KTqxrfH0KTspM6I9rrPpKyktKS2pKSk3qS5oaM8QlI+CqGhpL2kzutIpM+hoqXhqWCl67XIpMektN9CvWqktaS7pMbtlKStpN6kuaTOpMektMHLs9DPwqS1pKShozxCUj4KoaHT1qGi1NqO7MfQpOykx9TajuykrKSipOu31qTyz8iky6Sqy82k6qS5pOuI9rrPpM+hosvNwc+krDK72LfWpKukq6TqpN6kuaTOpMehojxCUj4KoaHJ6qS31FWktKS2pKSk3qS7pPOkrDxCPjK72LfWpM7LzcHPpM+kqr/NmJTYk7WjPC9CPqTHpKruiqSk1sKkt6TepLmhozxCUj4KoaGEZcvNpLTPo837pM6I9rrPpM+hoqS0wcuz0KTOyc+ktNPDw/zPwqS1pKShozwvRk9OVD48Qj48Rk9OVCBzaXplPTI+PEJSPgo8QlI+CjwvRk9OVD48Rk9OVCBzaXplPSIyIiBjb2xvcj0iI2ZmMDAwMCI+PElNRyBzcmM9Imh0dHA6Ly9pbWFnZS5yYWt1dGVuLmNvLmpwL2UtbWFidWNoaS9jYWJpbmV0L2hwL2FzdS5naWYiIGJvcmRlcj0iMCI+IDwvRk9OVD48L0I+PEZPTlQgc2l6ZT0yPqSqv82YlKTOpLTTRaTLpMqk661ovrOky6TopOqhoqWrpempYKSs32Ckw6TG0oqkqKTriPa6z6SspLSktqSkpN6kuaTOpMehoqS0wcuz0M/CpLWkpKGjPC9GT05UPjxCUj4KPEI+PEZPTlQgc2l6ZT0yPjxCUj4KPC9GT05UPjwvQj48Rk9OVCBjb2xvcj0icmVkIiBzaXplPSIyIj48SU1HIHNyYz0iaHR0cDovL2ltYWdlLnJha3V0ZW4uY28uanAvZS1tYWJ1Y2hpL2NhYmluZXQvaHAvYXN1LmdpZiIgYm9yZGVyPSIwIj4gPC9GT05UPjxGT05UIHNpemU9IjIiPsXky823vbeopMelzaWzpd2luaTktqjQzs3i4F2x46TypLTWuLao7ZSkpKTGpOLSjraozeKkx6S0wPvTw+2UpLGkyqSkiPa6z6TPoaI8QlI+CqGhsde16qTHsGvLzb/JxNykysXky823vbeopMuJ5Lj81sKkt6TepLmhozxCUj4KoaG2qNDOzeLgXbHjpKvVrMXkseOky4nkuPykt6TGsGvLzdbCpLek3qS5pM6kx6Gi0+ik4aS0wcuz0KSvpMCktaSkoaM8QlI+CqGhPEJSPgo8SU1HIHNyYz0iaHR0cDovL2ltYWdlLnJha3V0ZW4uY28uanAvZS1tYWJ1Y2hpL2NhYmluZXQvaHAvYXN1LmdpZiIgYm9yZGVyPSIwIj4gpdqpYKW4pMux7dObpLWk7KTGpKSk68vNwc+kz6GipKq/zZiUpKzF5MvNt723qKTy33iSa6S1pOyk68S/sLKkzp7ppM6x7dObpMikyqTqpN6kuaGjPEJSPgqhocXky823vbeopM/SjraozeKkx6S0wPvTw+2UpLGkyqSkiPa6z6TOpN+x17XqpMeJ5Lj81sKkt6TepLmkrKGipL2k7NLUzeKkz6GiPEJSPgqhoTxCPqS016LOxJVypMvfeJJr7ZSkpKS/xeTLzbe9t6ikx6TOsGvLzTwvQj6kyKTKpOqk3qS5oaM8L0ZPTlQ+PEJSPg==,U3VuIExpZmWhobzSzaXTw6XLpcOlyKXfpbel8+GYOaGrMTS6xaGhSEEmdGltZXM7SVNQo7ql3qXWpcGlzaXDpcilt6XnpcOl1w==,pd6l1qXBkmmkraWtpeOl86XQpbmhobK8yfq12NHzssPK1ty/peml36XNqWClyL5kwum3q7K8pbOluaXXpezSwtewk9zLrrzTuaSl36W3pfPhmPTpyOuIQMjr0aelsKXDpbql1aWhpdal6qXDpa8xMKPjo+2kq6Tp2JyJ07TMpLek5aSmy83Bz59vwc9TdW4gTGlmZaGhvNLNpdPDpculw6XIpd+lt6Xz4Zg5oasxNLrFoaFIQSZ0aW1lcztJU1A=,pculw6XI08Ol36W3pfPhmKGjU3VuIExpZmWhobzSzaXTw6XLpcOlyKXfpbel8+GYOaGrMTS6xaGhSEEmdGltZXM7SVNQ[rn]
25-29684,aHR0cDovL3RzaG9wLnIxMHMuanAvZS1tYWJ1Y2hpL2NhYmluZXQvZnVrdS9hLW5lZWRsZS9jLWNzLW5lZWRsZTE5LTIzLmdpZj9maXRpbj03MDA6NzAw,MzIwLjAwMDA=,,yNXTw8a362rYmz/OxLe/vt8/ytbcvyA+IMrW3L8/pa+l6aXVpcg/yfq12CA+IKWipa+lu6W1peqpYKWvpeml1aXIssTBzyA+IKWipa+ltaXqqWCl0algpcQgPiCkvaTOy/s=,pa+l7aXQqWClr6XtpbmluaXGpcOlweGYoaFOTy4xOaGrMjOhocihus+kuw==,,PGNlbnRlcj48Qj5uZWVkbGU8L0I+PEJSPgo8QlI+CjxJTUcgc3JjPSJodHRwOi8vaW1hZ2UucmFrdXRlbi5jby5qcC9lLW1hYnVjaGkvY2FiaW5ldC90ZW5zZW4tbC5qcGciIGJvcmRlcj0iMCI+PEJSPgo8QlI+CjxGT05UIHNpemU9IjIiPlRhcGVzb3J5MjGhqzI1PEJSPgo8QlI+CvTpuO6k7KS3pMqkpKTopKbhmM/IpKw8QlI+CsnZpLfN6KSvpMqkw6TGpKSk3qS5oaM8QlI+CjxCUj4KPEJSPgo8SU1HIHNyYz0iaHR0cDovL2ltYWdlLnJha3V0ZW4uY28uanAvZS1tYWJ1Y2hpL2NhYmluZXQvdGVuc2VuLWMuanBnIiBib3JkZXI9IjAiPqGhoaE8Qj6lu6XDpcjE2sjdPC9CPqGhoaE8SU1HIHNyYz0iaHR0cDovL2ltYWdlLnJha3V0ZW4uY28uanAvZS1tYWJ1Y2hpL2NhYmluZXQvdGVuc2VuLWMuanBnIiBib3JkZXI9IjAiPjxCUj4KPEJSPgo8QlI+CjwvRk9OVD6hoTxGT05UIGNvbG9yPSIjMDAwMDAwIiBzaXplPSIyIj4KpL2k7KS+pOykzuGYpMu6z6Sm9OmkzzxCUj4K1/O7rc/xM7esxL+k8qS0ss7V1c/CpLWkpKGjPEJSPgo8QlI+CjxCUj4KPC9GT05UPjxJTUcgc3JjPSJodHRwOi8vaW1hZ2UucmFrdXRlbi5jby5qcC9lLW1hYnVjaGkvY2FiaW5ldC90ZW5zZW4tYy5qcGciIGJvcmRlcj0iMCI+oaE8Qj48Rk9OVCBzaXplPSIyIj7LzcHPpM/PwtObpPKktLLO1dXPwqS1pKShoTxJTUcgc3JjPSJodHRwOi8vaW1hZ2UucmFrdXRlbi5jby5qcC9lLW1hYnVjaGkvY2FiaW5ldC90ZW5zZW4tYy5qcGciIGJvcmRlcj0iMCI+PC9GT05UPjwvQj48QlI+CjxCUj4KPFRBQkxFIGJvcmRlcj0iMCIgd2lkdGg9IjI4MCIgaGVpZ2h0PSIxNTIiIHN0eWxlPSdmb250LXNpemUgOiBzbWFsbDtmb250LWZhbWlseSA6ICKjzaPTIKW0pbelw6WvIjt0ZXh0LWFsaWduIDogY2VudGVyO3JpZ2h0IDogaW5oZXJpdDsnPgogIDxUQk9EWT4KICAgIDxUUj4KICAgICAgPFREIGNvbHNwYW49IjMiIHdpZHRoPSIzMzQiPjxJTUcgc3JjPSJodHRwOi8vaW1hZ2UucmFrdXRlbi5jby5qcC9lLW1hYnVjaGkvY2FiaW5ldC9ocC9saW5lLXlva28tc3MuZ2lmIiBib3JkZXI9IjAiPjwvVEQ+CiAgICA8L1RSPgogICAgPFRSPgogICAgICA8VEQgYmdjb2xvcj0iI2ZmZWZkZiIgd2lkdGg9IjgwIj7F5MvNt723qDwvVEQ+CiAgICAgIDxURCBiZ2NvbG9yPSIjZmZlZmRmIiB3aWR0aD0iMTAwIj6ktNeizsSFZ867PC9URD4KICAgICAgPFREIGJnY29sb3I9IiNmZmVmZGYiIHdpZHRoPSIxMDAiPsvNwc88L1REPgogICAgPC9UUj4KICAgIDxUUj4KICAgICAgPFREIGNvbHNwYW49IjMiIHdpZHRoPSIzMzQiPjxJTUcgc3JjPSJodHRwOi8vaW1hZ2UucmFrdXRlbi5jby5qcC9lLW1hYnVjaGkvY2FiaW5ldC9ocC9saW5lLXlva28tc3MuZ2lmIiBib3JkZXI9IjAiPjwvVEQ+CiAgICA8L1RSPgogICAgPFRSPgogICAgICA8VEQgYmdjb2xvcj0iI2ZmZWZkZiIgd2lkdGg9IjgwIj6lzaWzpd2luTwvVEQ+CiAgICAgIDxURCB3aWR0aD0iMTAwIj7A+9PDv8k8L1REPgogICAgICA8VEQgd2lkdGg9IjEwMCI+Mjcwg9I8L1REPgogICAgPC9UUj4KICAgIDxUUj4KICAgICAgPFREIGNvbHNwYW49IjMiIHdpZHRoPSIzMzQiPjxJTUcgc3JjPSJodHRwOi8vaW1hZ2UucmFrdXRlbi5jby5qcC9lLW1hYnVjaGkvY2FiaW5ldC9ocC9saW5lLXlva28tc3MuZ2lmIiBib3JkZXI9IjAiPjwvVEQ+CiAgICA8L1RSPgogICAgPFRSPgogICAgICA8VEQgYmdjb2xvcj0iI2ZmZWZkZiIgd2lkdGg9IjgwIj62qNDOzeI8L1REPgogICAgICA8VEQgd2lkdGg9IjEwMCI+wPvTw7/JPC9URD4KICAgICAgPFREIHdpZHRoPSIxMDAiPjQwMIPSPC9URD4KICAgIDwvVFI+CiAgICA8VFI+CiAgICAgIDxURCBjb2xzcGFuPSIzIiB3aWR0aD0iMzM0Ij48SU1HIHNyYz0iaHR0cDovL2ltYWdlLnJha3V0ZW4uY28uanAvZS1tYWJ1Y2hpL2NhYmluZXQvaHAvbGluZS15b2tvLXNzLmdpZiIgYm9yZGVyPSIwIj48L1REPgogICAgPC9UUj4KICAgIDxUUj4KICAgICAgPFREIGJnY29sb3I9IiNmZmVmZGYiIGhlaWdodD0iMTciIHdpZHRoPSI4MCI+1azF5LHjPC9URD4KICAgICAgPFREIGhlaWdodD0iMTciIHdpZHRoPSIxMDAiPsD708O/yTwvVEQ+CiAgICAgIDxURCBoZWlnaHQ9IjE3IiB3aWR0aD0iMTAwIj41NDCD0qSrNDMyg9I8L1REPgogICAgPC9UUj4KICAgIDxUUj4KICAgICAgPFREIGNvbHNwYW49IjMiIGhlaWdodD0iMTkiIHdpZHRoPSIzMzQiPjxJTUcgc3JjPSJodHRwOi8vaW1hZ2UucmFrdXRlbi5jby5qcC9lLW1hYnVjaGkvY2FiaW5ldC9ocC9saW5lLXlva28tc3MuZ2lmIiBib3JkZXI9IjAiPjwvVEQ+CiAgICA8L1RSPgogIDwvVEJPRFk+CjwvVEFCTEU+CjxCUj4KPFRBQkxFIGJvcmRlcj0iMCI+CiAgPFRCT0RZPgogICAgPFRSPgogICAgICA8VEQ+PEZPTlQgc2l6ZT0iMiI+ofnVrMXkseM0MzKD0qTPlnyxsTaxaKTOpN+kx6GisbG6o7XAPzxCUj4KICAgICAgoaGbX79JP+t4jXWk8rP9pK/L+7FopKw1NDCD0qTIpMqk6qTepLmhozxCUj4KICAgICAgPEJSPgogICAgICCh+cnP05vBz73wpM/NrMnMxrekzoj2us+kx6S5oaM8QlI+CiAgICAgIKGhy/vJzMa3pMikzs2sl3mkz8vNwc+krInkpO+k64j2us+krDxCUj4KICAgICAgoaGktKS2pKSk3qS5pM6kx6S0wcuz0M/CpLWkpKGjPEJSPgogICAgICA8QlI+CiAgICAgIKH5t9aksaTGpLTXos7E7ZSkpKTGpOKwa8vNpM+kqqOxyMuYlDGXeTxCUj4KICAgICAgoaGw/KTOsGvLzaTHpLmho4Rly82kz4ydj+qkt6TGpKqk6qTepLuk86GjPC9GT05UPjwvVEQ+CiAgICA8L1RSPgogIDwvVEJPRFk+CjwvVEFCTEU+CjxCUj4KPEJSPgo8Rk9OVCBzaXplPSIyIj48SU1HIHNyYz0iaHR0cDovL2ltYWdlLnJha3V0ZW4uY28uanAvZS1tYWJ1Y2hpL2NhYmluZXQvdGVuc2VuLWMuanBnIiBib3JkZXI9IjAiPqGhPEI+pKqkuaS5pOGloqWkpcal4DwvQj6hoTxJTUcgc3JjPSJodHRwOi8vaW1hZ2UucmFrdXRlbi5jby5qcC9lLW1hYnVjaGkvY2FiaW5ldC90ZW5zZW4tYy5qcGciIGJvcmRlcj0iMCI+PEJSPgo8QlI+CjwvRk9OVD4KPFRBQkxFPgogIDxUQk9EWT4KICAgIDxUUj4KICAgICAgPFREPjxGT05UIHNpemU9IjIiPjxJTUcgc3JjPSJodHRwOi8vaW1hZ2UucmFrdXRlbi5jby5qcC9lLW1hYnVjaGkvY2FiaW5ldC9taW5pLWl0by5qcGciIGJvcmRlcj0iMCI+oaHTw8a3P9PDvt88QlI+CiAgICAgIDxJTUcgc3JjPSJodHRwOi8vaW1hZ2UucmFrdXRlbi5jby5qcC9lLW1hYnVjaGkvY2FiaW5ldC9taW5pLWl0by5qcGciIGJvcmRlcj0iMCI+oaGlt6XqpbOl86W5pdel7KlgPC9GT05UPjwvVEQ+CiAgICA8L1RSPgogIDwvVEJPRFk+CjwvVEFCTEU+CjxCUj4KPElNRyBzcmM9Imh0dHA6Ly9pbWFnZS5yYWt1dGVuLmNvLmpwL2UtbWFidWNoaS9jYWJpbmV0L3RlbnNlbi1yLmpwZyIgYm9yZGVyPSIwIj48QlI+CjwvQ0VOVEVSPjxCPjxGT05UIGNvbG9yPXJlZCBzaXplPTI+PElNRyBzcmM9Imh0dHA6Ly9pbWFnZS5yYWt1dGVuLmNvLmpwL2UtbWFidWNoaS9jYWJpbmV0L2hwL2FzdS5naWYiIGJvcmRlcj0iMCI+IDwvRk9OVD48L0I+PEZPTlQgc2l6ZT0yPoxnterFbqTI1NqO7Lmy09Ckzp7poaKlzaXDpcilt6XnpcOl16TH2JyJ06S3pMakpKTGpOKMZ7XqxW6kx4nTpOykxqS3pN6kw6S/iPa6z6GiPEJSPgqhoSDYnInT1tCkx6Tiyeqkt9RVpLSktqSkpN6ku6TzpKyhoqS016LOxKTOpb+lpKXfpfOlsKTLpOik6sa3x9Ck7KTOiPa6z6SspLSktqSkpN6kuaGjPEJSPgqhoaS9pM7rSKTPoaKl4algpeu1yKTHpLTfQr1qpLWku6TG7ZSkraTepLmkzqTHpLTBy7PQz8KktaSkoaM8QlI+CqGh09ahotTajuzH0KTspMfU2o7spKykoqTrt9ak8s/IpMukqsvNpOqkuaTriPa6z6TPoaLLzcHPpKwyu9i31qSrpKuk6qTepLmkzqTHoaI8QlI+CqGhyeqkt9RVpLSktqSkpN6ku6TzpKw8Qj4yu9i31qTOy83Bz6TPpKq/zZiU2JO1ozwvQj6kx6Sq7oqkpNbCpLek3qS5oaM8QlI+CqGhhGXLzaS0z6PN+6TOiPa6z6TPoaKktMHLs9CkzsnPpLTTw8P8z8KktaSkoaM8L0ZPTlQ+PEI+PEZPTlQgc2l6ZT0yPjxCUj4KPEJSPgo8Rk9OVCBjb2xvcj1yZWQgc2l6ZT0yPjxJTUcgc3JjPSJodHRwOi8vaW1hZ2UucmFrdXRlbi5jby5qcC9lLW1hYnVjaGkvY2FiaW5ldC9ocC9hc3UuZ2lmIiBib3JkZXI9IjAiPiA8L0ZPTlQ+PC9GT05UPjwvQj48Rk9OVCBzaXplPTI+pLTTRe2UpK+taL6zpMuk6KTqpaul6algpKzfYKTDpMbSiqSopOuI9rrPpKyktKS2pKSk3qS5pM6kx6GipLTBy7PQz8KktaSkoaM8QlI+CjxCUj4KPEZPTlQgY29sb3I9InJlZCIgc2l6ZT0iMiI+PElNRyBzcmM9Imh0dHA6Ly9pbWFnZS5yYWt1dGVuLmNvLmpwL2UtbWFidWNoaS9jYWJpbmV0L2hwL2FzdS5naWYiIGJvcmRlcj0iMCI+IDwvRk9OVD6x7dObpLekxqSqpOqk3qS5yfq12L3tpM+hosrLyc+krKTqpMuk6KTDpMa24MnZx7Dh4aS5pOuI9rrPpKyktKS2pKSk3qS5oaM8QlI+CqGh09ahos2spLjJ+rXYpMek4si+pOGk67iqpKzfYKSmpMjJq6TLzqLD7qTK32CkpKSss/ak3qS5oaPXt7zTpLTXos7Etcikx82spLjJ+rXYpPI8QlI+CqGhpLTXos7E7ZSkpKS/iPa6z6THpOLIvqThpOu4qqSs32Ckw6S/yfq12KTPoaLI9LjJpaul6algpKyJ5KTvpOvKwqSspLSktqSkpN6kuaTOpMehojxCUj4KoaGktMHLs9CkzsnPoaKktNeizsSk8qSq7oqkpNbCpLek3qS5oaM8QlI+CjxCUj4KPC9GT05UPgo8Rk9OVCBjb2xvcj0icmVkIiBzaXplPSIyIj48SU1HIHNyYz0iaHR0cDovL2ltYWdlLnJha3V0ZW4uY28uanAvZS1tYWJ1Y2hpL2NhYmluZXQvaHAvYXN1LmdpZiIgYm9yZGVyPSIwIj4gPC9GT05UPjxGT05UIHNpemU9IjIiPsXky823vbeopMelzaWzpd2luaTktqjQzs3i4F2x46TypLTWuLao7ZSkpKTGpOLSjraozeKkx6S0wPvTw+2UpLGkyqSkiPa6z6TPoaI8QlI+CqGhsde16qTHsGvLzb/JxNykysXky823vbeopMuJ5Lj81sKkt6TepLmhozxCUj4KoaG2qNDOzeLgXbHjpKvVrMXkseOky4nkuPykt6TGsGvLzdbCpLek3qS5pM6kx6Gi0+ik4aS0wcuz0KSvpMCktaSkoaM8QlI+CjxCUj4KPEZPTlQgY29sb3I9InJlZCI+PElNRyBzcmM9Imh0dHA6Ly9pbWFnZS5yYWt1dGVuLmNvLmpwL2UtbWFidWNoaS9jYWJpbmV0L2hwL2FzdS5naWYiIGJvcmRlcj0iMCI+IDwvRk9OVD6l2qlgpbiky7Ht05uktaTspMakpKTry83Bz6TPoaKkqr/NmJSkrMXky823vbeopPLfeJJrpLWk7KTrxL+wsqTOnumkzrHt05ukyKTKpOqk3qS5oaM8QlI+CqGhxeTLzbe9t6ikz9KOtqjN4qTHpLTA+9PD7ZSksaTKpKSI9rrPpM6k37HXteqkx4nkuPzWwqS3pN6kuaSsoaKkvaTs0tTN4qTPoaI8QlI+CqGhPEI+pLTXos7ElXKky994kmvtlKSkpL/F5MvNt723qKTHpM6wa8vNPC9CPqTIpMqk6qTepLmhozwvRk9OVD48QlI+,pa+l7aXQqWClr6XtpbmluaXGpcOlweGYoaFOTy4xOaGrMjOhocihus+ku6O6pd6l1qXBpc2lw6XIpbel56XDpdc=,pd6l1qXBkmmkraWtpeOl86XQpbmhobK8yfq12NHzssPK1ty/peml36XNqWClyL5kwum3q7K8pbOluaXXpezSwtewk9zLrrzTuaSl36W3pfPhmPTpyOuIQMjr0aelsKXDpbql1aWhpdal6qXDpa8xMKPjo+2kq6Tp2JyJ07TMpLek5aSmy83Bz59vwc+lr6XtpdCpYKWvpe2luaW5pcalw6XB4ZihoU5PLjE5oasyM6GhyKG6z6S7,pa+l7aXQqWClr6XtpbmluaXGpcOlweGYoaFOTy4xOaGrMjOhocihus+kuw==[rn]
25-29685,aHR0cDovL3RzaG9wLnIxMHMuanAvZS1tYWJ1Y2hpL2NhYmluZXQvZnVrdS9hLW5lZWRsZS9vcmdhbi1ob21lLWtuaXQ5LTE0LmpwZz9maXRpbj03MDA6NzAw,MjgwLjAwMDA=,,yNXTw8a362rYmz/OxLe/vt8/ytbcvyA+IMrW3L8/pa+l6aXVpcg/yfq12CA+IKWipa+lu6W1peqpYKWvpeml1aXIssTBzyA+IKWipa+ltaXqqWCl0algpcQgPiCkvaTOy/s=,T1JHQU4gvNLNpdPDpculw6XIpd+lt6Xz4ZihoTmhqzE0usWhoUhBocExU1A=,pculw6XI08Ol36W3pfM=,PGNlbnRlcj48Rk9OVCBzaXplPSIyIj48Qj5vcmdhbiBuZWVkbGVzPC9CPjwvRk9OVD48QlI+CjxCUj4KPElNRyBzcmM9Imh0dHA6Ly9pbWFnZS5yYWt1dGVuLmNvLmpwL2UtbWFidWNoaS9jYWJpbmV0L3RlbnNlbi1sLmpwZyIgYm9yZGVyPSIwIj48QlI+CjxCUj4KPEZPTlQgc2l6ZT0iMiI+vNLNpdPDpculw6XIjJ/Tw6Xfpbel8+GYPEJSPgo5usU/MTG6xT8xNLrFpMekuaGjPEJSPgo8QlI+CqXLpcOlyKTKpMnJ7L9z0NSkzqSipOvJ+rXYpMs8QlI+Ct9tpLekxqSkpN6kuaGjPEJSPgo8QlI+CvTp1XvX06TPpOak66SvoaLRuqSopM6IUsGmpOI8QlI+Csj1pOGky9V71fukt6TGpK+kwKS1pKShozxCUj4KPEJSPgo8L0ZPTlQ+PEZPTlQgc2l6ZT0iMiI+z8LTm6TypLSyztXV7ZSkraTepLekxqGiPEJSPgqktM+jzfukzrrFyv2k8qSq33ik06SvpMCktaSkoaM8QlI+CjxCUj4KPEJSPgo8L0ZPTlQ+CjxUQUJMRSBib3JkZXI9IjAiPgogIDxUQk9EWT4KICAgIDxUUj4KICAgICAgPFREPjxGT05UIHNpemU9IjIiPjxJTUcgc3JjPSJodHRwOi8vaW1hZ2UucmFrdXRlbi5jby5qcC9lLW1hYnVjaGkvY2FiaW5ldC9ocC9hc3UuZ2lmIiBib3JkZXI9IjAiPqGhObrFPC9GT05UPjwvVEQ+CiAgICAgIDxURD48Rk9OVCBzaXplPSIyIj6hobGhtdjTw6Ghpculw6XIjJ/TwzwvRk9OVD48L1REPgogICAgPC9UUj4KICAgIDxUUj4KICAgICAgPFREPjxGT05UIHNpemU9IjIiPjxJTUcgc3JjPSJodHRwOi8vaW1hZ2UucmFrdXRlbi5jby5qcC9lLW1hYnVjaGkvY2FiaW5ldC9ocC9hc3UuZ2lmIiBib3JkZXI9IjAiPqGhMTG6xTwvRk9OVD48L1REPgogICAgICA8VEQ+PEZPTlQgc2l6ZT0iMiI+oaHG1c2otdjTw6Ghpculw6XIjJ/TwzwvRk9OVD48L1REPgogICAgPC9UUj4KICAgIDxUUj4KICAgICAgPFREPjxGT05UIHNpemU9IjIiPjxJTUcgc3JjPSJodHRwOi8vaW1hZ2UucmFrdXRlbi5jby5qcC9lLW1hYnVjaGkvY2FiaW5ldC9ocC9hc3UuZ2lmIiBib3JkZXI9IjAiPqGhMTS6xTwvRk9OVD48L1REPgogICAgICA8VEQ+PEZPTlQgc2l6ZT0iMiI+oaHW0LrxtdjTw6Ghpculw6XIjJ/TwzwvRk9OVD48L1REPgogICAgPC9UUj4KICA8L1RCT0RZPgo8L1RBQkxFPgo8Rk9OVCBzaXplPSIyIj48QlI+CjxCUj4KPElNRyBzcmM9Imh0dHA6Ly9pbWFnZS5yYWt1dGVuLmNvLmpwL2UtbWFidWNoaS9jYWJpbmV0L21pbmktaXRvLmpwZyIgYm9yZGVyPSIwIj6hoTWxvsjrpOo8QlI+CjwvRk9OVD48QlI+CjxCUj4KPElNRyBzcmM9Imh0dHA6Ly9pbWFnZS5yYWt1dGVuLmNvLmpwL2UtbWFidWNoaS9jYWJpbmV0L3RlbnNlbi1jLmpwZyIgYm9yZGVyPSIwIj6hoTxCPjxGT05UIHNpemU9IjIiPsvNwc+kz8/C05uk8qS0ss7V1c/CpLWkpKGhPElNRyBzcmM9Imh0dHA6Ly9pbWFnZS5yYWt1dGVuLmNvLmpwL2UtbWFidWNoaS9jYWJpbmV0L3RlbnNlbi1jLmpwZyIgYm9yZGVyPSIwIj48L0ZPTlQ+PC9CPjxCUj4KPEJSPgo8VEFCTEUgYm9yZGVyPSIwIiB3aWR0aD0iMjgwIiBoZWlnaHQ9IjE1MiI+CiAgPFRCT0RZPgogICAgPFRSPgogICAgICA8VEQgY29sc3Bhbj0iMyIgYWxpZ249ImNlbnRlciIgd2lkdGg9IjMzNCI+PEZPTlQgc2l6ZT0iMiI+PElNRyBzcmM9Imh0dHA6Ly9pbWFnZS5yYWt1dGVuLmNvLmpwL2UtbWFidWNoaS9jYWJpbmV0L2hwL2xpbmUteW9rby1zcy5naWYiIGJvcmRlcj0iMCI+PC9GT05UPjwvVEQ+CiAgICA8L1RSPgogICAgPFRSPgogICAgICA8VEQgYWxpZ249ImNlbnRlciIgYmdjb2xvcj0iI2ZmZWZkZiIgd2lkdGg9IjgwIj48Rk9OVCBzaXplPSIyIj7F5MvNt723qDwvRk9OVD48L1REPgogICAgICA8VEQgYWxpZ249ImNlbnRlciIgYmdjb2xvcj0iI2ZmZWZkZiIgd2lkdGg9IjEwMCI+PEZPTlQgc2l6ZT0iMiI+pLTXos7EhWfOuzwvRk9OVD48L1REPgogICAgICA8VEQgYWxpZ249ImNlbnRlciIgYmdjb2xvcj0iI2ZmZWZkZiIgd2lkdGg9IjEwMCI+PEZPTlQgc2l6ZT0iMiI+y83BzzwvRk9OVD48L1REPgogICAgPC9UUj4KICAgIDxUUj4KICAgICAgPFREIGNvbHNwYW49IjMiIGFsaWduPSJjZW50ZXIiIHdpZHRoPSIzMzQiPjxGT05UIHNpemU9IjIiPjxJTUcgc3JjPSJodHRwOi8vaW1hZ2UucmFrdXRlbi5jby5qcC9lLW1hYnVjaGkvY2FiaW5ldC9ocC9saW5lLXlva28tc3MuZ2lmIiBib3JkZXI9IjAiPjwvRk9OVD48L1REPgogICAgPC9UUj4KICAgIDxUUj4KICAgICAgPFREIGFsaWduPSJjZW50ZXIiIGJnY29sb3I9IiNmZmVmZGYiIHdpZHRoPSI4MCI+PEZPTlQgc2l6ZT0iMiI+pc2ls6Xdpbk8L0ZPTlQ+PC9URD4KICAgICAgPFREIGFsaWduPSJjZW50ZXIiIHdpZHRoPSIxMDAiPjxGT05UIHNpemU9IjIiPsD708O/yTwvRk9OVD48L1REPgogICAgICA8VEQgYWxpZ249ImNlbnRlciIgd2lkdGg9IjEwMCI+PEZPTlQgc2l6ZT0iMiI+Mjcwg9I8L0ZPTlQ+PC9URD4KICAgIDwvVFI+CiAgICA8VFI+CiAgICAgIDxURCBjb2xzcGFuPSIzIiBhbGlnbj0iY2VudGVyIiB3aWR0aD0iMzM0Ij48Rk9OVCBzaXplPSIyIj48SU1HIHNyYz0iaHR0cDovL2ltYWdlLnJha3V0ZW4uY28uanAvZS1tYWJ1Y2hpL2NhYmluZXQvaHAvbGluZS15b2tvLXNzLmdpZiIgYm9yZGVyPSIwIj48L0ZPTlQ+PC9URD4KICAgIDwvVFI+CiAgICA8VFI+CiAgICAgIDxURCBhbGlnbj0iY2VudGVyIiBiZ2NvbG9yPSIjZmZlZmRmIiB3aWR0aD0iODAiPjxGT05UIHNpemU9IjIiPrao0M7N4jwvRk9OVD48L1REPgogICAgICA8VEQgYWxpZ249ImNlbnRlciIgd2lkdGg9IjEwMCI+PEZPTlQgc2l6ZT0iMiI+wPvTw7/JPC9GT05UPjwvVEQ+CiAgICAgIDxURCBhbGlnbj0iY2VudGVyIiB3aWR0aD0iMTAwIj48Rk9OVCBzaXplPSIyIj40MDCD0jwvRk9OVD48L1REPgogICAgPC9UUj4KICAgIDxUUj4KICAgICAgPFREIGNvbHNwYW49IjMiIGFsaWduPSJjZW50ZXIiIHdpZHRoPSIzMzQiPjxGT05UIHNpemU9IjIiPjxJTUcgc3JjPSJodHRwOi8vaW1hZ2UucmFrdXRlbi5jby5qcC9lLW1hYnVjaGkvY2FiaW5ldC9ocC9saW5lLXlva28tc3MuZ2lmIiBib3JkZXI9IjAiPjwvRk9OVD48L1REPgogICAgPC9UUj4KICAgIDxUUj4KICAgICAgPFREIGFsaWduPSJjZW50ZXIiIGJnY29sb3I9IiNmZmVmZGYiIGhlaWdodD0iMTciIHdpZHRoPSI4MCI+PEZPTlQgc2l6ZT0iMiI+1azF5LHjPC9GT05UPjwvVEQ+CiAgICAgIDxURCBhbGlnbj0iY2VudGVyIiBoZWlnaHQ9IjE3IiB3aWR0aD0iMTAwIj48Rk9OVCBzaXplPSIyIj7A+9PDv8k8L0ZPTlQ+PC9URD4KICAgICAgPFREIGFsaWduPSJjZW50ZXIiIGhlaWdodD0iMTciIHdpZHRoPSIxMDAiPjxGT05UIHNpemU9IjIiPjU0MIPSpKs0MzKD0jwvRk9OVD48L1REPgogICAgPC9UUj4KICAgIDxUUj4KICAgICAgPFREIGNvbHNwYW49IjMiIGFsaWduPSJjZW50ZXIiIGhlaWdodD0iMTkiIHdpZHRoPSIzMzQiPjxGT05UIHNpemU9IjIiPjxJTUcgc3JjPSJodHRwOi8vaW1hZ2UucmFrdXRlbi5jby5qcC9lLW1hYnVjaGkvY2FiaW5ldC9ocC9saW5lLXlva28tc3MuZ2lmIiBib3JkZXI9IjAiPjwvRk9OVD48L1REPgogICAgPC9UUj4KICA8L1RCT0RZPgo8L1RBQkxFPgo8QlI+CjxUQUJMRSBib3JkZXI9IjAiPgogIDxUQk9EWT4KICAgIDxUUj4KICAgICAgPFREPjxGT05UIHNpemU9IjIiPqH51azF5LHjNDMyg9Kkz5Z8sbE2sWikzqTfpMehorGxuqO1wD88QlI+CiAgICAgIKGhm1+/ST/reI11pPKz/aSvy/uxaKSsNTQwg9KkyKTKpOqk3qS5oaM8QlI+CiAgICAgIDxCUj4KICAgICAgofm31qSxpMaktNeizsTtlKSkpMak4rBry82kz6Sqo7HIy5iUMZd5sPw8QlI+CiAgICAgIKGhpM6wa8vNpMekuaGjoaGEZcvNpM+MnY/qpLekxqSqpOqk3qS7pPOhozwvRk9OVD48L1REPgogICAgPC9UUj4KICA8L1RCT0RZPgo8L1RBQkxFPgo8QlI+CjxCUj4KPEZPTlQgc2l6ZT0iMiI+PElNRyBzcmM9Imh0dHA6Ly9pbWFnZS5yYWt1dGVuLmNvLmpwL2UtbWFidWNoaS9jYWJpbmV0L3RlbnNlbi1jLmpwZyIgYm9yZGVyPSIwIj6hoTxCPqSqpLmkuaThpaKlpKXGpeA8L0I+oaE8SU1HIHNyYz0iaHR0cDovL2ltYWdlLnJha3V0ZW4uY28uanAvZS1tYWJ1Y2hpL2NhYmluZXQvdGVuc2VuLWMuanBnIiBib3JkZXI9IjAiPjxCUj4KPEJSPgo8L0ZPTlQ+CjxUQUJMRT4KICA8VEJPRFk+CiAgICA8VFI+CiAgICAgIDxURD48Rk9OVCBzaXplPSIyIj48SU1HIHNyYz0iaHR0cDovL2ltYWdlLnJha3V0ZW4uY28uanAvZS1tYWJ1Y2hpL2NhYmluZXQvbWluaS1pdG8uanBnIiBib3JkZXI9IjAiPqGh08PGtz/Tw77fPEJSPgogICAgICA8SU1HIHNyYz0iaHR0cDovL2ltYWdlLnJha3V0ZW4uY28uanAvZS1tYWJ1Y2hpL2NhYmluZXQvbWluaS1pdG8uanBnIiBib3JkZXI9IjAiPqGhpbel6qWzpfOluaXXpeypYDxCUj4KICAgICAgPElNRyBzcmM9Imh0dHA6Ly9pbWFnZS5yYWt1dGVuLmNvLmpwL2UtbWFidWNoaS9jYWJpbmV0L21pbmktaXRvLmpwZyIgYm9yZGVyPSIwIj6hoaXLpcOlyNPDpd+lt6Xz9Ok8QlI+CiAgICAgIDwvRk9OVD48L1REPgogICAgPC9UUj4KICA8L1RCT0RZPgo8L1RBQkxFPgo8QlI+CjxJTUcgc3JjPSJodHRwOi8vaW1hZ2UucmFrdXRlbi5jby5qcC9lLW1hYnVjaGkvY2FiaW5ldC90ZW5zZW4tci5qcGciIGJvcmRlcj0iMCI+PEZPTlQgc2l6ZT0iMiI+PEJSPgo8L0ZPTlQ+PC9jZW50ZXI+PEI+PEZPTlQgY29sb3I9cmVkIHNpemU9Mj48SU1HIHNyYz0iaHR0cDovL2ltYWdlLnJha3V0ZW4uY28uanAvZS1tYWJ1Y2hpL2NhYmluZXQvaHAvYXN1LmdpZiIgYm9yZGVyPSIwIj4gPC9GT05UPjwvQj48Rk9OVCBzaXplPTI+jGe16sVupMjU2o7subLT0KTOnumhoqXNpcOlyKW3peelw6XXpMfYnInTpLekxqSkpMak4oxnterFbqTHidOk7KTGpLek3qTDpL+I9rrPoaI8QlI+CqGhIArYnInT1tCkx6Tiyeqkt9RVpLSktqSkpN6ku6TzpKyhoqS016LOxKTOpb+lpKXfpfOlsKTLpOik6sa3x9Ck7KTOiPa6z6SspLSktqSkpN6kuaGjPEJSPgqhoaS9pM7rSKTPoaKl4algpeu1yKTHpLTfQr1qpLWku6TG7ZSkraTepLmkzqTHpLTBy7PQz8KktaSkoaM8QlI+CqGh09ahotTajuzH0KTspMfU2o7spKykoqTrt9ak8s/IpMukqsvNpOqkuaTriPa6z6TPoaLLzcHPpKwyu9i31qSrpKuk6qTepLmkzqTHoaI8QlI+CqGhyeqkt9RVpLSktqSkpN6ku6TzpKw8Qj4yu9i31qTOy83Bz6TPpKq/zZiU2JO1ozwvQj6kx6Sq7oqkpNbCpLek3qS5oaM8QlI+CqGhhGXLzaS0z6PN+6TOiPa6z6TPoaKktMHLs9CkzsnPpLTTw8P8z8KktaSkoaM8L0ZPTlQ+PEI+PEZPTlQgc2l6ZT0yPjxCUj4KPEJSPgo8L0ZPTlQ+PEZPTlQgc2l6ZT0iMiIgY29sb3I9IiNmZjAwMDAiPjxJTUcgc3JjPSJodHRwOi8vaW1hZ2UucmFrdXRlbi5jby5qcC9lLW1hYnVjaGkvY2FiaW5ldC9ocC9hc3UuZ2lmIiBib3JkZXI9IjAiPiA8L0ZPTlQ+PC9CPjxGT05UIHNpemU9Mj6kqr/NmJSkzqS000Wky6TKpOutaL6zpMuk6KTqoaKlq6XpqWCkrN9gpMOkxtKKpKik64j2us+krKS0pLakpKTepLmkzqTHoaKktMHLs9DPwqS1pKShozwvRk9OVD48QlI+CjxCPjxGT05UIHNpemU9Mj48QlI+CjwvRk9OVD48L0I+PEZPTlQgY29sb3I9InJlZCIgc2l6ZT0iMiI+PElNRyBzcmM9Imh0dHA6Ly9pbWFnZS5yYWt1dGVuLmNvLmpwL2UtbWFidWNoaS9jYWJpbmV0L2hwL2FzdS5naWYiIGJvcmRlcj0iMCI+IDwvRk9OVD48Rk9OVCBzaXplPSIyIj7F5MvNt723qKTHpc2ls6Xdpbmk5Lao0M7N4uBdseOk8qS01ri2qO2UpKSkxqTi0o62qM3ipMektMD708PtlKSxpMqkpIj2us+kz6GiPEJSPgqhobHXteqkx7Bry82/ycTcpMrF5MvNt723qKTLieS4/NbCpLek3qS5oaM8QlI+CqGhtqjQzs3i4F2x46Sr1azF5LHjpMuJ5Lj8pLekxrBry83WwqS3pN6kuaTOpMehotPopOGktMHLs9Ckr6TApLWkpKGjPEJSPgqhoTxCUj4KPElNRyBzcmM9Imh0dHA6Ly9pbWFnZS5yYWt1dGVuLmNvLmpwL2UtbWFidWNoaS9jYWJpbmV0L2hwL2FzdS5naWYiIGJvcmRlcj0iMCI+IKXaqWCluKTLse3Tm6S1pOykxqSkpOvLzcHPpM+hoqSqv82YlKSsxeTLzbe9t6ik8t94kmuktaTspOvEv7CypM6e6aTOse3Tm6TIpMqk6qTepLmhozxCUj4KoaHF5MvNt723qKTP0o62qM3ipMektMD708PtlKSxpMqkpIj2us+kzqTfsde16qTHieS4/NbCpLek3qS5pKyhoqS9pOzS1M3ipM+hojxCUj4KoaE8Qj6ktNeizsSVcqTL33iSa+2UpKSkv8Xky823vbeopMekzrBry808L0I+pMikyqTqpN6kuaGjPC9GT05UPjxCUj4=,T1JHQU4gvNLNpdPDpculw6XIpd+lt6Xz4ZihoTmhqzE0usWhoUhBJnRpbWVzOzFTUKO6pd6l1qXBpc2lw6XIpbel56XDpdc=,pd6l1qXBkmmkraWtpeOl86XQpbmhobK8yfq12NHzssPK1ty/peml36XNqWClyL5kwum3q7K8pbOluaXXpezSwtewk9zLrrzTuaSl36W3pfPhmPTpyOuIQMjr0aelsKXDpbql1aWhpdal6qXDpa8xMKPjo+2kq6Tp2JyJ07TMpLek5aSmy83Bz59vwc9PUkdBTiC80s2l08Oly6XDpcil36W3pfPhmKGhOaGrMTS6xaGhSEEmdGltZXM7MVNQ,pculw6XI08Ol36W3pfOho09SR0FOILzSzaXTw6XLpcOlyKXfpbel8+GYoaE5oasxNLrFoaFIQSZ0aW1lczsxU1A=[rn]
25-29686,aHR0cDovL3RzaG9wLnIxMHMuanAvZS1tYWJ1Y2hpL2NhYmluZXQvZnVrdS9hLW5lZWRsZS9zdW4tbGlmZS1ob21lOS0xNi5qcGc/Zml0aW49NzAwOjcwMA==,MjAwLjAwMDA=,,yNXTw8a362rYmz/OxLe/vt8/ytbcvyA+IMrW3L8/pa+l6aXVpcg/yfq12CA+IKWipa+lu6W1peqpYKWvpeml1aXIssTBzyA+IKWipa+ltaXqqWCl0algpcQgPiCkvaTOy/s=,U3VuIExpZmUgvNLNpdPDoaE5oasxNrrFpd+lt6Xz4ZihoUhBocEx,vNLNpdPDpd+lt6Xz4Zg=,PENFTlRFUj48Rk9OVCBzaXplPSIyIj48Qj5TdW4gTGlmZTwvQj48L0ZPTlQ+PEJSPgo8QlI+CjxJTUcgc3JjPSJodHRwOi8vaW1hZ2UucmFrdXRlbi5jby5qcC9lLW1hYnVjaGkvY2FiaW5ldC90ZW5zZW4tbC5qcGciIGJvcmRlcj0iMCI+PEJSPgo8QlI+CjxGT05UIHNpemU9IjIiPrzSzaXTw6Xfpbel8+GYPEJSPgo5usU/MTG6xT8xNLrFPzE2usWkx6S5oaM8QlI+CjxCUj4KPC9GT05UPgo8VEFCTEUgYm9yZGVyPSIwIiBoZWlnaHQ9IjE1MiI+CiAgPFRCT0RZPgogICAgPFRSPgogICAgICA8VEQ+PEZPTlQgc2l6ZT0iMiI+PElNRyBzcmM9Imh0dHA6Ly9pbWFnZS5yYWt1dGVuLmNvLmpwL2UtbWFidWNoaS9jYWJpbmV0L2hwL2FzdS5naWYiIGJvcmRlcj0iMCI+oaE5usU8L0ZPTlQ+PC9URD4KICAgICAgPFREPjxGT05UIHNpemU9IjIiPqGhpbWlxqXzP6W4peepYKW7pcOlyLXIsaGkpMn6tdjTwzwvRk9OVD48L1REPgogICAgPC9UUj4KICAgIDxUUj4KICAgICAgPFREPjxGT05UIHNpemU9IjIiPjxJTUcgc3JjPSJodHRwOi8vaW1hZ2UucmFrdXRlbi5jby5qcC9lLW1hYnVjaGkvY2FiaW5ldC9ocC9hc3UuZ2lmIiBib3JkZXI9IjAiPiAxMbrFPC9GT05UPjwvVEQ+CiAgICAgIDxURD48Rk9OVCBzaXplPSIyIj6hoaWmqWCl6z+l1qXtqWClybXIxtXNqLXY08M8L0ZPTlQ+PC9URD4KICAgIDwvVFI+CiAgICA8VFI+CiAgICAgIDxURD48Rk9OVCBzaXplPSIyIj48SU1HIHNyYz0iaHR0cDovL2ltYWdlLnJha3V0ZW4uY28uanAvZS1tYWJ1Y2hpL2NhYmluZXQvaHAvYXN1LmdpZiIgYm9yZGVyPSIwIj4gMTS6xTwvRk9OVD48L1REPgogICAgICA8VEQ+PEZPTlQgc2l6ZT0iMiI+oaHEvr5kP8Orv5fO77XIxtXNqLXYoau68bXY08M8L0ZPTlQ+PC9URD4KICAgIDwvVFI+CiAgICA8VFI+CiAgICAgIDxURD48Rk9OVCBzaXplPSIyIj48SU1HIHNyYz0iaHR0cDovL2ltYWdlLnJha3V0ZW4uY28uanAvZS1tYWJ1Y2hpL2NhYmluZXQvaHAvYXN1LmdpZiIgYm9yZGVyPSIwIj4gMTa6xTwvRk9OVD48L1REPgogICAgICA8VEQ+PEZPTlQgc2l6ZT0iMiI+oaG68c7vpa2l46XppbM/uvHO78Orv5fO77XIuvG12NPDPC9GT05UPjwvVEQ+CiAgICA8L1RSPgogIDwvVEJPRFk+CjwvVEFCTEU+CjxGT05UIHNpemU9IjIiPjxCUj4KPEJSPgrX89ObMresxL+7rc/xpPKktLLO1dXtlKStpN6kt6TGoaI8QlI+CqS0z6PN+6TOusXK/aTypKrfeKTTpK+kwKS1pKShozxCUj4KPEJSPgo8QlI+CjxJTUcgc3JjPSJodHRwOi8vaW1hZ2UucmFrdXRlbi5jby5qcC9lLW1hYnVjaGkvY2FiaW5ldC9taW5pLWl0by5qcGciIGJvcmRlcj0iMCI+oaE1sb7I66TqPEJSPgo8L0ZPTlQ+CjxGT05UIHNpemU9IjIiPjxCUj4KPEJSPgo8L0ZPTlQ+PElNRyBzcmM9Imh0dHA6Ly9pbWFnZS5yYWt1dGVuLmNvLmpwL2UtbWFidWNoaS9jYWJpbmV0L3RlbnNlbi1jLmpwZyIgYm9yZGVyPSIwIj6hoTxCPjxGT05UIHNpemU9IjIiPsvNwc+kz8/C05uk8qS0ss7V1c/CpLWkpKGhPElNRyBzcmM9Imh0dHA6Ly9pbWFnZS5yYWt1dGVuLmNvLmpwL2UtbWFidWNoaS9jYWJpbmV0L3RlbnNlbi1jLmpwZyIgYm9yZGVyPSIwIj48L0ZPTlQ+PC9CPjxCUj4KPEJSPgo8VEFCTEUgYm9yZGVyPSIwIiB3aWR0aD0iMjgwIiBoZWlnaHQ9IjE1MiI+CiAgPFRCT0RZPgogICAgPFRSPgogICAgICA8VEQgY29sc3Bhbj0iMyIgYWxpZ249ImNlbnRlciIgd2lkdGg9IjMzNCI+PEZPTlQgc2l6ZT0iMiI+PElNRyBzcmM9Imh0dHA6Ly9pbWFnZS5yYWt1dGVuLmNvLmpwL2UtbWFidWNoaS9jYWJpbmV0L2hwL2xpbmUteW9rby1zcy5naWYiIGJvcmRlcj0iMCI+PC9GT05UPjwvVEQ+CiAgICA8L1RSPgogICAgPFRSPgogICAgICA8VEQgYWxpZ249ImNlbnRlciIgYmdjb2xvcj0iI2ZmZWZkZiIgd2lkdGg9IjgwIj48Rk9OVCBzaXplPSIyIj7F5MvNt723qDwvRk9OVD48L1REPgogICAgICA8VEQgYWxpZ249ImNlbnRlciIgYmdjb2xvcj0iI2ZmZWZkZiIgd2lkdGg9IjEwMCI+PEZPTlQgc2l6ZT0iMiI+pLTXos7EhWfOuzwvRk9OVD48L1REPgogICAgICA8VEQgYWxpZ249ImNlbnRlciIgYmdjb2xvcj0iI2ZmZWZkZiIgd2lkdGg9IjEwMCI+PEZPTlQgc2l6ZT0iMiI+y83BzzwvRk9OVD48L1REPgogICAgPC9UUj4KICAgIDxUUj4KICAgICAgPFREIGNvbHNwYW49IjMiIGFsaWduPSJjZW50ZXIiIHdpZHRoPSIzMzQiPjxGT05UIHNpemU9IjIiPjxJTUcgc3JjPSJodHRwOi8vaW1hZ2UucmFrdXRlbi5jby5qcC9lLW1hYnVjaGkvY2FiaW5ldC9ocC9saW5lLXlva28tc3MuZ2lmIiBib3JkZXI9IjAiPjwvRk9OVD48L1REPgogICAgPC9UUj4KICAgIDxUUj4KICAgICAgPFREIGFsaWduPSJjZW50ZXIiIGJnY29sb3I9IiNmZmVmZGYiIHdpZHRoPSI4MCI+PEZPTlQgc2l6ZT0iMiI+pc2ls6Xdpbk8L0ZPTlQ+PC9URD4KICAgICAgPFREIGFsaWduPSJjZW50ZXIiIHdpZHRoPSIxMDAiPjxGT05UIHNpemU9IjIiPsD708O/yTwvRk9OVD48L1REPgogICAgICA8VEQgYWxpZ249ImNlbnRlciIgd2lkdGg9IjEwMCI+PEZPTlQgc2l6ZT0iMiI+Mjcwg9I8L0ZPTlQ+PC9URD4KICAgIDwvVFI+CiAgICA8VFI+CiAgICAgIDxURCBjb2xzcGFuPSIzIiBhbGlnbj0iY2VudGVyIiB3aWR0aD0iMzM0Ij48Rk9OVCBzaXplPSIyIj48SU1HIHNyYz0iaHR0cDovL2ltYWdlLnJha3V0ZW4uY28uanAvZS1tYWJ1Y2hpL2NhYmluZXQvaHAvbGluZS15b2tvLXNzLmdpZiIgYm9yZGVyPSIwIj48L0ZPTlQ+PC9URD4KICAgIDwvVFI+CiAgICA8VFI+CiAgICAgIDxURCBhbGlnbj0iY2VudGVyIiBiZ2NvbG9yPSIjZmZlZmRmIiB3aWR0aD0iODAiPjxGT05UIHNpemU9IjIiPrao0M7N4jwvRk9OVD48L1REPgogICAgICA8VEQgYWxpZ249ImNlbnRlciIgd2lkdGg9IjEwMCI+PEZPTlQgc2l6ZT0iMiI+wPvTw7/JPC9GT05UPjwvVEQ+CiAgICAgIDxURCBhbGlnbj0iY2VudGVyIiB3aWR0aD0iMTAwIj48Rk9OVCBzaXplPSIyIj40MDCD0jwvRk9OVD48L1REPgogICAgPC9UUj4KICAgIDxUUj4KICAgICAgPFREIGNvbHNwYW49IjMiIGFsaWduPSJjZW50ZXIiIHdpZHRoPSIzMzQiPjxGT05UIHNpemU9IjIiPjxJTUcgc3JjPSJodHRwOi8vaW1hZ2UucmFrdXRlbi5jby5qcC9lLW1hYnVjaGkvY2FiaW5ldC9ocC9saW5lLXlva28tc3MuZ2lmIiBib3JkZXI9IjAiPjwvRk9OVD48L1REPgogICAgPC9UUj4KICAgIDxUUj4KICAgICAgPFREIGFsaWduPSJjZW50ZXIiIGJnY29sb3I9IiNmZmVmZGYiIGhlaWdodD0iMTciIHdpZHRoPSI4MCI+PEZPTlQgc2l6ZT0iMiI+1azF5LHjPC9GT05UPjwvVEQ+CiAgICAgIDxURCBhbGlnbj0iY2VudGVyIiBoZWlnaHQ9IjE3IiB3aWR0aD0iMTAwIj48Rk9OVCBzaXplPSIyIj7A+9PDv8k8L0ZPTlQ+PC9URD4KICAgICAgPFREIGFsaWduPSJjZW50ZXIiIGhlaWdodD0iMTciIHdpZHRoPSIxMDAiPjxGT05UIHNpemU9IjIiPjU0MIPSpKs0MzKD0jwvRk9OVD48L1REPgogICAgPC9UUj4KICAgIDxUUj4KICAgICAgPFREIGNvbHNwYW49IjMiIGFsaWduPSJjZW50ZXIiIGhlaWdodD0iMTkiIHdpZHRoPSIzMzQiPjxGT05UIHNpemU9IjIiPjxJTUcgc3JjPSJodHRwOi8vaW1hZ2UucmFrdXRlbi5jby5qcC9lLW1hYnVjaGkvY2FiaW5ldC9ocC9saW5lLXlva28tc3MuZ2lmIiBib3JkZXI9IjAiPjwvRk9OVD48L1REPgogICAgPC9UUj4KICA8L1RCT0RZPgo8L1RBQkxFPgo8QlI+CjxUQUJMRSBib3JkZXI9IjAiPgogIDxUQk9EWT4KICAgIDxUUj4KICAgICAgPFREPjxGT05UIHNpemU9IjIiPqH51azF5LHjNDMyg9Kkz5Z8sbE2sWikzqTfpMehorGxuqO1wD88QlI+CiAgICAgIKGhm1+/ST/reI11pPKz/aSvy/uxaKSsNTQwg9KkyKTKpOqk3qS5oaM8QlI+CiAgICAgIDxCUj4KICAgICAgofm31qSxpMaktNeizsTtlKSkpMak4rBry82kz6Sqo7HIy5iUMZd5sPw8QlI+CiAgICAgIKGhpM6wa8vNpMekuaGjoaGEZcvNpM+MnY/qpLekxqSqpOqk3qS7pPOhozwvRk9OVD48L1REPgogICAgPC9UUj4KICA8L1RCT0RZPgo8L1RBQkxFPgo8QlI+CjxCUj4KPEZPTlQgc2l6ZT0iMiI+PElNRyBzcmM9Imh0dHA6Ly9pbWFnZS5yYWt1dGVuLmNvLmpwL2UtbWFidWNoaS9jYWJpbmV0L3RlbnNlbi1jLmpwZyIgYm9yZGVyPSIwIj6hoTxCPqSqpLmkuaThpaKlpKXGpeA8L0I+oaE8SU1HIHNyYz0iaHR0cDovL2ltYWdlLnJha3V0ZW4uY28uanAvZS1tYWJ1Y2hpL2NhYmluZXQvdGVuc2VuLWMuanBnIiBib3JkZXI9IjAiPjxCUj4KPEJSPgo8L0ZPTlQ+CjxUQUJMRT4KICA8VEJPRFk+CiAgICA8VFI+CiAgICAgIDxURD48Rk9OVCBzaXplPSIyIj48SU1HIHNyYz0iaHR0cDovL2ltYWdlLnJha3V0ZW4uY28uanAvZS1tYWJ1Y2hpL2NhYmluZXQvbWluaS1pdG8uanBnIiBib3JkZXI9IjAiPqGh08PGtz/Tw77fPEJSPgogICAgICA8SU1HIHNyYz0iaHR0cDovL2ltYWdlLnJha3V0ZW4uY28uanAvZS1tYWJ1Y2hpL2NhYmluZXQvbWluaS1pdG8uanBnIiBib3JkZXI9IjAiPqGhpbel6qWzpfOluaXXpeypYDxCUj4KICAgICAgPElNRyBzcmM9Imh0dHA6Ly9pbWFnZS5yYWt1dGVuLmNvLmpwL2UtbWFidWNoaS9jYWJpbmV0L21pbmktaXRvLmpwZyIgYm9yZGVyPSIwIj6hoaXfpbel8/TpPEJSPgogICAgICA8L0ZPTlQ+PC9URD4KICAgIDwvVFI+CiAgPC9UQk9EWT4KPC9UQUJMRT4KPEJSPgo8SU1HIHNyYz0iaHR0cDovL2ltYWdlLnJha3V0ZW4uY28uanAvZS1tYWJ1Y2hpL2NhYmluZXQvdGVuc2VuLXIuanBnIiBib3JkZXI9IjAiPjxGT05UIHNpemU9IjIiPjxCUj4KPC9GT05UPjwvQ0VOVEVSPjxCPjxGT05UIGNvbG9yPXJlZCBzaXplPTI+PElNRyBzcmM9Imh0dHA6Ly9pbWFnZS5yYWt1dGVuLmNvLmpwL2UtbWFidWNoaS9jYWJpbmV0L2hwL2FzdS5naWYiIGJvcmRlcj0iMCI+IDwvRk9OVD48L0I+PEZPTlQgc2l6ZT0yPoxnterFbqTI1NqO7Lmy09Ckzp7poaKlzaXDpcilt6XnpcOl16TH2JyJ06S3pMakpKTGpOKMZ7XqxW6kx4nTpOykxqS3pN6kw6S/iPa6z6GiPEJSPgqhoSAK2JyJ09bQpMek4snqpLfUVaS0pLakpKTepLuk86SsoaKktNeizsSkzqW/paSl36XzpbCky6TopOrGt8fQpOykzoj2us+krKS0pLakpKTepLmhozxCUj4KoaGkvaTO60ikz6GipeGpYKXrtcikx6S030K9aqS1pLukxu2UpK2k3qS5pM6kx6S0wcuz0M/CpLWkpKGjPEJSPgqhodPWoaLU2o7sx9Ck7KTH1NqO7KSspKKk67fWpPLPyKTLpKrLzaTqpLmk64j2us+kz6Giy83Bz6SsMrvYt9akq6SrpOqk3qS5pM6kx6GiPEJSPgqhocnqpLfUVaS0pLakpKTepLuk86SsPEI+MrvYt9akzsvNwc+kz6Sqv82YlNiTtaM8L0I+pMekqu6KpKTWwqS3pN6kuaGjPEJSPgqhoYRly82ktM+jzfukzoj2us+kz6GipLTBy7PQpM7Jz6S008PD/M/CpLWkpKGjPC9GT05UPjxCPjxGT05UIHNpemU9Mj48QlI+CjxCUj4KPC9GT05UPjxGT05UIHNpemU9IjIiIGNvbG9yPSIjZmYwMDAwIj48SU1HIHNyYz0iaHR0cDovL2ltYWdlLnJha3V0ZW4uY28uanAvZS1tYWJ1Y2hpL2NhYmluZXQvaHAvYXN1LmdpZiIgYm9yZGVyPSIwIj4gPC9GT05UPjwvQj48Rk9OVCBzaXplPTI+pKq/zZiUpM6ktNNFpMukyqTrrWi+s6TLpOik6qGipaul6algpKzfYKTDpMbSiqSopOuI9rrPpKyktKS2pKSk3qS5pM6kx6GipLTBy7PQz8KktaSkoaM8L0ZPTlQ+PEJSPgo8Qj48Rk9OVCBzaXplPTI+PEJSPgo8L0ZPTlQ+PC9CPjxGT05UIGNvbG9yPSJyZWQiIHNpemU9IjIiPjxJTUcgc3JjPSJodHRwOi8vaW1hZ2UucmFrdXRlbi5jby5qcC9lLW1hYnVjaGkvY2FiaW5ldC9ocC9hc3UuZ2lmIiBib3JkZXI9IjAiPiA8L0ZPTlQ+PEZPTlQgc2l6ZT0iMiI+xeTLzbe9t6ikx6XNpbOl3aW5pOS2qNDOzeLgXbHjpPKktNa4tqjtlKSkpMak4tKOtqjN4qTHpLTA+9PD7ZSksaTKpKSI9rrPpM+hojxCUj4KoaGx17XqpMewa8vNv8nE3KTKxeTLzbe9t6iky4nkuPzWwqS3pN6kuaGjPEJSPgqhobao0M7N4uBdseOkq9WsxeSx46TLieS4/KS3pMawa8vN1sKkt6TepLmkzqTHoaLT6KThpLTBy7PQpK+kwKS1pKShozxCUj4KoaE8QlI+CjxJTUcgc3JjPSJodHRwOi8vaW1hZ2UucmFrdXRlbi5jby5qcC9lLW1hYnVjaGkvY2FiaW5ldC9ocC9hc3UuZ2lmIiBib3JkZXI9IjAiPiCl2qlgpbiky7Ht05uktaTspMakpKTry83Bz6TPoaKkqr/NmJSkrMXky823vbeopPLfeJJrpLWk7KTrxL+wsqTOnumkzrHt05ukyKTKpOqk3qS5oaM8QlI+CqGhxeTLzbe9t6ikz9KOtqjN4qTHpLTA+9PD7ZSksaTKpKSI9rrPpM6k37HXteqkx4nkuPzWwqS3pN6kuaSsoaKkvaTs0tTN4qTPoaI8QlI+CqGhPEI+pLTXos7ElXKky994kmvtlKSkpL/F5MvNt723qKTHpM6wa8vNPC9CPqTIpMqk6qTepLmhozwvRk9OVD48QlI+,U3VuIExpZmUgvNLNpdPDoaE5oasxNrrFpd+lt6Xz4ZihoUhBJnRpbWVzOzGjuqXepdalwaXNpcOlyKW3peelw6XX,pd6l1qXBkmmkraWtpeOl86XQpbmhobK8yfq12NHzssPK1ty/peml36XNqWClyL5kwum3q7K8pbOluaXXpezSwtewk9zLrrzTuaSl36W3pfPhmPTpyOuIQMjr0aelsKXDpbql1aWhpdal6qXDpa8xMKPjo+2kq6Tp2JyJ07TMpLek5aSmy83Bz59vwc9TdW4gTGlmZSC80s2l08OhoTmhqzE2usWl36W3pfPhmKGhSEEmdGltZXM7MQ==,vNLNpdPDpd+lt6Xz4Ziho1N1biBMaWZlILzSzaXTw6GhOaGrMTa6xaXfpbel8+GYoaFIQSZ0aW1lczsx[rn]
25-29687,aHR0cDovL3RzaG9wLnIxMHMuanAvZS1tYWJ1Y2hpL2NhYmluZXQvZnVrdS9tZW5kaW5nLXJlY3J1aXRtZW50L2hhdC10YXBlLXN0cmV0Y2gyLmpwZz9maXRpbj03MDA6NzAw,MjI0LjAwMDA=,,yNXTw8a362rYmz/OxLe/vt8/ytbcvyA+IMrW3L8/pa+l6aXVpcg/yfq12CA+IKWipa+lu6W1peqpYKWvpeml1aXIssTBzyA+IKWipa+ltaXqqWCl0algpcQgPiCkvaTOy/s=,Q0FQVEFJTjg4oaHDsdfTpbWlpKW6pcapYKXXob6luaXIpeylw6XBob8=,pM6k06TOpNOluaXIpeylw6XBPw==,PGNlbnRlcj48Qj48Rk9OVCBzaXplPSIyIj6j6GF0IHNpemUgdGFwZTwvRk9OVD48L0I+PEJSPgo8QlI+CjxJTUcgc3JjPSJodHRwOi8vaW1hZ2UucmFrdXRlbi5jby5qcC9lLW1hYnVjaGkvY2FiaW5ldC90ZW5zZW4tbC5qcGciIGJvcmRlcj0iMCI+PEJSPgo8QlI+CjxGT05UIHNpemU9IjIiPiCltaWkpbqkrLTzpK2kpMOx19OkzqXqpeGlpKWvpMs8QlI+CqSqpbmluaXhpMekuaGjPC9GT05UPjxCUj4KPEJSPgo8Rk9OVCBzaXplPSIyIj6k1KTDpL+k6qXVpaOlw6XIpMfDwKS3pKTKy8nPpKyk6qOhPEJSPgo8QlI+Crq5pPLO/IWnpLeltaXppcOkyKS1pO+k5KSro6E8QlI+CjxCUj4Kz7Skw6TGpOK/c6TepLrQzaSvpLqk7KS3pN6ku6Tzo6E8QlI+CjxCUj4KPC9GT05UPgo8VEFCTEUgYm9yZGVyPSIwIj4KICA8VEJPRFk+CiAgICA8VFI+CiAgICAgIDxURD48SU1HIHNyYz0iaHR0cDovL2ltYWdlLnJha3V0ZW4uY28uanAvZS1tYWJ1Y2hpL2NhYmluZXQvbWluaS1pdG8uanBnIiBib3JkZXI9IjAiPqGhPEZPTlQgc2l6ZT0iMiI+pbWlpKW6o7q3+TI1o+2j7aHB6UyktTcwo+Oj7TxCUj4KICAgICAgoaGhoaGhoaGhoaGhoaGhoaW5pcil7KXDpcE8QlI+CiAgICAgIDxJTUcgc3JjPSJodHRwOi8vaW1hZ2UucmFrdXRlbi5jby5qcC9lLW1hYnVjaGkvY2FiaW5ldC9taW5pLWl0by5qcGciIGJvcmRlcj0iMCI+oaGlzqXzpdul66Xepeql87zTuaScZzxCUj4KICAgICAgPElNRyBzcmM9Imh0dHA6Ly9pbWFnZS5yYWt1dGVuLmNvLmpwL2UtbWFidWNoaS9jYWJpbmV0L21pbmktaXRvLmpwZyIgYm9yZGVyPSIwIj6hocvYssSjuqXdpeqlqKW5pcal6zgwo6U8QlI+CiAgICAgIKGhoaGhoaGhoaGhoaXdpeqlpqXspb+l8zIwo6U8QlI+CiAgICAgIDxJTUcgc3JjPSJodHRwOi8vaW1hZ2UucmFrdXRlbi5jby5qcC9lLW1hYnVjaGkvY2FiaW5ldC9taW5pLWl0by5qcGciIGJvcmRlcj0iMCI+oaFNQURFIElOIEpBUEFOPEJSPgogICAgICA8L0ZPTlQ+PC9URD4KICAgIDwvVFI+CiAgPC9UQk9EWT4KPC9UQUJMRT4KPEZPTlQgc2l6ZT0iMiI+PEJSPgo8QlI+CjwvRk9OVD48SU1HIHNyYz0iaHR0cDovL2ltYWdlLnJha3V0ZW4uY28uanAvZS1tYWJ1Y2hpL2NhYmluZXQvdGVuc2VuLWMuanBnIiBib3JkZXI9IjAiPqGhPEI+PEZPTlQgc2l6ZT0iMiI+y83Bz6TPz8LTm6TypLSyztXVz8KktaSkoaE8SU1HIHNyYz0iaHR0cDovL2ltYWdlLnJha3V0ZW4uY28uanAvZS1tYWJ1Y2hpL2NhYmluZXQvdGVuc2VuLWMuanBnIiBib3JkZXI9IjAiPjwvRk9OVD48L0I+PEJSPgo8QlI+CjxUQUJMRSBib3JkZXI9IjAiIHdpZHRoPSIyODAiIGhlaWdodD0iMTUyIj4KICA8VEJPRFk+CiAgICA8VFI+CiAgICAgIDxURCBjb2xzcGFuPSIzIiBhbGlnbj0iY2VudGVyIiB3aWR0aD0iMzM0Ij48Rk9OVCBzaXplPSIyIj48SU1HIHNyYz0iaHR0cDovL2ltYWdlLnJha3V0ZW4uY28uanAvZS1tYWJ1Y2hpL2NhYmluZXQvaHAvbGluZS15b2tvLXNzLmdpZiIgYm9yZGVyPSIwIj48L0ZPTlQ+PC9URD4KICAgIDwvVFI+CiAgICA8VFI+CiAgICAgIDxURCBhbGlnbj0iY2VudGVyIiBiZ2NvbG9yPSIjZmZlZmRmIiB3aWR0aD0iODAiPjxGT05UIHNpemU9IjIiPsXky823vbeoPC9GT05UPjwvVEQ+CiAgICAgIDxURCBhbGlnbj0iY2VudGVyIiBiZ2NvbG9yPSIjZmZlZmRmIiB3aWR0aD0iMTAwIj48Rk9OVCBzaXplPSIyIj6ktNeizsSFZ867PC9GT05UPjwvVEQ+CiAgICAgIDxURCBhbGlnbj0iY2VudGVyIiBiZ2NvbG9yPSIjZmZlZmRmIiB3aWR0aD0iMTAwIj48Rk9OVCBzaXplPSIyIj7LzcHPPC9GT05UPjwvVEQ+CiAgICA8L1RSPgogICAgPFRSPgogICAgICA8VEQgY29sc3Bhbj0iMyIgYWxpZ249ImNlbnRlciIgd2lkdGg9IjMzNCI+PEZPTlQgc2l6ZT0iMiI+PElNRyBzcmM9Imh0dHA6Ly9pbWFnZS5yYWt1dGVuLmNvLmpwL2UtbWFidWNoaS9jYWJpbmV0L2hwL2xpbmUteW9rby1zcy5naWYiIGJvcmRlcj0iMCI+PC9GT05UPjwvVEQ+CiAgICA8L1RSPgogICAgPFRSPgogICAgICA8VEQgYWxpZ249ImNlbnRlciIgYmdjb2xvcj0iI2ZmZWZkZiIgd2lkdGg9IjgwIj48Rk9OVCBzaXplPSIyIj6lzaWzpd2luTwvRk9OVD48L1REPgogICAgICA8VEQgYWxpZ249ImNlbnRlciIgd2lkdGg9IjEwMCI+PEZPTlQgc2l6ZT0iMiI+wPvTw7/JPC9GT05UPjwvVEQ+CiAgICAgIDxURCBhbGlnbj0iY2VudGVyIiB3aWR0aD0iMTAwIj48Rk9OVCBzaXplPSIyIj4yNzCD0jwvRk9OVD48L1REPgogICAgPC9UUj4KICAgIDxUUj4KICAgICAgPFREIGNvbHNwYW49IjMiIGFsaWduPSJjZW50ZXIiIHdpZHRoPSIzMzQiPjxGT05UIHNpemU9IjIiPjxJTUcgc3JjPSJodHRwOi8vaW1hZ2UucmFrdXRlbi5jby5qcC9lLW1hYnVjaGkvY2FiaW5ldC9ocC9saW5lLXlva28tc3MuZ2lmIiBib3JkZXI9IjAiPjwvRk9OVD48L1REPgogICAgPC9UUj4KICAgIDxUUj4KICAgICAgPFREIGFsaWduPSJjZW50ZXIiIGJnY29sb3I9IiNmZmVmZGYiIHdpZHRoPSI4MCI+PEZPTlQgc2l6ZT0iMiI+tqjQzs3iPC9GT05UPjwvVEQ+CiAgICAgIDxURCBhbGlnbj0iY2VudGVyIiB3aWR0aD0iMTAwIj48Rk9OVCBzaXplPSIyIj7A+9PDv8k8L0ZPTlQ+PC9URD4KICAgICAgPFREIGFsaWduPSJjZW50ZXIiIHdpZHRoPSIxMDAiPjxGT05UIHNpemU9IjIiPjQwMIPSPC9GT05UPjwvVEQ+CiAgICA8L1RSPgogICAgPFRSPgogICAgICA8VEQgY29sc3Bhbj0iMyIgYWxpZ249ImNlbnRlciIgd2lkdGg9IjMzNCI+PEZPTlQgc2l6ZT0iMiI+PElNRyBzcmM9Imh0dHA6Ly9pbWFnZS5yYWt1dGVuLmNvLmpwL2UtbWFidWNoaS9jYWJpbmV0L2hwL2xpbmUteW9rby1zcy5naWYiIGJvcmRlcj0iMCI+PC9GT05UPjwvVEQ+CiAgICA8L1RSPgogICAgPFRSPgogICAgICA8VEQgYWxpZ249ImNlbnRlciIgYmdjb2xvcj0iI2ZmZWZkZiIgaGVpZ2h0PSIxNyIgd2lkdGg9IjgwIj48Rk9OVCBzaXplPSIyIj7VrMXkseM8L0ZPTlQ+PC9URD4KICAgICAgPFREIGFsaWduPSJjZW50ZXIiIGhlaWdodD0iMTciIHdpZHRoPSIxMDAiPjxGT05UIHNpemU9IjIiPsD708O/yTwvRk9OVD48L1REPgogICAgICA8VEQgYWxpZ249ImNlbnRlciIgaGVpZ2h0PSIxNyIgd2lkdGg9IjEwMCI+PEZPTlQgc2l6ZT0iMiI+NTQwg9KkqzQzMoPSPC9GT05UPjwvVEQ+CiAgICA8L1RSPgogICAgPFRSPgogICAgICA8VEQgY29sc3Bhbj0iMyIgYWxpZ249ImNlbnRlciIgaGVpZ2h0PSIxOSIgd2lkdGg9IjMzNCI+PEZPTlQgc2l6ZT0iMiI+PElNRyBzcmM9Imh0dHA6Ly9pbWFnZS5yYWt1dGVuLmNvLmpwL2UtbWFidWNoaS9jYWJpbmV0L2hwL2xpbmUteW9rby1zcy5naWYiIGJvcmRlcj0iMCI+PC9GT05UPjwvVEQ+CiAgICA8L1RSPgogIDwvVEJPRFk+CjwvVEFCTEU+CjxCUj4KPFRBQkxFIGJvcmRlcj0iMCI+CiAgPFRCT0RZPgogICAgPFRSPgogICAgICA8VEQ+PEZPTlQgc2l6ZT0iMiI+ofnVrMXkseM0MzKD0qTPlnyxsTaxaKTOpN+kx6GisbG6o7XAPzxCUj4KICAgICAgoaGbX79JP+t4jXWk8rP9pK/L+7FopKw1NDCD0qTIpMqk6qTepLmhozxCUj4KICAgICAgPEJSPgogICAgICCh+cnP05vBz73wpM/NrKS4yczGt6TyzayXeaS3pL+I9rrPpM7K/aTHpLmhozxCUj4KICAgICAgoaHfYKSmyczGt6TIzayXeaTOiPa6z6TPoaLLzcHPpKyJ5KTvpOuI9rrPpKw8QlI+CiAgICAgIKGhpLSktqSkpN6kuaTOpMektMHLs9DPwqS1pKShozxCUj4KICAgICAgPEJSPgogICAgICCh+bfWpLGkxqS016LOxO2UpKSkxqTisGvLzaTPpKqjscjLmJQxl3mw/DxCUj4KICAgICAgoaGkzrBry82kx6S5oaOhoYRly82kz4ydj+qkt6TGpKqk6qTepLuk86GjPC9GT05UPjwvVEQ+CiAgICA8L1RSPgogIDwvVEJPRFk+CjwvVEFCTEU+CjxCUj4KPElNRyBzcmM9Imh0dHA6Ly9pbWFnZS5yYWt1dGVuLmNvLmpwL2UtbWFidWNoaS9jYWJpbmV0L3RlbnNlbi1yLmpwZyIgYm9yZGVyPSIwIj48QlI+CjwvQ0VOVEVSPjxCPjxGT05UIGNvbG9yPXJlZCBzaXplPTI+PElNRyBzcmM9Imh0dHA6Ly9pbWFnZS5yYWt1dGVuLmNvLmpwL2UtbWFidWNoaS9jYWJpbmV0L2hwL2FzdS5naWYiIGJvcmRlcj0iMCI+IDwvRk9OVD48L0I+PEZPTlQgc2l6ZT0yPoxnterFbqTI1NqO7Lmy09Ckzp7poaKlzaXDpcilt6XnpcOl16TH2JyJ06S3pMakpKTGpOKMZ7XqxW6kx4nTpOykxqS3pN6kw6S/iPa6z6GiPEJSPgqhoSDYnInT1tCkx6Tiyeqkt9RVpLSktqSkpN6ku6TzpKyhoqS016LOxKTOpb+lpKXfpfOlsKTLpOik6sa3x9Ck7KTOiPa6z6SspLSktqSkpN6kuaGjPEJSPgqhoaS9pM7rSKTPoaKl4algpeu1yKTHpLTfQr1qpLWku6TG7ZSkraTepLmkzqTHpLTBy7PQz8KktaSkoaM8QlI+CqGh09ahotTajuzH0KTspMfU2o7spKykoqTrt9ak8s/IpMukqsvNpOqkuaTriPa6z6TPoaLLzcHPpKwyu9i31qSrpKuk6qTepLmkzqTHoaI8QlI+CqGhyeqkt9RVpLSktqSkpN6ku6TzpKw8Qj4yu9i31qTOy83Bz6TPpKq/zZiU2JO1ozwvQj6kx6Sq7oqkpNbCpLek3qS5oaM8QlI+CqGhhGXLzaS0z6PN+6TOiPa6z6TPoaKktMHLs9CkzsnPpLTTw8P8z8KktaSkoaM8L0ZPTlQ+PEI+PEZPTlQgc2l6ZT0yPjxCUj4KPEJSPgo8Rk9OVCBjb2xvcj1yZWQgc2l6ZT0yPjxJTUcgc3JjPSJodHRwOi8vaW1hZ2UucmFrdXRlbi5jby5qcC9lLW1hYnVjaGkvY2FiaW5ldC9ocC9hc3UuZ2lmIiBib3JkZXI9IjAiPiA8L0ZPTlQ+PC9GT05UPjwvQj48Rk9OVCBzaXplPTI+pLTTRe2UpK+taL6zpMuk6KTqpaul6algpKzfYKTDpMbSiqSopOuI9rrPpKyktKS2pKSk3qS5pM6kx6GipLTBy7PQz8KktaSkoaM8QlI+CjxCUj4KPEZPTlQgY29sb3I9InJlZCIgc2l6ZT0iMiI+PElNRyBzcmM9Imh0dHA6Ly9pbWFnZS5yYWt1dGVuLmNvLmpwL2UtbWFidWNoaS9jYWJpbmV0L2hwL2FzdS5naWYiIGJvcmRlcj0iMCI+IDwvRk9OVD6x7dObpLekxqSqpOqk3qS5yfq12L3tpM+hosrLyc+krKTqpMuk6KTDpMa24MnZx7Dh4aS5pOuI9rrPpKyktKS2pKSk3qS5oaM8QlI+CqGh09ahos2spLjJ+rXYpMek4si+pOGk67iqpKzfYKSmpMjJq6TLzqLD7qTK32CkpKSss/ak3qS5oaPXt7zTpLTXos7Etcikx82spLjJ+rXYpPI8QlI+CqGhpLTXos7E7ZSkpKS/iPa6z6THpOLIvqThpOu4qqSs32Ckw6S/yfq12KTPoaLI9LjJpaul6algpKyJ5KTvpOvKwqSspLSktqSkpN6kuaTOpMehojxCUj4KoaGktMHLs9CkzsnPoaKktNeizsSk8qSq7oqkpNbCpLek3qS5oaM8QlI+CjxCUj4KPC9GT05UPgo8Rk9OVCBjb2xvcj0icmVkIiBzaXplPSIyIj48SU1HIHNyYz0iaHR0cDovL2ltYWdlLnJha3V0ZW4uY28uanAvZS1tYWJ1Y2hpL2NhYmluZXQvaHAvYXN1LmdpZiIgYm9yZGVyPSIwIj4gPC9GT05UPjxGT05UIHNpemU9IjIiPsXky823vbeopMelzaWzpd2luaTktqjQzs3i4F2x46TypLTWuLao7ZSkpKTGpOLSjraozeKkx6S0wPvTw+2UpLGkyqSkiPa6z6TPoaI8QlI+CqGhsde16qTHsGvLzb/JxNykysXky823vbeopMuJ5Lj81sKkt6TepLmhozxCUj4KoaG2qNDOzeLgXbHjpKvVrMXkseOky4nkuPykt6TGsGvLzdbCpLek3qS5pM6kx6Gi0+ik4aS0wcuz0KSvpMCktaSkoaM8QlI+CjxCUj4KPEZPTlQgY29sb3I9InJlZCI+PElNRyBzcmM9Imh0dHA6Ly9pbWFnZS5yYWt1dGVuLmNvLmpwL2UtbWFidWNoaS9jYWJpbmV0L2hwL2FzdS5naWYiIGJvcmRlcj0iMCI+IDwvRk9OVD6l2qlgpbiky7Ht05uktaTspMakpKTry83Bz6TPoaKkqr/NmJSkrMXky823vbeopPLfeJJrpLWk7KTrxL+wsqTOnumkzrHt05ukyKTKpOqk3qS5oaM8QlI+CqGhxeTLzbe9t6ikz9KOtqjN4qTHpLTA+9PD7ZSksaTKpKSI9rrPpM6k37HXteqkx4nkuPzWwqS3pN6kuaSsoaKkvaTs0tTN4qTPoaI8QlI+CqGhPEI+pLTXos7ElXKky994kmvtlKSkpL/F5MvNt723qKTHpM6wa8vNPC9CPqTIpMqk6qTepLmhozwvRk9OVD48QlI+,Q0FQVEFJTjg4oaHDsdfTpbWlpKW6pcapYKXXob6luaXIpeylw6XBob+juqXepdalwaXNpcOlyKW3peelw6XX,pd6l1qXBkmmkraWtpeOl86XQpbmhobK8yfq12NHzssPK1ty/peml36XNqWClyL5kwum3q7K8pbOluaXXpezSwtewk9zLrrzTuaSl36W3pfPhmPTpyOuIQMjr0aelsKXDpbql1aWhpdal6qXDpa8xMKPjo+2kq6Tp2JyJ07TMpLek5aSmy83Bz59vwc9DQVBUQUlOODihocOx19OltaWkpbqlxqlgpdehvqW5pcil7KXDpcGhvw==,pM6k06TOpNOluaXIpeylw6XBP6GjQ0FQVEFJTjg4oaHDsdfTpbWlpKW6pcapYKXXob6luaXIpeylw6XBob8=[rn]
25-29688,aHR0cDovL3RzaG9wLnIxMHMuanAvZS1tYWJ1Y2hpL2NhYmluZXQvZnVrdS9tZW5kaW5nLXJlY3J1aXRtZW50L3JlcGFpci1jbG90aC10aGluLWNsLmpwZz9maXRpbj03MDA6NzAw,MTc2LjAwMDA=,,yNXTw8a362rYmz/OxLe/vt8/ytbcvyA+IMrW3L8/pa+l6aXVpcg/yfq12CA+IKWipa+lu6W1peqpYKWvpeml1aXIssTBzyA+IKWipa+ltaXqqWCl0algpcQgPiCkvaTOy/s=,utO/2qGhpaKlpKXtpfO909fFoaHRYdDesryhvrGhtdjTw6G/,paulrqW2pa0/0aikoqStpMqkyaTO0WHQ3qTLo6E=,PGNlbnRlcj48Qj48Rk9OVCBzaXplPSIyIj5yZXBhaXIgY2xvdGg8L0ZPTlQ+PC9CPjxCUj4KPEJSPgo8SU1HIHNyYz0iaHR0cDovL2ltYWdlLnJha3V0ZW4uY28uanAvZS1tYWJ1Y2hpL2NhYmluZXQvdGVuc2VuLWwuanBnIiBib3JkZXI9IjAiPjxCUj4KPEJSPgo8Rk9OVCBzaXplPSIyIj6loqWkpe2l873T18WkztFh0N6yvKTHpLmhozxCUj4KPEJSPgql76Wkpbel46XEoaKlq6XDpb+pYKW3peOlxKGiPEJSPgql1qXppaalubXIpMukyqS4pOCxocrWpM7RYdDesryjoTxCUj4KPEJSPgqlq6WupbalraGis+bKs6Sk0aihoqSzpLLRqLXIpM48QlI+CtLC7pCk5LK80XXGt6TKpMmkztFh0N6krDxCUj4KmFOhqbqGhWeloqWkpe2l873T18WjoTxCUj4KPEJSPgqlyaXppaSlr6XqqWCly6XzpbA/y67PtKSkT0ujoTxCUj4KPEJSPgo8QlI+CjwvRk9OVD4KPFRBQkxFIGJvcmRlcj0iMCI+CiAgPFRCT0RZPgogICAgPFRSPgogICAgICA8VEQ+PElNRyBzcmM9Imh0dHA6Ly9pbWFnZS5yYWt1dGVuLmNvLmpwL2UtbWFidWNoaS9jYWJpbmV0L21pbmktaXRvLmpwZyIgYm9yZGVyPSIwIj6hoTxGT05UIHNpemU9IjIiPqW1paSluqO6t/k2o+Oj7aHB6UyktTMwo+Oj7TxCUj4KICAgICAgoaGhoaGhoaGhoaGhoaExw7bI66TqPEJSPgogICAgICA8SU1HIHNyYz0iaHR0cDovL2ltYWdlLnJha3V0ZW4uY28uanAvZS1tYWJ1Y2hpL2NhYmluZXQvbWluaS1pdG8uanBnIiBib3JkZXI9IjAiPqGhy9iyxKO6sryhoaXdpeqlqKW5pcal6zEwMKOlPEJSPgogICAgICChoaGhoaGhoaGhoaGhoaGhvdPXxZjk1qyhoaXdpeqloqXfpcmY5NasPEJSPgogICAgICA8SU1HIHNyYz0iaHR0cDovL2ltYWdlLnJha3V0ZW4uY28uanAvZS1tYWJ1Y2hpL2NhYmluZXQvbWluaS1pdG8uanBnIiBib3JkZXI9IjAiPqGhTUFERSBJTiBKQVBBTjxCUj4KICAgICAgPC9GT05UPjwvVEQ+CiAgICA8L1RSPgogIDwvVEJPRFk+CjwvVEFCTEU+CjxCUj4KPEJSPgo8SU1HIHNyYz0iaHR0cDovL2ltYWdlLnJha3V0ZW4uY28uanAvZS1tYWJ1Y2hpL2NhYmluZXQvdGVuc2VuLWMuanBnIiBib3JkZXI9IjAiPqGhPEI+PEZPTlQgc2l6ZT0iMiI+y83Bz6TPz8LTm6TypLSyztXVz8KktaSkoaE8SU1HIHNyYz0iaHR0cDovL2ltYWdlLnJha3V0ZW4uY28uanAvZS1tYWJ1Y2hpL2NhYmluZXQvdGVuc2VuLWMuanBnIiBib3JkZXI9IjAiPjwvRk9OVD48L0I+PEJSPgo8QlI+CjxUQUJMRSBib3JkZXI9IjAiIHdpZHRoPSIyODAiIGhlaWdodD0iMTUyIj4KICA8VEJPRFk+CiAgICA8VFI+CiAgICAgIDxURCBjb2xzcGFuPSIzIiBhbGlnbj0iY2VudGVyIiB3aWR0aD0iMzM0Ij48Rk9OVCBzaXplPSIyIj48SU1HIHNyYz0iaHR0cDovL2ltYWdlLnJha3V0ZW4uY28uanAvZS1tYWJ1Y2hpL2NhYmluZXQvaHAvbGluZS15b2tvLXNzLmdpZiIgYm9yZGVyPSIwIj48L0ZPTlQ+PC9URD4KICAgIDwvVFI+CiAgICA8VFI+CiAgICAgIDxURCBhbGlnbj0iY2VudGVyIiBiZ2NvbG9yPSIjZmZlZmRmIiB3aWR0aD0iODAiPjxGT05UIHNpemU9IjIiPsXky823vbeoPC9GT05UPjwvVEQ+CiAgICAgIDxURCBhbGlnbj0iY2VudGVyIiBiZ2NvbG9yPSIjZmZlZmRmIiB3aWR0aD0iMTAwIj48Rk9OVCBzaXplPSIyIj6ktNeizsSFZ867PC9GT05UPjwvVEQ+CiAgICAgIDxURCBhbGlnbj0iY2VudGVyIiBiZ2NvbG9yPSIjZmZlZmRmIiB3aWR0aD0iMTAwIj48Rk9OVCBzaXplPSIyIj7LzcHPPC9GT05UPjwvVEQ+CiAgICA8L1RSPgogICAgPFRSPgogICAgICA8VEQgY29sc3Bhbj0iMyIgYWxpZ249ImNlbnRlciIgd2lkdGg9IjMzNCI+PEZPTlQgc2l6ZT0iMiI+PElNRyBzcmM9Imh0dHA6Ly9pbWFnZS5yYWt1dGVuLmNvLmpwL2UtbWFidWNoaS9jYWJpbmV0L2hwL2xpbmUteW9rby1zcy5naWYiIGJvcmRlcj0iMCI+PC9GT05UPjwvVEQ+CiAgICA8L1RSPgogICAgPFRSPgogICAgICA8VEQgYWxpZ249ImNlbnRlciIgYmdjb2xvcj0iI2ZmZWZkZiIgd2lkdGg9IjgwIj48Rk9OVCBzaXplPSIyIj6lzaWzpd2luTwvRk9OVD48L1REPgogICAgICA8VEQgYWxpZ249ImNlbnRlciIgd2lkdGg9IjEwMCI+PEZPTlQgc2l6ZT0iMiI+wPvTw7/JPC9GT05UPjwvVEQ+CiAgICAgIDxURCBhbGlnbj0iY2VudGVyIiB3aWR0aD0iMTAwIj48Rk9OVCBzaXplPSIyIj4yNzCD0jwvRk9OVD48L1REPgogICAgPC9UUj4KICAgIDxUUj4KICAgICAgPFREIGNvbHNwYW49IjMiIGFsaWduPSJjZW50ZXIiIHdpZHRoPSIzMzQiPjxGT05UIHNpemU9IjIiPjxJTUcgc3JjPSJodHRwOi8vaW1hZ2UucmFrdXRlbi5jby5qcC9lLW1hYnVjaGkvY2FiaW5ldC9ocC9saW5lLXlva28tc3MuZ2lmIiBib3JkZXI9IjAiPjwvRk9OVD48L1REPgogICAgPC9UUj4KICAgIDxUUj4KICAgICAgPFREIGFsaWduPSJjZW50ZXIiIGJnY29sb3I9IiNmZmVmZGYiIHdpZHRoPSI4MCI+PEZPTlQgc2l6ZT0iMiI+tqjQzs3iPC9GT05UPjwvVEQ+CiAgICAgIDxURCBhbGlnbj0iY2VudGVyIiB3aWR0aD0iMTAwIj48Rk9OVCBzaXplPSIyIj7A+9PDv8k8L0ZPTlQ+PC9URD4KICAgICAgPFREIGFsaWduPSJjZW50ZXIiIHdpZHRoPSIxMDAiPjxGT05UIHNpemU9IjIiPjQwMIPSPC9GT05UPjwvVEQ+CiAgICA8L1RSPgogICAgPFRSPgogICAgICA8VEQgY29sc3Bhbj0iMyIgYWxpZ249ImNlbnRlciIgd2lkdGg9IjMzNCI+PEZPTlQgc2l6ZT0iMiI+PElNRyBzcmM9Imh0dHA6Ly9pbWFnZS5yYWt1dGVuLmNvLmpwL2UtbWFidWNoaS9jYWJpbmV0L2hwL2xpbmUteW9rby1zcy5naWYiIGJvcmRlcj0iMCI+PC9GT05UPjwvVEQ+CiAgICA8L1RSPgogICAgPFRSPgogICAgICA8VEQgYWxpZ249ImNlbnRlciIgYmdjb2xvcj0iI2ZmZWZkZiIgaGVpZ2h0PSIxNyIgd2lkdGg9IjgwIj48Rk9OVCBzaXplPSIyIj7VrMXkseM8L0ZPTlQ+PC9URD4KICAgICAgPFREIGFsaWduPSJjZW50ZXIiIGhlaWdodD0iMTciIHdpZHRoPSIxMDAiPjxGT05UIHNpemU9IjIiPsD708O/yTwvRk9OVD48L1REPgogICAgICA8VEQgYWxpZ249ImNlbnRlciIgaGVpZ2h0PSIxNyIgd2lkdGg9IjEwMCI+PEZPTlQgc2l6ZT0iMiI+NTQwg9KkqzQzMoPSPC9GT05UPjwvVEQ+CiAgICA8L1RSPgogICAgPFRSPgogICAgICA8VEQgY29sc3Bhbj0iMyIgYWxpZ249ImNlbnRlciIgaGVpZ2h0PSIxOSIgd2lkdGg9IjMzNCI+PEZPTlQgc2l6ZT0iMiI+PElNRyBzcmM9Imh0dHA6Ly9pbWFnZS5yYWt1dGVuLmNvLmpwL2UtbWFidWNoaS9jYWJpbmV0L2hwL2xpbmUteW9rby1zcy5naWYiIGJvcmRlcj0iMCI+PC9GT05UPjwvVEQ+CiAgICA8L1RSPgogIDwvVEJPRFk+CjwvVEFCTEU+CjxGT05UIHNpemU9IjIiPjxCUj4KPC9GT05UPgo8VEFCTEUgYm9yZGVyPSIwIj4KICA8VEJPRFk+CiAgICA8VFI+CiAgICAgIDxURD48Rk9OVCBzaXplPSIyIj6h+dWsxeSx4zQzMoPSpM+WfLGxNrFopM6k36THoaKxsbqjtcA/PEJSPgogICAgICChoZtfv0k/63iNdaTys/2kr8v7sWikrDU0MIPSpMikyqTqpN6kuaGjPEJSPgogICAgICA8QlI+CiAgICAgIKH5yc/Tm8HPvfCkz82spLjJzMa3pPLNrJd5pLekv4j2us+kzsr9pMekuaGjPEJSPgogICAgICChod9gpKbJzMa3pMjNrJd5pM6I9rrPpM+hosvNwc+krInkpO+k64j2us+krDxCUj4KICAgICAgoaGktKS2pKSk3qS5pM6kx6S0wcuz0M/CpLWkpKGjPEJSPgogICAgICA8QlI+CiAgICAgIKH5t9aksaTGpLTXos7E7ZSkpKTGpOKwa8vNpM+kqqOxyMuYlDGXebD8PEJSPgogICAgICChoaTOsGvLzaTHpLmho6GhhGXLzaTPjJ2P6qS3pMakqqTqpN6ku6TzoaM8L0ZPTlQ+PC9URD4KICAgIDwvVFI+CiAgPC9UQk9EWT4KPC9UQUJMRT4KPEJSPgo8SU1HIHNyYz0iaHR0cDovL2ltYWdlLnJha3V0ZW4uY28uanAvZS1tYWJ1Y2hpL2NhYmluZXQvdGVuc2VuLXIuanBnIiBib3JkZXI9IjAiPjxCUj4KPC9DRU5URVI+PEI+PEZPTlQgY29sb3I9cmVkIHNpemU9Mj48SU1HIHNyYz0iaHR0cDovL2ltYWdlLnJha3V0ZW4uY28uanAvZS1tYWJ1Y2hpL2NhYmluZXQvaHAvYXN1LmdpZiIgYm9yZGVyPSIwIj4gPC9GT05UPjwvQj48Rk9OVCBzaXplPTI+jGe16sVupMjU2o7subLT0KTOnumhoqXNpcOlyKW3peelw6XXpMfYnInTpLekxqSkpMak4oxnterFbqTHidOk7KTGpLek3qTDpL+I9rrPoaI8QlI+CqGhINicidPW0KTHpOLJ6qS31FWktKS2pKSk3qS7pPOkrKGipLTXos7EpM6lv6Wkpd+l86WwpMuk6KTqxrfH0KTspM6I9rrPpKyktKS2pKSk3qS5oaM8QlI+CqGhpL2kzutIpM+hoqXhqWCl67XIpMektN9CvWqktaS7pMbtlKStpN6kuaTOpMektMHLs9DPwqS1pKShozxCUj4KoaHT1qGi1NqO7MfQpOykx9TajuykrKSipOu31qTyz8iky6Sqy82k6qS5pOuI9rrPpM+hosvNwc+krDK72LfWpKukq6TqpN6kuaTOpMehojxCUj4KoaHJ6qS31FWktKS2pKSk3qS7pPOkrDxCPjK72LfWpM7LzcHPpM+kqr/NmJTYk7WjPC9CPqTHpKruiqSk1sKkt6TepLmhozxCUj4KoaGEZcvNpLTPo837pM6I9rrPpM+hoqS0wcuz0KTOyc+ktNPDw/zPwqS1pKShozwvRk9OVD48Qj48Rk9OVCBzaXplPTI+PEJSPgo8QlI+CjxGT05UIGNvbG9yPXJlZCBzaXplPTI+PElNRyBzcmM9Imh0dHA6Ly9pbWFnZS5yYWt1dGVuLmNvLmpwL2UtbWFidWNoaS9jYWJpbmV0L2hwL2FzdS5naWYiIGJvcmRlcj0iMCI+IDwvRk9OVD48L0ZPTlQ+PC9CPjxGT05UIHNpemU9Mj6ktNNF7ZSkr61ovrOky6TopOqlq6XpqWCkrN9gpMOkxtKKpKik64j2us+krKS0pLakpKTepLmkzqTHoaKktMHLs9DPwqS1pKShozxCUj4KPEJSPgo8Rk9OVCBjb2xvcj0icmVkIiBzaXplPSIyIj48SU1HIHNyYz0iaHR0cDovL2ltYWdlLnJha3V0ZW4uY28uanAvZS1tYWJ1Y2hpL2NhYmluZXQvaHAvYXN1LmdpZiIgYm9yZGVyPSIwIj4gPC9GT05UPrHt05ukt6TGpKqk6qTepLnJ+rXYve2kz6GiysvJz6SspOqky6TopMOkxrbgydnHsOHhpLmk64j2us+krKS0pLakpKTepLmhozxCUj4KoaHT1qGizaykuMn6tdikx6TiyL6k4aTruKqkrN9gpKakyMmrpMvOosPupMrfYKSkpKyz9qTepLmho9e3vNOktNeizsS1yKTHzaykuMn6tdik8jxCUj4KoaGktNeizsTtlKSkpL+I9rrPpMek4si+pOGk67iqpKzfYKTDpL/J+rXYpM+hosj0uMmlq6XpqWCkrInkpO+k68rCpKyktKS2pKSk3qS5pM6kx6GiPEJSPgqhoaS0wcuz0KTOyc+hoqS016LOxKTypKruiqSk1sKkt6TepLmhozxCUj4KPEJSPgo8L0ZPTlQ+CjxGT05UIGNvbG9yPSJyZWQiIHNpemU9IjIiPjxJTUcgc3JjPSJodHRwOi8vaW1hZ2UucmFrdXRlbi5jby5qcC9lLW1hYnVjaGkvY2FiaW5ldC9ocC9hc3UuZ2lmIiBib3JkZXI9IjAiPiA8L0ZPTlQ+PEZPTlQgc2l6ZT0iMiI+xeTLzbe9t6ikx6XNpbOl3aW5pOS2qNDOzeLgXbHjpPKktNa4tqjtlKSkpMak4tKOtqjN4qTHpLTA+9PD7ZSksaTKpKSI9rrPpM+hojxCUj4KoaGx17XqpMewa8vNv8nE3KTKxeTLzbe9t6iky4nkuPzWwqS3pN6kuaGjPEJSPgqhobao0M7N4uBdseOkq9WsxeSx46TLieS4/KS3pMawa8vN1sKkt6TepLmkzqTHoaLT6KThpLTBy7PQpK+kwKS1pKShozxCUj4KPEJSPgo8Rk9OVCBjb2xvcj0icmVkIj48SU1HIHNyYz0iaHR0cDovL2ltYWdlLnJha3V0ZW4uY28uanAvZS1tYWJ1Y2hpL2NhYmluZXQvaHAvYXN1LmdpZiIgYm9yZGVyPSIwIj4gPC9GT05UPqXaqWCluKTLse3Tm6S1pOykxqSkpOvLzcHPpM+hoqSqv82YlKSsxeTLzbe9t6ik8t94kmuktaTspOvEv7CypM6e6aTOse3Tm6TIpMqk6qTepLmhozxCUj4KoaHF5MvNt723qKTP0o62qM3ipMektMD708PtlKSxpMqkpIj2us+kzqTfsde16qTHieS4/NbCpLek3qS5pKyhoqS9pOzS1M3ipM+hojxCUj4KoaE8Qj6ktNeizsSVcqTL33iSa+2UpKSkv8Xky823vbeopMekzrBry808L0I+pMikyqTqpN6kuaGjPC9GT05UPjxCUj4=,utO/2qGhpaKlpKXtpfO909fFoaHRYdDesryhvrGhtdjTw6G/o7ql3qXWpcGlzaXDpcilt6XnpcOl1w==,pd6l1qXBkmmkraWtpeOl86XQpbmhobK8yfq12NHzssPK1ty/peml36XNqWClyL5kwum3q7K8pbOluaXXpezSwtewk9zLrrzTuaSl36W3pfPhmPTpyOuIQMjr0aelsKXDpbql1aWhpdal6qXDpa8xMKPjo+2kq6Tp2JyJ07TMpLek5aSmy83Bz59vwc+607/aoaGloqWkpe2l873T18WhodFh0N6yvKG+saG12NPDob8=,paulrqW2pa0/0aikoqStpMqkyaTO0WHQ3qTLo6Gho7rTv9qhoaWipaSl7aXzvdPXxaGh0WHQ3rK8ob6xobXY08Ohvw==[rn]
25-29689,aHR0cDovL3RzaG9wLnIxMHMuanAvdHVrdXJ1dGFub3NpbWkvY2FiaW5ldC84L2E1LTEyLmpwZz9maXRpbj03MDA6NzAw,NzQ2LjQwMDA=,,yNXTw8a362rYmz/OxLe/vt8/ytbcvyA+IMrW3L8/pa+l6aXVpcg/yfq12CA+IKWipa+lu6W1peqpYKWvpeml1aXIssTBzyA+IKWipa+ltaXqqWCl0algpcQgPiCkvaTOy/s=,paulwaXlqWClt6XjIKXYpaKloqWvpbsgve03bW0gpdal6aXDpa8oMTCxvsjrKQ==,ob5TQUxFob/NqLOjMTE2NoPSL8uwkmkmcmFycjs=,pbel86XXpeukyqXXpemluaXBpcOlr9F1paulwaXlqWClt6XjpMekuaGjPGJyPgo8YnI+1/fGt6TOyKGk6ri2pLGkyqTJpM6807mkpKykt6TkpLmkpKXVpemlw6XIpdWl7KlgpeCkx6S5oaM8YnI+Cgo8YnI+t/k1LzcvMTAvMTVtbaSspLSktqSkpN6kuaGjPGJyPgo8YnI+o6jNrKW1paSlujEwsb7I66GiMTVtbaTOpN81sb7I66OpPGJyPgoKPGJyPtbQufrRdTxicj48YnI+PGltZyBzcmM9Imh0dHBzOi8vaW1hZ2UucmFrdXRlbi5jby5qcC90dWt1cnV0YW5vc2ltaS9jYWJpbmV0L21haWxfb2suanBnIiAvPjxzdHlsZSB0eXBlPSJ0ZXh0L2NzcyI+CiN0b3BfdG9waWNzewoJYm9yZGVyOiAycHggc29saWQgI2QzMDIwMjsKCXBhZGRpbmc6IDEwcHg7CgltYXJnaW4tYm90dG9tOjEwcHg7CgltYXJnaW4tYm90dG9tOjBweDsKCWZvbnQtc2l6ZTogMTNweDsKfQoKI3RvcF90b3BpY3MgLnRleHQwMXsKCWZvbnQtc2l6ZTogMThweDsKCWZvbnQtd2VpZ2h0OiBib2xkOwoJY29sb3I6ICNkMzAyMDI7Cn0KCiN0b3BfdG9waWNzIC50ZXh0MDJ7Cgljb2xvcjogI2QzMDIwMjsKCn0KCjwvc3R5bGU+CgoKPCEtLTxkaXYgaWQ9InRvcF90b3BpY3MiIGFsaWduPSJjZW50ZXIiPjwvZGl2Pi0tPgo8IS0tPHAgY2xhc3M9InRleHQwMSI+MjAxNcTqIKSipLGk3qS3pMakqqThpMekyKSmpLSktqSkpN6kuTwvcD4tLT4KPGltZyBzcmM9Imh0dHA6Ly9pbWFnZS5yYWt1dGVuLmNvLmpwL3R1a3VydXRhbm9zaW1pL2NhYmluZXQvci10b3AvdG9rdXNodXUvdGllbl9iLmpwZyIgCmFsdD0i1ru98aGipLTXos7EpKy77KTfus+kw6TGpKSk66S/pOGhorBry82ky6SqyNWky6TBpPKkpKS/pMCkpKTGpKqk6qTepLmho7rO1+SktMHLs9DZbqTqpN6kuaTopKakqu6KpKTJ6qS3yc+ksqTepLmhowqh+dLuyNWktM+jzfukzqSqusnO76Ti31ek7KSsyfqkuKTriPa6z6SspLSktqSkpN6kuaTOpMehotPopOGktMHLs9Ckr6TApLWkpKGjIiAvPgoKPCEtLSA8cD7Wu73xoaKktNeizsSkrLvspN+6z6TDpMakpKTrpL+k4aGisGvLzaTLpKrI1aTLpMGk8qSkpL+kwKSkpMakqqTqpN6kuaGjPGJyIC8+us7X5KS0wcuz0NlupOqk3qS5pOikpqSq7oqkpMnqpLfJz6SypN6kuaGjPGJyIC8+CqH50u7I1aS0z6PN+6TOpKq6yc7vpOLfV6TspKzJ+qS4pOuI9rrPpKyktKS2pKSk3qS5pM6kx6Gi0+ik4aS0wcuz0KSvpMCktaSkoaM8L3A+LS0tPg==,paulwaXlqWClt6XjIKXYpaKloqWvpbsgve03bW0gpdal6aXDpa8oMTCxvsjrKaO6ytbcv7LEwc+kzoyf6VS16qGhpMSkr6TrmFOkt6Tf,yfq12LK89Om/2r3wpKyk3r/apcipYKXrpdqlpKXzpci5UKXRpcOlwaXvqWClr6WtpeulyKWrpeulyKXKqWCluKXlpM+ksaTPpPOks6W5pb+l86XXpMSkr6TrmFOkt6TfpaulwaXlqWClt6XjIKXYpaKloqWvpbsgve03bW0gpdal6aXDpa8oMTCxvsjrKQ==,ob5TQUxFob/NqLOjMTE2NoPSL8uwkmkmcmFycjuho6WrpcGl5algpbel4yCl2KWipaKlr6W7IL3tN21tIKXWpemlw6WvKDEwsb7I6yk=[rn]
25-29690,aHR0cDovL3RzaG9wLnIxMHMuanAvdHVrdXJ1dGFub3NpbWkvY2FiaW5ldC84L2E1LTE1LmpwZz9maXRpbj03MDA6NzAw,NjkxLjIwMDA=,,yNXTw8a362rYmz/OxLe/vt8/ytbcvyA+IMrW3L8/pa+l6aXVpcg/yfq12CA+IKWipa+lu6W1peqpYKWvpeml1aXIssTBzyA+IKWipa+ltaXqqWCl0algpcQgPiCkvaTOy/s=,paulwaXlqWClt6XjIKXYpaKloqWvpbsgve0zbW0gpbel66XQqWAoMTCxvsjrKQ==,ob5TQUxFob/NqLOjMTA4MIPSL8uwkmkmcmFycjs=,pbel86XXpeukyuKf0XWlq6XBpeWpYKW3peOkx6S5oaM8YnI+Cgo8YnI+0Vmx7aTIpOKky6XVpemlw6XIpMrKy5iUpMekuaGjPGJyPgoKPGJyPrf5My83LzEwbW2krKS0pLakpKTepLmhozxicj4KPGJyPqOozayltaWkpboxMLG+yOuhozEwbW2kzqTfNbG+yOuk6qOpPGJyPjxicj48aW1nIHNyYz0iaHR0cHM6Ly9pbWFnZS5yYWt1dGVuLmNvLmpwL3R1a3VydXRhbm9zaW1pL2NhYmluZXQvbWFpbF9vay5qcGciIC8+PHN0eWxlIHR5cGU9InRleHQvY3NzIj4KI3RvcF90b3BpY3N7Cglib3JkZXI6IDJweCBzb2xpZCAjZDMwMjAyOwoJcGFkZGluZzogMTBweDsKCW1hcmdpbi1ib3R0b206MTBweDsKCW1hcmdpbi1ib3R0b206MHB4OwoJZm9udC1zaXplOiAxM3B4Owp9CgojdG9wX3RvcGljcyAudGV4dDAxewoJZm9udC1zaXplOiAxOHB4OwoJZm9udC13ZWlnaHQ6IGJvbGQ7Cgljb2xvcjogI2QzMDIwMjsKfQoKI3RvcF90b3BpY3MgLnRleHQwMnsKCWNvbG9yOiAjZDMwMjAyOwoKfQoKPC9zdHlsZT4KCgo8IS0tPGRpdiBpZD0idG9wX3RvcGljcyIgYWxpZ249ImNlbnRlciI+PC9kaXY+LS0+CjwhLS08cCBjbGFzcz0idGV4dDAxIj4yMDE1xOogpKKksaTepLekxqSqpOGkx6TIpKaktKS2pKSk3qS5PC9wPi0tPgo8aW1nIHNyYz0iaHR0cDovL2ltYWdlLnJha3V0ZW4uY28uanAvdHVrdXJ1dGFub3NpbWkvY2FiaW5ldC9yLXRvcC90b2t1c2h1dS90aWVuX2IuanBnIiAKYWx0PSLWu73xoaKktNeizsSkrLvspN+6z6TDpMakpKTrpL+k4aGisGvLzaTLpKrI1aTLpMGk8qSkpL+kwKSkpMakqqTqpN6kuaGjus7X5KS0wcuz0NlupOqk3qS5pOikpqSq7oqkpMnqpLfJz6SypN6kuaGjCqH50u7I1aS0z6PN+6TOpKq6yc7vpOLfV6TspKzJ+qS4pOuI9rrPpKyktKS2pKSk3qS5pM6kx6Gi0+ik4aS0wcuz0KSvpMCktaSkoaMiIC8+Cgo8IS0tIDxwPta7vfGhoqS016LOxKSsu+yk37rPpMOkxqSkpOukv6ThoaKwa8vNpMukqsjVpMukwaTypKSkv6TApKSkxqSqpOqk3qS5oaM8YnIgLz66ztfkpLTBy7PQ2W6k6qTepLmk6KSmpKruiqSkyeqkt8nPpLKk3qS5oaM8YnIgLz4KofnS7sjVpLTPo837pM6kqrrJzu+k4t9XpOykrMn6pLik64j2us+krKS0pLakpKTepLmkzqTHoaLT6KThpLTBy7PQpK+kwKS1pKShozwvcD4tLS0+,paulwaXlqWClt6XjIKXYpaKloqWvpbsgve0zbW0gpbel66XQqWAoMTCxvsjrKaO6ytbcv7LEwc+kzoyf6VS16qGhpMSkr6TrmFOkt6Tf,yfq12LK89Om/2r3wpKyk3r/apcipYKXrpdqlpKXzpci5UKXRpcOlwaXvqWClr6WtpeulyKWrpeulyKXKqWCluKXlpM+ksaTPpPOks6W5pb+l86XXpMSkr6TrmFOkt6TfpaulwaXlqWClt6XjIKXYpaKloqWvpbsgve0zbW0gpbel66XQqWAoMTCxvsjrKQ==,ob5TQUxFob/NqLOjMTA4MIPSL8uwkmkmcmFycjuho6WrpcGl5algpbel4yCl2KWipaKlr6W7IL3tM21tIKW3peul0KlgKDEwsb7I6yk=[rn]
25-29691,aHR0cDovL3RzaG9wLnIxMHMuanAvdHVrdXJ1dGFub3NpbWkvY2FiaW5ldC84L2E1LTE3LmpwZz9maXRpbj03MDA6NzAw,MTMwNS42MDAw,,yNXTw8a362rYmz/OxLe/vt8/ytbcvyA+IMrW3L8/pa+l6aXVpcg/yfq12CA+IKWipa+lu6W1peqpYKWvpeml1aXIssTBzyA+IKWipa+ltaXqqWCl0algpcQgPiCkvaTOy/s=,paulwaXlqWClt6XjIKXYpaKloqWvpbsgve03bW0gpbel66XQqWAoMTCxvsjrKQ==,ob5TQUxFob/NqLOjMjA0MIPSL8uwkmkmcmFycjs=,pbel86XXpeukyuKf0XWlq6XBpeWpYKW3peOkx6S5oaM8YnI+Cgo8YnI+0Vmx7aTIpOKky6XVpemlw6XIpMrKy5iUpMekuaGjPGJyPgoKPGJyPrf5My83LzEwbW2krKS0pLakpKTepLmhozxicj4KPGJyPqOozayltaWkpboxMLG+yOuhozEwbW2kzqTfNbG+yOuk6qOpPGJyPjxicj48aW1nIHNyYz0iaHR0cHM6Ly9pbWFnZS5yYWt1dGVuLmNvLmpwL3R1a3VydXRhbm9zaW1pL2NhYmluZXQvbWFpbF9vay5qcGciIC8+PHN0eWxlIHR5cGU9InRleHQvY3NzIj4KI3RvcF90b3BpY3N7Cglib3JkZXI6IDJweCBzb2xpZCAjZDMwMjAyOwoJcGFkZGluZzogMTBweDsKCW1hcmdpbi1ib3R0b206MTBweDsKCW1hcmdpbi1ib3R0b206MHB4OwoJZm9udC1zaXplOiAxM3B4Owp9CgojdG9wX3RvcGljcyAudGV4dDAxewoJZm9udC1zaXplOiAxOHB4OwoJZm9udC13ZWlnaHQ6IGJvbGQ7Cgljb2xvcjogI2QzMDIwMjsKfQoKI3RvcF90b3BpY3MgLnRleHQwMnsKCWNvbG9yOiAjZDMwMjAyOwoKfQoKPC9zdHlsZT4KCgo8IS0tPGRpdiBpZD0idG9wX3RvcGljcyIgYWxpZ249ImNlbnRlciI+PC9kaXY+LS0+CjwhLS08cCBjbGFzcz0idGV4dDAxIj4yMDE1xOogpKKksaTepLekxqSqpOGkx6TIpKaktKS2pKSk3qS5PC9wPi0tPgo8aW1nIHNyYz0iaHR0cDovL2ltYWdlLnJha3V0ZW4uY28uanAvdHVrdXJ1dGFub3NpbWkvY2FiaW5ldC9yLXRvcC90b2t1c2h1dS90aWVuX2IuanBnIiAKYWx0PSLWu73xoaKktNeizsSkrLvspN+6z6TDpMakpKTrpL+k4aGisGvLzaTLpKrI1aTLpMGk8qSkpL+kwKSkpMakqqTqpN6kuaGjus7X5KS0wcuz0NlupOqk3qS5pOikpqSq7oqkpMnqpLfJz6SypN6kuaGjCqH50u7I1aS0z6PN+6TOpKq6yc7vpOLfV6TspKzJ+qS4pOuI9rrPpKyktKS2pKSk3qS5pM6kx6Gi0+ik4aS0wcuz0KSvpMCktaSkoaMiIC8+Cgo8IS0tIDxwPta7vfGhoqS016LOxKSsu+yk37rPpMOkxqSkpOukv6ThoaKwa8vNpMukqsjVpMukwaTypKSkv6TApKSkxqSqpOqk3qS5oaM8YnIgLz66ztfkpLTBy7PQ2W6k6qTepLmk6KSmpKruiqSkyeqkt8nPpLKk3qS5oaM8YnIgLz4KofnS7sjVpLTPo837pM6kqrrJzu+k4t9XpOykrMn6pLik64j2us+krKS0pLakpKTepLmkzqTHoaLT6KThpLTBy7PQpK+kwKS1pKShozwvcD4tLS0+,paulwaXlqWClt6XjIKXYpaKloqWvpbsgve03bW0gpbel66XQqWAoMTCxvsjrKaO6ytbcv7LEwc+kzoyf6VS16qGhpMSkr6TrmFOkt6Tf,yfq12LK89Om/2r3wpKyk3r/apcipYKXrpdqlpKXzpci5UKXRpcOlwaXvqWClr6WtpeulyKWrpeulyKXKqWCluKXlpM+ksaTPpPOks6W5pb+l86XXpMSkr6TrmFOkt6TfpaulwaXlqWClt6XjIKXYpaKloqWvpbsgve03bW0gpbel66XQqWAoMTCxvsjrKQ==,ob5TQUxFob/NqLOjMjA0MIPSL8uwkmkmcmFycjuho6WrpcGl5algpbel4yCl2KWipaKlr6W7IL3tN21tIKW3peul0KlgKDEwsb7I6yk=[rn]
25-29692,aHR0cDovL3RzaG9wLnIxMHMuanAvdHVrdXJ1dGFub3NpbWkvY2FiaW5ldC84L2E1LTE4LmpwZz9maXRpbj03MDA6NzAw,MTA1Ni4wMDAw,,yNXTw8a362rYmz/OxLe/vt8/ytbcvyA+IMrW3L8/pa+l6aXVpcg/yfq12CA+IKWipa+lu6W1peqpYKWvpeml1aXIssTBzyA+IKWipa+ltaXqqWCl0algpcQgPiCkvaTOy/s=,paulwaXlqWClt6XjIKXYpaKloqWvpbsgve0xMG1tIKW3peul0KlgKDWxvsjrKQ==,ob5TQUxFob/NqLOjMTY1MIPSL8uwkmkmcmFycjs=,pbel86XXpeukyuKf0XWlq6XBpeWpYKW3peOkx6S5oaM8YnI+Cgo8YnI+0Vmx7aTIpOKky6XVpemlw6XIpMrKy5iUpMekuaGjPGJyPgoKPGJyPrf5My83LzEwbW2krKS0pLakpKTepLmhozxicj4KPGJyPqOozayltaWkpboxMLG+yOuhozEwbW2kzqTfNbG+yOuk6qOpPGJyPjxicj48aW1nIHNyYz0iaHR0cHM6Ly9pbWFnZS5yYWt1dGVuLmNvLmpwL3R1a3VydXRhbm9zaW1pL2NhYmluZXQvbWFpbF9vay5qcGciIC8+PHN0eWxlIHR5cGU9InRleHQvY3NzIj4KI3RvcF90b3BpY3N7Cglib3JkZXI6IDJweCBzb2xpZCAjZDMwMjAyOwoJcGFkZGluZzogMTBweDsKCW1hcmdpbi1ib3R0b206MTBweDsKCW1hcmdpbi1ib3R0b206MHB4OwoJZm9udC1zaXplOiAxM3B4Owp9CgojdG9wX3RvcGljcyAudGV4dDAxewoJZm9udC1zaXplOiAxOHB4OwoJZm9udC13ZWlnaHQ6IGJvbGQ7Cgljb2xvcjogI2QzMDIwMjsKfQoKI3RvcF90b3BpY3MgLnRleHQwMnsKCWNvbG9yOiAjZDMwMjAyOwoKfQoKPC9zdHlsZT4KCgo8IS0tPGRpdiBpZD0idG9wX3RvcGljcyIgYWxpZ249ImNlbnRlciI+PC9kaXY+LS0+CjwhLS08cCBjbGFzcz0idGV4dDAxIj4yMDE1xOogpKKksaTepLekxqSqpOGkx6TIpKaktKS2pKSk3qS5PC9wPi0tPgo8aW1nIHNyYz0iaHR0cDovL2ltYWdlLnJha3V0ZW4uY28uanAvdHVrdXJ1dGFub3NpbWkvY2FiaW5ldC9yLXRvcC90b2t1c2h1dS90aWVuX2IuanBnIiAKYWx0PSLWu73xoaKktNeizsSkrLvspN+6z6TDpMakpKTrpL+k4aGisGvLzaTLpKrI1aTLpMGk8qSkpL+kwKSkpMakqqTqpN6kuaGjus7X5KS0wcuz0NlupOqk3qS5pOikpqSq7oqkpMnqpLfJz6SypN6kuaGjCqH50u7I1aS0z6PN+6TOpKq6yc7vpOLfV6TspKzJ+qS4pOuI9rrPpKyktKS2pKSk3qS5pM6kx6Gi0+ik4aS0wcuz0KSvpMCktaSkoaMiIC8+Cgo8IS0tIDxwPta7vfGhoqS016LOxKSsu+yk37rPpMOkxqSkpOukv6ThoaKwa8vNpMukqsjVpMukwaTypKSkv6TApKSkxqSqpOqk3qS5oaM8YnIgLz66ztfkpLTBy7PQ2W6k6qTepLmk6KSmpKruiqSkyeqkt8nPpLKk3qS5oaM8YnIgLz4KofnS7sjVpLTPo837pM6kqrrJzu+k4t9XpOykrMn6pLik64j2us+krKS0pLakpKTepLmkzqTHoaLT6KThpLTBy7PQpK+kwKS1pKShozwvcD4tLS0+,paulwaXlqWClt6XjIKXYpaKloqWvpbsgve0xMG1tIKW3peul0KlgKDWxvsjrKaO6ytbcv7LEwc+kzoyf6VS16qGhpMSkr6TrmFOkt6Tf,yfq12LK89Om/2r3wpKyk3r/apcipYKXrpdqlpKXzpci5UKXRpcOlwaXvqWClr6WtpeulyKWrpeulyKXKqWCluKXlpM+ksaTPpPOks6W5pb+l86XXpMSkr6TrmFOkt6TfpaulwaXlqWClt6XjIKXYpaKloqWvpbsgve0xMG1tIKW3peul0KlgKDWxvsjrKQ==,ob5TQUxFob/NqLOjMTY1MIPSL8uwkmkmcmFycjuho6WrpcGl5algpbel4yCl2KWipaKlr6W7IL3tMTBtbSClt6XrpdCpYCg1sb7I6yk=[rn]
25-29693,aHR0cDovL3RzaG9wLnIxMHMuanAvdHVrdXJ1dGFub3NpbWkvY2FiaW5ldC84L2E1LTExLmpwZz9maXRpbj03MDA6NzAw,NjcyLjAwMDA=,,yNXTw8a362rYmz/OxLe/vt8/ytbcvyA+IMrW3L8/pa+l6aXVpcg/yfq12CA+IKWipa+lu6W1peqpYKWvpeml1aXIssTBzyA+IKWipa+ltaXqqWCl0algpcQgPiCkvaTOy/s=,paulwaXlqWClt6XjIKXYpaKloqWvpbsgve01bW0gpdal6aXDpa8oMTCxvsjrKQ==,ob5TQUxFob/NqLOjMTA1MIPSL8uwkmkmcmFycjs=,pbel86XXpeukyqXXpemluaXBpcOlr9F1paulwaXlqWClt6XjpMekuaGjPGJyPgo8YnI+1/fGt6TOyKGk6ri2pLGkyqTJpM6807mkpKykt6TkpLmkpKXVpemlw6XIpdWl7KlgpeCkx6S5oaM8YnI+Cgo8YnI+t/k1LzcvMTAvMTVtbaSspLSktqSkpN6kuaGjPGJyPgo8YnI+o6jNrKW1paSlujEwsb7I66GiMTVtbaTOpN81sb7I66OpPGJyPgoKPGJyPtbQufrRdTxicj48YnI+PGltZyBzcmM9Imh0dHBzOi8vaW1hZ2UucmFrdXRlbi5jby5qcC90dWt1cnV0YW5vc2ltaS9jYWJpbmV0L21haWxfb2suanBnIiAvPjxzdHlsZSB0eXBlPSJ0ZXh0L2NzcyI+CiN0b3BfdG9waWNzewoJYm9yZGVyOiAycHggc29saWQgI2QzMDIwMjsKCXBhZGRpbmc6IDEwcHg7CgltYXJnaW4tYm90dG9tOjEwcHg7CgltYXJnaW4tYm90dG9tOjBweDsKCWZvbnQtc2l6ZTogMTNweDsKfQoKI3RvcF90b3BpY3MgLnRleHQwMXsKCWZvbnQtc2l6ZTogMThweDsKCWZvbnQtd2VpZ2h0OiBib2xkOwoJY29sb3I6ICNkMzAyMDI7Cn0KCiN0b3BfdG9waWNzIC50ZXh0MDJ7Cgljb2xvcjogI2QzMDIwMjsKCn0KCjwvc3R5bGU+CgoKPCEtLTxkaXYgaWQ9InRvcF90b3BpY3MiIGFsaWduPSJjZW50ZXIiPjwvZGl2Pi0tPgo8IS0tPHAgY2xhc3M9InRleHQwMSI+MjAxNcTqIKSipLGk3qS3pMakqqThpMekyKSmpLSktqSkpN6kuTwvcD4tLT4KPGltZyBzcmM9Imh0dHA6Ly9pbWFnZS5yYWt1dGVuLmNvLmpwL3R1a3VydXRhbm9zaW1pL2NhYmluZXQvci10b3AvdG9rdXNodXUvdGllbl9iLmpwZyIgCmFsdD0i1ru98aGipLTXos7EpKy77KTfus+kw6TGpKSk66S/pOGhorBry82ky6SqyNWky6TBpPKkpKS/pMCkpKTGpKqk6qTepLmho7rO1+SktMHLs9DZbqTqpN6kuaTopKakqu6KpKTJ6qS3yc+ksqTepLmhowqh+dLuyNWktM+jzfukzqSqusnO76Ti31ek7KSsyfqkuKTriPa6z6SspLSktqSkpN6kuaTOpMehotPopOGktMHLs9Ckr6TApLWkpKGjIiAvPgoKPCEtLSA8cD7Wu73xoaKktNeizsSkrLvspN+6z6TDpMakpKTrpL+k4aGisGvLzaTLpKrI1aTLpMGk8qSkpL+kwKSkpMakqqTqpN6kuaGjPGJyIC8+us7X5KS0wcuz0NlupOqk3qS5pOikpqSq7oqkpMnqpLfJz6SypN6kuaGjPGJyIC8+CqH50u7I1aS0z6PN+6TOpKq6yc7vpOLfV6TspKzJ+qS4pOuI9rrPpKyktKS2pKSk3qS5pM6kx6Gi0+ik4aS0wcuz0KSvpMCktaSkoaM8L3A+LS0tPg==,paulwaXlqWClt6XjIKXYpaKloqWvpbsgve01bW0gpdal6aXDpa8oMTCxvsjrKaO6ytbcv7LEwc+kzoyf6VS16qGhpMSkr6TrmFOkt6Tf,yfq12LK89Om/2r3wpKyk3r/apcipYKXrpdqlpKXzpci5UKXRpcOlwaXvqWClr6WtpeulyKWrpeulyKXKqWCluKXlpM+ksaTPpPOks6W5pb+l86XXpMSkr6TrmFOkt6TfpaulwaXlqWClt6XjIKXYpaKloqWvpbsgve01bW0gpdal6aXDpa8oMTCxvsjrKQ==,ob5TQUxFob/NqLOjMTA1MIPSL8uwkmkmcmFycjuho6WrpcGl5algpbel4yCl2KWipaKlr6W7IL3tNW1tIKXWpemlw6WvKDEwsb7I6yk=[rn]
25-29694,aHR0cDovL3RzaG9wLnIxMHMuanAvdHVrdXJ1dGFub3NpbWkvY2FiaW5ldC84L2E1LTEzLmpwZz9maXRpbj03MDA6NzAw,ODgzLjIwMDA=,,yNXTw8a362rYmz/OxLe/vt8/ytbcvyA+IMrW3L8/pa+l6aXVpcg/yfq12CA+IKWipa+lu6W1peqpYKWvpeml1aXIssTBzyA+IKWipa+ltaXqqWCl0algpcQgPiCkvaTOy/s=,paulwaXlqWClt6XjIKXYpaKloqWvpbsgve0xMG1tIKXWpemlw6WvKDEwsb7I6yk=,ob5TQUxFob/NqLOjMTM4MIPSL8uwkmkmcmFycjs=,pbel86XXpeukyqXXpemluaXBpcOlr9F1paulwaXlqWClt6XjpMekuaGjPGJyPgo8YnI+1/fGt6TOyKGk6ri2pLGkyqTJpM6807mkpKykt6TkpLmkpKXVpemlw6XIpdWl7KlgpeCkx6S5oaM8YnI+Cgo8YnI+t/k1LzcvMTAvMTVtbaSspLSktqSkpN6kuaGjPGJyPgo8YnI+o6jNrKW1paSlujEwsb7I66GiMTVtbaTOpN81sb7I66OpPGJyPgoKPGJyPtbQufrRdTxicj48YnI+PGltZyBzcmM9Imh0dHBzOi8vaW1hZ2UucmFrdXRlbi5jby5qcC90dWt1cnV0YW5vc2ltaS9jYWJpbmV0L21haWxfb2suanBnIiAvPjxzdHlsZSB0eXBlPSJ0ZXh0L2NzcyI+CiN0b3BfdG9waWNzewoJYm9yZGVyOiAycHggc29saWQgI2QzMDIwMjsKCXBhZGRpbmc6IDEwcHg7CgltYXJnaW4tYm90dG9tOjEwcHg7CgltYXJnaW4tYm90dG9tOjBweDsKCWZvbnQtc2l6ZTogMTNweDsKfQoKI3RvcF90b3BpY3MgLnRleHQwMXsKCWZvbnQtc2l6ZTogMThweDsKCWZvbnQtd2VpZ2h0OiBib2xkOwoJY29sb3I6ICNkMzAyMDI7Cn0KCiN0b3BfdG9waWNzIC50ZXh0MDJ7Cgljb2xvcjogI2QzMDIwMjsKCn0KCjwvc3R5bGU+CgoKPCEtLTxkaXYgaWQ9InRvcF90b3BpY3MiIGFsaWduPSJjZW50ZXIiPjwvZGl2Pi0tPgo8IS0tPHAgY2xhc3M9InRleHQwMSI+MjAxNcTqIKSipLGk3qS3pMakqqThpMekyKSmpLSktqSkpN6kuTwvcD4tLT4KPGltZyBzcmM9Imh0dHA6Ly9pbWFnZS5yYWt1dGVuLmNvLmpwL3R1a3VydXRhbm9zaW1pL2NhYmluZXQvci10b3AvdG9rdXNodXUvdGllbl9iLmpwZyIgCmFsdD0i1ru98aGipLTXos7EpKy77KTfus+kw6TGpKSk66S/pOGhorBry82ky6SqyNWky6TBpPKkpKS/pMCkpKTGpKqk6qTepLmho7rO1+SktMHLs9DZbqTqpN6kuaTopKakqu6KpKTJ6qS3yc+ksqTepLmhowqh+dLuyNWktM+jzfukzqSqusnO76Ti31ek7KSsyfqkuKTriPa6z6SspLSktqSkpN6kuaTOpMehotPopOGktMHLs9Ckr6TApLWkpKGjIiAvPgoKPCEtLSA8cD7Wu73xoaKktNeizsSkrLvspN+6z6TDpMakpKTrpL+k4aGisGvLzaTLpKrI1aTLpMGk8qSkpL+kwKSkpMakqqTqpN6kuaGjPGJyIC8+us7X5KS0wcuz0NlupOqk3qS5pOikpqSq7oqkpMnqpLfJz6SypN6kuaGjPGJyIC8+CqH50u7I1aS0z6PN+6TOpKq6yc7vpOLfV6TspKzJ+qS4pOuI9rrPpKyktKS2pKSk3qS5pM6kx6Gi0+ik4aS0wcuz0KSvpMCktaSkoaM8L3A+LS0tPg==,paulwaXlqWClt6XjIKXYpaKloqWvpbsgve0xMG1tIKXWpemlw6WvKDEwsb7I6ymjusrW3L+yxMHPpM6Mn+lUteqhoaTEpK+k65hTpLek3w==,yfq12LK89Om/2r3wpKyk3r/apcipYKXrpdqlpKXzpci5UKXRpcOlwaXvqWClr6WtpeulyKWrpeulyKXKqWCluKXlpM+ksaTPpPOks6W5pb+l86XXpMSkr6TrmFOkt6TfpaulwaXlqWClt6XjIKXYpaKloqWvpbsgve0xMG1tIKXWpemlw6WvKDEwsb7I6yk=,ob5TQUxFob/NqLOjMTM4MIPSL8uwkmkmcmFycjuho6WrpcGl5algpbel4yCl2KWipaKlr6W7IL3tMTBtbSCl1qXppcOlrygxMLG+yOsp[rn]
25-29695,aHR0cDovL3RzaG9wLnIxMHMuanAvdHVrdXJ1dGFub3NpbWkvY2FiaW5ldC84L2E1LTE0LmpwZz9maXRpbj03MDA6NzAw,NjE0LjQwMDA=,,yNXTw8a362rYmz/OxLe/vt8/ytbcvyA+IMrW3L8/pa+l6aXVpcg/yfq12CA+IKWipa+lu6W1peqpYKWvpeml1aXIssTBzyA+IKWipa+ltaXqqWCl0algpcQgPiCkvaTOy/s=,paulwaXlqWClt6XjIKXYpaKloqWvpbsgve0xNW1tIKXWpemlw6WvKDWxvsjrKQ==,ob5TQUxFob/NqLOjOTYwg9Ivy7CSaSZyYXJyOw==,pbel86XXpeukyqXXpemluaXBpcOlr9F1paulwaXlqWClt6XjpMekuaGjPGJyPgo8YnI+1/fGt6TOyKGk6ri2pLGkyqTJpM6807mkpKykt6TkpLmkpKXVpemlw6XIpdWl7KlgpeCkx6S5oaM8YnI+Cgo8YnI+t/k1LzcvMTAvMTVtbaSspLSktqSkpN6kuaGjPGJyPgo8YnI+o6jNrKW1paSlujEwsb7I66GiMTVtbaTOpN81sb7I66OpPGJyPgoKPGJyPtbQufrRdTxicj48YnI+PGltZyBzcmM9Imh0dHBzOi8vaW1hZ2UucmFrdXRlbi5jby5qcC90dWt1cnV0YW5vc2ltaS9jYWJpbmV0L21haWxfb2suanBnIiAvPjxzdHlsZSB0eXBlPSJ0ZXh0L2NzcyI+CiN0b3BfdG9waWNzewoJYm9yZGVyOiAycHggc29saWQgI2QzMDIwMjsKCXBhZGRpbmc6IDEwcHg7CgltYXJnaW4tYm90dG9tOjEwcHg7CgltYXJnaW4tYm90dG9tOjBweDsKCWZvbnQtc2l6ZTogMTNweDsKfQoKI3RvcF90b3BpY3MgLnRleHQwMXsKCWZvbnQtc2l6ZTogMThweDsKCWZvbnQtd2VpZ2h0OiBib2xkOwoJY29sb3I6ICNkMzAyMDI7Cn0KCiN0b3BfdG9waWNzIC50ZXh0MDJ7Cgljb2xvcjogI2QzMDIwMjsKCn0KCjwvc3R5bGU+CgoKPCEtLTxkaXYgaWQ9InRvcF90b3BpY3MiIGFsaWduPSJjZW50ZXIiPjwvZGl2Pi0tPgo8IS0tPHAgY2xhc3M9InRleHQwMSI+MjAxNcTqIKSipLGk3qS3pMakqqThpMekyKSmpLSktqSkpN6kuTwvcD4tLT4KPGltZyBzcmM9Imh0dHA6Ly9pbWFnZS5yYWt1dGVuLmNvLmpwL3R1a3VydXRhbm9zaW1pL2NhYmluZXQvci10b3AvdG9rdXNodXUvdGllbl9iLmpwZyIgCmFsdD0i1ru98aGipLTXos7EpKy77KTfus+kw6TGpKSk66S/pOGhorBry82ky6SqyNWky6TBpPKkpKS/pMCkpKTGpKqk6qTepLmho7rO1+SktMHLs9DZbqTqpN6kuaTopKakqu6KpKTJ6qS3yc+ksqTepLmhowqh+dLuyNWktM+jzfukzqSqusnO76Ti31ek7KSsyfqkuKTriPa6z6SspLSktqSkpN6kuaTOpMehotPopOGktMHLs9Ckr6TApLWkpKGjIiAvPgoKPCEtLSA8cD7Wu73xoaKktNeizsSkrLvspN+6z6TDpMakpKTrpL+k4aGisGvLzaTLpKrI1aTLpMGk8qSkpL+kwKSkpMakqqTqpN6kuaGjPGJyIC8+us7X5KS0wcuz0NlupOqk3qS5pOikpqSq7oqkpMnqpLfJz6SypN6kuaGjPGJyIC8+CqH50u7I1aS0z6PN+6TOpKq6yc7vpOLfV6TspKzJ+qS4pOuI9rrPpKyktKS2pKSk3qS5pM6kx6Gi0+ik4aS0wcuz0KSvpMCktaSkoaM8L3A+LS0tPg==,paulwaXlqWClt6XjIKXYpaKloqWvpbsgve0xNW1tIKXWpemlw6WvKDWxvsjrKaO6ytbcv7LEwc+kzoyf6VS16qGhpMSkr6TrmFOkt6Tf,yfq12LK89Om/2r3wpKyk3r/apcipYKXrpdqlpKXzpci5UKXRpcOlwaXvqWClr6WtpeulyKWrpeulyKXKqWCluKXlpM+ksaTPpPOks6W5pb+l86XXpMSkr6TrmFOkt6TfpaulwaXlqWClt6XjIKXYpaKloqWvpbsgve0xNW1tIKXWpemlw6WvKDWxvsjrKQ==,ob5TQUxFob/NqLOjOTYwg9Ivy7CSaSZyYXJyO6GjpaulwaXlqWClt6XjIKXYpaKloqWvpbsgve0xNW1tIKXWpemlw6WvKDWxvsjrKQ==[rn]
25-29696,aHR0cDovL3RzaG9wLnIxMHMuanAvdHVrdXJ1dGFub3NpbWkvY2FiaW5ldC84L2NsNTctMTk3LmpwZz9maXRpbj03MDA6NzAw,MzIwLjAwMDA=,,yNXTw8a362rYmz/OxLe/vt8/ytbcvyA+IMrW3L8/pa+l6aXVpcg/yfq12CA+IKWipa+lu6W1peqpYKWvpeml1aXIssTBzyA+IKWipa+ltaXqqWCl0algpcQgPiCkvaTOy/s=,peypYKW51/ek6qXRqWClxCClv6XGpaOl86Wwpbel46XIpes=,Q0w1Ny0xOTcgpeypYKW51/ek6qXRqWClxCClv6XGpaOl86Wwpbel46XIpes=,pb+lxqWjpfOlsKXsqWCluaTOu/mxvqXRqWClxKTOpbel46XIpeukx6S5oaM8YnI+CqW3peOlyKXrpMi69KTQpOyk69bb0M6kztChpLWkyvTpjoakraTLjoakpKS/9Omk8sq5pMOkxr1ZpNPEv6Ty1/ekw6TGpKSkr6XsqWCluaTOvLy3qKTHpLmhozxicj48YnI+PGltZyBzcmM9Imh0dHBzOi8vaW1hZ2UucmFrdXRlbi5jby5qcC90dWt1cnV0YW5vc2ltaS9jYWJpbmV0L21haWxfb2suanBnIiAvPjxzdHlsZSB0eXBlPSJ0ZXh0L2NzcyI+CiN0b3BfdG9waWNzewoJYm9yZGVyOiAycHggc29saWQgI2QzMDIwMjsKCXBhZGRpbmc6IDEwcHg7CgltYXJnaW4tYm90dG9tOjEwcHg7CgltYXJnaW4tYm90dG9tOjBweDsKCWZvbnQtc2l6ZTogMTNweDsKfQoKI3RvcF90b3BpY3MgLnRleHQwMXsKCWZvbnQtc2l6ZTogMThweDsKCWZvbnQtd2VpZ2h0OiBib2xkOwoJY29sb3I6ICNkMzAyMDI7Cn0KCiN0b3BfdG9waWNzIC50ZXh0MDJ7Cgljb2xvcjogI2QzMDIwMjsKCn0KCjwvc3R5bGU+CgoKPCEtLTxkaXYgaWQ9InRvcF90b3BpY3MiIGFsaWduPSJjZW50ZXIiPjwvZGl2Pi0tPgo8IS0tPHAgY2xhc3M9InRleHQwMSI+MjAxNcTqIKSipLGk3qS3pMakqqThpMekyKSmpLSktqSkpN6kuTwvcD4tLT4KPGltZyBzcmM9Imh0dHA6Ly9pbWFnZS5yYWt1dGVuLmNvLmpwL3R1a3VydXRhbm9zaW1pL2NhYmluZXQvci10b3AvdG9rdXNodXUvdGllbl9iLmpwZyIgCmFsdD0i1ru98aGipLTXos7EpKy77KTfus+kw6TGpKSk66S/pOGhorBry82ky6SqyNWky6TBpPKkpKS/pMCkpKTGpKqk6qTepLmho7rO1+SktMHLs9DZbqTqpN6kuaTopKakqu6KpKTJ6qS3yc+ksqTepLmhowqh+dLuyNWktM+jzfukzqSqusnO76Ti31ek7KSsyfqkuKTriPa6z6SspLSktqSkpN6kuaTOpMehotPopOGktMHLs9Ckr6TApLWkpKGjIiAvPgoKPCEtLSA8cD7Wu73xoaKktNeizsSkrLvspN+6z6TDpMakpKTrpL+k4aGisGvLzaTLpKrI1aTLpMGk8qSkpL+kwKSkpMakqqTqpN6kuaGjPGJyIC8+us7X5KS0wcuz0NlupOqk3qS5pOikpqSq7oqkpMnqpLfJz6SypN6kuaGjPGJyIC8+CqH50u7I1aS0z6PN+6TOpKq6yc7vpOLfV6TspKzJ+qS4pOuI9rrPpKyktKS2pKSk3qS5pM6kx6Gi0+ik4aS0wcuz0KSvpMCktaSkoaM8L3A+LS0tPg==,peypYKW51/ek6qXRqWClxCClv6XGpaOl86Wwpbel46XIpeujusrW3L+yxMHPpM6Mn+lUteqhoaTEpK+k65hTpLek3w==,yfq12LK89Om/2r3wpKyk3r/apcipYKXrpdqlpKXzpci5UKXRpcOlwaXvqWClr6WtpeulyKWrpeulyKXKqWCluKXlpM+ksaTPpPOks6W5pb+l86XXpMSkr6TrmFOkt6TfpeypYKW51/ek6qXRqWClxCClv6XGpaOl86Wwpbel46XIpes=,Q0w1Ny0xOTcgpeypYKW51/ek6qXRqWClxCClv6XGpaOl86Wwpbel46XIpeuho6XsqWCludf3pOql0algpcQgpb+lxqWjpfOlsKW3peOlyKXr[rn]
25-29697,aHR0cDovL3RzaG9wLnIxMHMuanAvdHVrdXJ1dGFub3NpbWkvY2FiaW5ldC84L2NsNTctMTkxLTE5Mi5qcGc/Zml0aW49NzAwOjcwMA==,MTM2MC4wMDAw,,yNXTw8a362rYmz/OxLe/vt8/ytbcvyA+IMrW3L8/pa+l6aXVpcg/yfq12CA+IKWipa+lu6W1peqpYKWvpeml1aXIssTBzyA+IKWipa+ltaXqqWCl0algpcQgPiCkvaTOy/s=,paKlr6W7pbWl6qlgpa2lw6XIIKW/pcalo6XzpbCl7Klgpbmkx9f3pOuloqWvpbultaXqqWClraXDpcggpb+lw6W7peul1KWipbk=,Q0w1Ny0xOTEtMTkyIKWipa+lu6W1peqpYKWtpcOlyCAgpb+lw6W7peul1KWipbk=,ofaloqWvpbultaXqqWDX97zScGVpa2tvpLWk86TOv428mqTKpceltqWkpfOkx6S5oaM8YnI+CqH21/ek6re9pM67+bVBpKyk76SrpOulv6XGpaOl86WwpeypYKW5pM67+bG+pM7VaMP3lfikyKGiPGJyPgqhobG+t6ykzvTppOik6qTiydmkt8yrpOGkzr6awZXTw6TO9OmkrMjrpMOkxqSkpN6kuaGjPGJyPgqhob6awZXTw6TO9Omkx9ChpLWkyqXipcGpYKXVpPLX96TDpMakq6TpoaKxvrespM7X98a31/ek6qTLzPSk4aTepLmhozxicj4Kofal4qXBqWCl1aSs0KGktaSvoaKz9aThpMalv6XGpaOl86WwpeypYKW5pMvM9JHppLWk7KTrt72ky6TipKqkuaS5pOGkx6S5oaOhoaWtpcOlyKTLpM+l1KWipbml0algpcSkyKWkpeSl6qXzpbCl0algpcSkzoFJt72krMjrpMOkxqSkpOukzqTHoaI8YnI+CqGhpKq6w6TfpM6l0algpcSk8qSq33ik06SkpL+kwKSxpN6kuaGjPGJyPgqh9qWwpeqpYKXzpM6lv6XGpaOl86Wwpbel46XIpeukz6WtpcOlyKTApLGkzs/etqjJq6THpLmhozxicj4KofalraXDpcjE2sjdL6XsqWClufTpoaKlv6XGpaOl86Wwpbel46XIpesopeylw6XJP6WwpeqpYKXzKTxicj4KoaG98L7fpdGpYKXEoaLX96Tqt73VaMP3lfihoqW/pcalo6XzpbCl7Klgpbmkzrv5sb7VaMP3lfg8YnI+CqH21/fGt6W1paSlui+8czZjbTxicj48YnI+PGltZyBzcmM9Imh0dHBzOi8vaW1hZ2UucmFrdXRlbi5jby5qcC90dWt1cnV0YW5vc2ltaS9jYWJpbmV0L21haWxfbmcuanBnIiAvPjxzdHlsZSB0eXBlPSJ0ZXh0L2NzcyI+CiN0b3BfdG9waWNzewoJYm9yZGVyOiAycHggc29saWQgI2QzMDIwMjsKCXBhZGRpbmc6IDEwcHg7CgltYXJnaW4tYm90dG9tOjEwcHg7CgltYXJnaW4tYm90dG9tOjBweDsKCWZvbnQtc2l6ZTogMTNweDsKfQoKI3RvcF90b3BpY3MgLnRleHQwMXsKCWZvbnQtc2l6ZTogMThweDsKCWZvbnQtd2VpZ2h0OiBib2xkOwoJY29sb3I6ICNkMzAyMDI7Cn0KCiN0b3BfdG9waWNzIC50ZXh0MDJ7Cgljb2xvcjogI2QzMDIwMjsKCn0KCjwvc3R5bGU+CgoKPCEtLTxkaXYgaWQ9InRvcF90b3BpY3MiIGFsaWduPSJjZW50ZXIiPjwvZGl2Pi0tPgo8IS0tPHAgY2xhc3M9InRleHQwMSI+MjAxNcTqIKSipLGk3qS3pMakqqThpMekyKSmpLSktqSkpN6kuTwvcD4tLT4KPGltZyBzcmM9Imh0dHA6Ly9pbWFnZS5yYWt1dGVuLmNvLmpwL3R1a3VydXRhbm9zaW1pL2NhYmluZXQvci10b3AvdG9rdXNodXUvdGllbl9iLmpwZyIgCmFsdD0i1ru98aGipLTXos7EpKy77KTfus+kw6TGpKSk66S/pOGhorBry82ky6SqyNWky6TBpPKkpKS/pMCkpKTGpKqk6qTepLmho7rO1+SktMHLs9DZbqTqpN6kuaTopKakqu6KpKTJ6qS3yc+ksqTepLmhowqh+dLuyNWktM+jzfukzqSqusnO76Ti31ek7KSsyfqkuKTriPa6z6SspLSktqSkpN6kuaTOpMehotPopOGktMHLs9Ckr6TApLWkpKGjIiAvPgoKPCEtLSA8cD7Wu73xoaKktNeizsSkrLvspN+6z6TDpMakpKTrpL+k4aGisGvLzaTLpKrI1aTLpMGk8qSkpL+kwKSkpMakqqTqpN6kuaGjPGJyIC8+us7X5KS0wcuz0NlupOqk3qS5pOikpqSq7oqkpMnqpLfJz6SypN6kuaGjPGJyIC8+CqH50u7I1aS0z6PN+6TOpKq6yc7vpOLfV6TspKzJ+qS4pOuI9rrPpKyktKS2pKSk3qS5pM6kx6Gi0+ik4aS0wcuz0KSvpMCktaSkoaM8L3A+LS0tPg==,paKlr6W7pbWl6qlgpa2lw6XIIKW/pcalo6XzpbCl7Klgpbmkx9f3pOuloqWvpbultaXqqWClraXDpcggpb+lw6W7peul1KWipbmjusrW3L+yxMHPpM6Mn+lUteqhoaTEpK+k65hTpLek3w==,yfq12LK89Om/2r3wpKyk3r/apcipYKXrpdqlpKXzpci5UKXRpcOlwaXvqWClr6WtpeulyKWrpeulyKXKqWCluKXlpM+ksaTPpPOks6W5pb+l86XXpMSkr6TrmFOkt6TfpaKlr6W7pbWl6qlgpa2lw6XIIKW/pcalo6XzpbCl7Klgpbmkx9f3pOuloqWvpbultaXqqWClraXDpcggpb+lw6W7peul1KWipbk=,Q0w1Ny0xOTEtMTkyIKWipa+lu6W1peqpYKWtpcOlyCAgpb+lw6W7peul1KWipbmho6Wipa+lu6W1peqpYKWtpcOlyCClv6XGpaOl86WwpeypYKW5pMfX96TrpaKlr6W7pbWl6qlgpa2lw6XIIKW/pcOlu6XrpdSloqW5[rn]
25-29698,aHR0cDovL3RzaG9wLnIxMHMuanAvdHVrdXJ1dGFub3NpbWkvY2FiaW5ldC84L2NsNTctMTkzLTE5NC5qcGc/Zml0aW49NzAwOjcwMA==,MTM2MC4wMDAw,,yNXTw8a362rYmz/OxLe/vt8/ytbcvyA+IMrW3L8/pa+l6aXVpcg/yfq12CA+IKWipa+lu6W1peqpYKWvpeml1aXIssTBzyA+IKWipa+ltaXqqWCl0algpcQgPiCkvaTOy/s=,paKlr6W7pbWl6qlgpa2lw6XIIKW/pcalo6XzpbCl7Klgpbmkx9f3pOuloqWvpbultaXqqWClraXDpcggpe2pYKW6pdSloqW5,Q0w1Ny0xOTMtMTk0IKWipa+lu6W1peqpYKWtpcOlyCCl7algpbql1KWipbk=,ofaloqWvpbultaXqqWDX97zScGVpa2tvpLWk86TOv428mqTKpceltqWkpfOkx6S5oaM8YnI+CqGh0KGktaSvv8mReqTKpe2pYKW6peKlwalgpdWkrJNlpOyk66XUpaKluaTHpLmhozxicj4KoaGl7Klgpbmk8sGizOW1xKTL1/ek6qTepLmhozxicj4KofbX96Tqt72kzrv5tUGkrKTvpKuk66W/pcalo6XzpbCl7Klgpbmkzrv5sb6kztVow/eV+KTIoaI8YnI+CqGhsb63rKTO9Omk6KTqpOLJ2aS3zKuk4aTOvprBldPDpM706aSsyOukw6TGpKSk3qS5oaM8YnI+CqGhvprBldPDpM706aTH0KGktaTKpeKlwalgpdWk8tf3pMOkxqSrpOmhorG+t6ykztf3xrfX96TqpMvM9KThpN6kuaGjPGJyPgqh9qWtpcOlyKTLpM+l1KWipbml0algpcSkyKWkpeSl6qXzpbCl0algpcSkzoFJt72krMjrpMOkxqSkpOukzqTHoaI8YnI+CqGhpKq6w6TfpM6l0algpcSk8qSq33ik06SkpL+kwKSxpN6kuaGjPGJyPgqh9qWwpeqpYKXzpM6lv6XGpaOl86Wwpbel46XIpeukz6WtpcOlyKTApLGkzs/etqjJq6THpLmhozxicj4KofalraXDpcjE2sjdL6XsqWClufTpoaKlv6XGpaOl86Wwpbel46XIpesopeylw6XJP6WwpeqpYKXzKaGiPGJyPgqhob3wvt+l0algpcShotf3pOq3vdVow/eV+KGipb+lxqWjpfOlsKXsqWCluaTOu/mxvtVow/eV+Dxicj4KofbX98a3pbWlpKW6L7xzNGNtPGJyPjxicj48aW1nIHNyYz0iaHR0cHM6Ly9pbWFnZS5yYWt1dGVuLmNvLmpwL3R1a3VydXRhbm9zaW1pL2NhYmluZXQvbWFpbF9uZy5qcGciIC8+PHN0eWxlIHR5cGU9InRleHQvY3NzIj4KI3RvcF90b3BpY3N7Cglib3JkZXI6IDJweCBzb2xpZCAjZDMwMjAyOwoJcGFkZGluZzogMTBweDsKCW1hcmdpbi1ib3R0b206MTBweDsKCW1hcmdpbi1ib3R0b206MHB4OwoJZm9udC1zaXplOiAxM3B4Owp9CgojdG9wX3RvcGljcyAudGV4dDAxewoJZm9udC1zaXplOiAxOHB4OwoJZm9udC13ZWlnaHQ6IGJvbGQ7Cgljb2xvcjogI2QzMDIwMjsKfQoKI3RvcF90b3BpY3MgLnRleHQwMnsKCWNvbG9yOiAjZDMwMjAyOwoKfQoKPC9zdHlsZT4KCgo8IS0tPGRpdiBpZD0idG9wX3RvcGljcyIgYWxpZ249ImNlbnRlciI+PC9kaXY+LS0+CjwhLS08cCBjbGFzcz0idGV4dDAxIj4yMDE1xOogpKKksaTepLekxqSqpOGkx6TIpKaktKS2pKSk3qS5PC9wPi0tPgo8aW1nIHNyYz0iaHR0cDovL2ltYWdlLnJha3V0ZW4uY28uanAvdHVrdXJ1dGFub3NpbWkvY2FiaW5ldC9yLXRvcC90b2t1c2h1dS90aWVuX2IuanBnIiAKYWx0PSLWu73xoaKktNeizsSkrLvspN+6z6TDpMakpKTrpL+k4aGisGvLzaTLpKrI1aTLpMGk8qSkpL+kwKSkpMakqqTqpN6kuaGjus7X5KS0wcuz0NlupOqk3qS5pOikpqSq7oqkpMnqpLfJz6SypN6kuaGjCqH50u7I1aS0z6PN+6TOpKq6yc7vpOLfV6TspKzJ+qS4pOuI9rrPpKyktKS2pKSk3qS5pM6kx6Gi0+ik4aS0wcuz0KSvpMCktaSkoaMiIC8+Cgo8IS0tIDxwPta7vfGhoqS016LOxKSsu+yk37rPpMOkxqSkpOukv6ThoaKwa8vNpMukqsjVpMukwaTypKSkv6TApKSkxqSqpOqk3qS5oaM8YnIgLz66ztfkpLTBy7PQ2W6k6qTepLmk6KSmpKruiqSkyeqkt8nPpLKk3qS5oaM8YnIgLz4KofnS7sjVpLTPo837pM6kqrrJzu+k4t9XpOykrMn6pLik64j2us+krKS0pLakpKTepLmkzqTHoaLT6KThpLTBy7PQpK+kwKS1pKShozwvcD4tLS0+,paKlr6W7pbWl6qlgpa2lw6XIIKW/pcalo6XzpbCl7Klgpbmkx9f3pOuloqWvpbultaXqqWClraXDpcggpe2pYKW6pdSloqW5o7rK1ty/ssTBz6TOjJ/pVLXqoaGkxKSvpOuYU6S3pN8=,yfq12LK89Om/2r3wpKyk3r/apcipYKXrpdqlpKXzpci5UKXRpcOlwaXvqWClr6WtpeulyKWrpeulyKXKqWCluKXlpM+ksaTPpPOks6W5pb+l86XXpMSkr6TrmFOkt6TfpaKlr6W7pbWl6qlgpa2lw6XIIKW/pcalo6XzpbCl7Klgpbmkx9f3pOuloqWvpbultaXqqWClraXDpcggpe2pYKW6pdSloqW5,Q0w1Ny0xOTMtMTk0IKWipa+lu6W1peqpYKWtpcOlyCCl7algpbql1KWipbmho6Wipa+lu6W1peqpYKWtpcOlyCClv6XGpaOl86WwpeypYKW5pMfX96TrpaKlr6W7pbWl6qlgpa2lw6XIIKXtqWCluqXUpaKluQ==[rn]
25-29699,aHR0cDovL3RzaG9wLnIxMHMuanAvdHVrdXJ1dGFub3NpbWkvY2FiaW5ldC84L2NtLTUuanBnP2ZpdGluPTcwMDo3MDA=,Mzk2LjAwMDA=,,yNXTw8a362rYmz/OxLe/vt8/ytbcvyA+IMrW3L8/pa+l6aXVpcg/yfq12CA+IKWipa+lu6W1peqpYKWvpeml1aXIssTBzyA+IKWipa+ltaXqqWCl0algpcQgPiCkvaTOy/s=,ob4gpa+l6qW5pd6luSClwaXjqWCl4CChv6WvpeqluaXepbml6qlgpblXMS40ocFIMi41Y20=,Q00tNSChviClr6Xqpbml3qW5IKXBpeOpYKXgIKG/pa+l6qW5pd6luaXqqWCluVcxLjQmdGltZXM7SDIuNWNt,pa+l6qW5pd6ludPDpM6l2qXzpcCl86XIpcilw6XXpMqkyaTLpaqluaW5peGkzqXqqWCludDNpM6lwaXjqWCl4KTHpLmhozxicj6l6qXcpfOkztbQ0eukzsqvpKylraXppa2l6d14pK2k3qS5oaM8YnI+0VnD5qTPpbel66XQqWDKy8nPpLKkx6S5oaM8YnI+PGJyPlcxLjShwUgyLjVjbTxicj48YnI+PGltZyBzcmM9Imh0dHBzOi8vaW1hZ2UucmFrdXRlbi5jby5qcC90dWt1cnV0YW5vc2ltaS9jYWJpbmV0L21haWxfb2suanBnIiAvPjxzdHlsZSB0eXBlPSJ0ZXh0L2NzcyI+CiN0b3BfdG9waWNzewoJYm9yZGVyOiAycHggc29saWQgI2QzMDIwMjsKCXBhZGRpbmc6IDEwcHg7CgltYXJnaW4tYm90dG9tOjEwcHg7CgltYXJnaW4tYm90dG9tOjBweDsKCWZvbnQtc2l6ZTogMTNweDsKfQoKI3RvcF90b3BpY3MgLnRleHQwMXsKCWZvbnQtc2l6ZTogMThweDsKCWZvbnQtd2VpZ2h0OiBib2xkOwoJY29sb3I6ICNkMzAyMDI7Cn0KCiN0b3BfdG9waWNzIC50ZXh0MDJ7Cgljb2xvcjogI2QzMDIwMjsKCn0KCjwvc3R5bGU+CgoKPCEtLTxkaXYgaWQ9InRvcF90b3BpY3MiIGFsaWduPSJjZW50ZXIiPjwvZGl2Pi0tPgo8IS0tPHAgY2xhc3M9InRleHQwMSI+MjAxNcTqIKSipLGk3qS3pMakqqThpMekyKSmpLSktqSkpN6kuTwvcD4tLT4KPGltZyBzcmM9Imh0dHA6Ly9pbWFnZS5yYWt1dGVuLmNvLmpwL3R1a3VydXRhbm9zaW1pL2NhYmluZXQvci10b3AvdG9rdXNodXUvdGllbl9iLmpwZyIgCmFsdD0i1ru98aGipLTXos7EpKy77KTfus+kw6TGpKSk66S/pOGhorBry82ky6SqyNWky6TBpPKkpKS/pMCkpKTGpKqk6qTepLmho7rO1+SktMHLs9DZbqTqpN6kuaTopKakqu6KpKTJ6qS3yc+ksqTepLmhowqh+dLuyNWktM+jzfukzqSqusnO76Ti31ek7KSsyfqkuKTriPa6z6SspLSktqSkpN6kuaTOpMehotPopOGktMHLs9Ckr6TApLWkpKGjIiAvPgoKPCEtLSA8cD7Wu73xoaKktNeizsSkrLvspN+6z6TDpMakpKTrpL+k4aGisGvLzaTLpKrI1aTLpMGk8qSkpL+kwKSkpMakqqTqpN6kuaGjPGJyIC8+us7X5KS0wcuz0NlupOqk3qS5pOikpqSq7oqkpMnqpLfJz6SypN6kuaGjPGJyIC8+CqH50u7I1aS0z6PN+6TOpKq6yc7vpOLfV6TspKzJ+qS4pOuI9rrPpKyktKS2pKSk3qS5pM6kx6Gi0+ik4aS0wcuz0KSvpMCktaSkoaM8L3A+LS0tPg==,ob4gpa+l6qW5pd6luSClwaXjqWCl4CChv6WvpeqluaXepbml6qlgpblXMS40JnRpbWVzO0gyLjVjbaO6ytbcv7LEwc+kzoyf6VS16qGhpMSkr6TrmFOkt6Tf,yfq12LK89Om/2r3wpKyk3r/apcipYKXrpdqlpKXzpci5UKXRpcOlwaXvqWClr6WtpeulyKWrpeulyKXKqWCluKXlpM+ksaTPpPOks6W5pb+l86XXpMSkr6TrmFOkt6Tfob4gpa+l6qW5pd6luSClwaXjqWCl4CChv6WvpeqluaXepbml6qlgpblXMS40JnRpbWVzO0gyLjVjbQ==,Q00tNSChviClr6Xqpbml3qW5IKXBpeOpYKXgIKG/pa+l6qW5pd6luaXqqWCluVcxLjQmdGltZXM7SDIuNWNtoaOhviClr6Xqpbml3qW5IKXBpeOpYKXgIKG/pa+l6qW5pd6luaXqqWCluVcxLjQmdGltZXM7SDIuNWNt[rn]
25-29700,aHR0cDovL3RzaG9wLnIxMHMuanAvdHVrdXJ1dGFub3NpbWkvY2FiaW5ldC84L2NtLTIuanBnP2ZpdGluPTcwMDo3MDA=,Mzk2LjAwMDA=,,yNXTw8a362rYmz/OxLe/vt8/ytbcvyA+IMrW3L8/pa+l6aXVpcg/yfq12CA+IKWipa+lu6W1peqpYKWvpeml1aXIssTBzyA+IKWipa+ltaXqqWCl0algpcQgPiCkvaTOy/s=,ob4gpa+l6qW5pd6luSClwaXjqWCl4CChv6W5pc6pYCDRqaTOvVm+pyCmtTIuMWNt,Q00tMiChviClr6Xqpbml3qW5IKXBpeOpYKXgIKG/pbmlzqlgINGppM69Wb6nIKa1Mi4xY20=,pa+l6qW5pd6ludPDpM6l2qXzpcCl86XIpcilw6XXpMqkyaTLpaqluaW5peGkztGppM69Wb6n0M2kzqXBpeOpYKXgpMekuaGjPGJyPrHtw+akz6W3peul0KlgysvJz6SypM69Wb6nxKOYlKGiPGJyPtFZw+akz7DXpMfW0NHrpMulq6XDpcjKr6SspM+k4d56pPOkx6SkpOukzqTHoaLRWbHtpMeYU6S3pOGk68rLmJSkx6S5oaM8YnI+PGJyPqa1Mi4xY208YnI+PGJyPjxpbWcgc3JjPSJodHRwczovL2ltYWdlLnJha3V0ZW4uY28uanAvdHVrdXJ1dGFub3NpbWkvY2FiaW5ldC9tYWlsX29rLmpwZyIgLz48c3R5bGUgdHlwZT0idGV4dC9jc3MiPgojdG9wX3RvcGljc3sKCWJvcmRlcjogMnB4IHNvbGlkICNkMzAyMDI7CglwYWRkaW5nOiAxMHB4OwoJbWFyZ2luLWJvdHRvbToxMHB4OwoJbWFyZ2luLWJvdHRvbTowcHg7Cglmb250LXNpemU6IDEzcHg7Cn0KCiN0b3BfdG9waWNzIC50ZXh0MDF7Cglmb250LXNpemU6IDE4cHg7Cglmb250LXdlaWdodDogYm9sZDsKCWNvbG9yOiAjZDMwMjAyOwp9CgojdG9wX3RvcGljcyAudGV4dDAyewoJY29sb3I6ICNkMzAyMDI7Cgp9Cgo8L3N0eWxlPgoKCjwhLS08ZGl2IGlkPSJ0b3BfdG9waWNzIiBhbGlnbj0iY2VudGVyIj48L2Rpdj4tLT4KPCEtLTxwIGNsYXNzPSJ0ZXh0MDEiPjIwMTXE6iCkoqSxpN6kt6TGpKqk4aTHpMikpqS0pLakpKTepLk8L3A+LS0+CjxpbWcgc3JjPSJodHRwOi8vaW1hZ2UucmFrdXRlbi5jby5qcC90dWt1cnV0YW5vc2ltaS9jYWJpbmV0L3ItdG9wL3Rva3VzaHV1L3RpZW5fYi5qcGciIAphbHQ9Ita7vfGhoqS016LOxKSsu+yk37rPpMOkxqSkpOukv6ThoaKwa8vNpMukqsjVpMukwaTypKSkv6TApKSkxqSqpOqk3qS5oaO6ztfkpLTBy7PQ2W6k6qTepLmk6KSmpKruiqSkyeqkt8nPpLKk3qS5oaMKofnS7sjVpLTPo837pM6kqrrJzu+k4t9XpOykrMn6pLik64j2us+krKS0pLakpKTepLmkzqTHoaLT6KThpLTBy7PQpK+kwKS1pKShoyIgLz4KCjwhLS0gPHA+1ru98aGipLTXos7EpKy77KTfus+kw6TGpKSk66S/pOGhorBry82ky6SqyNWky6TBpPKkpKS/pMCkpKTGpKqk6qTepLmhozxiciAvPrrO1+SktMHLs9DZbqTqpN6kuaTopKakqu6KpKTJ6qS3yc+ksqTepLmhozxiciAvPgqh+dLuyNWktM+jzfukzqSqusnO76Ti31ek7KSsyfqkuKTriPa6z6SspLSktqSkpN6kuaTOpMehotPopOGktMHLs9Ckr6TApLWkpKGjPC9wPi0tLT4=,ob4gpa+l6qW5pd6luSClwaXjqWCl4CChv6W5pc6pYCDRqaTOvVm+pyCmtTIuMWNto7rK1ty/ssTBz6TOjJ/pVLXqoaGkxKSvpOuYU6S3pN8=,yfq12LK89Om/2r3wpKyk3r/apcipYKXrpdqlpKXzpci5UKXRpcOlwaXvqWClr6WtpeulyKWrpeulyKXKqWCluKXlpM+ksaTPpPOks6W5pb+l86XXpMSkr6TrmFOkt6Tfob4gpa+l6qW5pd6luSClwaXjqWCl4CChv6W5pc6pYCDRqaTOvVm+pyCmtTIuMWNt,Q00tMiChviClr6Xqpbml3qW5IKXBpeOpYKXgIKG/pbmlzqlgINGppM69Wb6nIKa1Mi4xY22ho6G+IKWvpeqluaXepbkgpcGl46lgpeAgob+luaXOqWAg0amkzr1ZvqcgprUyLjFjbQ==[rn]
